nan = None;  NAN = None
nan = 0
reports = []
class ValErr:
    def __init__(self, value, error, antisym):
        self.value, self.error, self.antisym = value, error, antisym

    def __repr__(self):
        if self.antisym == 0.:
            return "%g +- %g" % (self.value, self.error)
        else:
            return "%g +- %g ~ %g" % (self.value, self.error, self.antisym)

class Report:
    def __init__(self, chamberId, postal_address, name):
        self.chamberId, self.postal_address, self.name = chamberId, postal_address, name
        self.status = "NOFIT"
        self.fittype = None
        self.CovMatrix = None

    def add_parameters(self, deltax, deltay, deltaz, deltaphix, deltaphiy, deltaphiz, loglikelihood, numsegments, sumofweights, redchi2):
        self.status = "PASS"
        self.deltax, self.deltay, self.deltaz, self.deltaphix, self.deltaphiy, self.deltaphiz = deltax, deltay, deltaz, deltaphix, deltaphiy, deltaphiz
        self.loglikelihood, self.numsegments, self.sumofweights, self.redchi2 = loglikelihood, numsegments, sumofweights, redchi2

    def add_stats(self, median_x, median_y, median_dxdz, median_dydz, mean30_x, mean30_y, mean20_dxdz, mean50_dydz, mean15_x, mean15_y, mean10_dxdz, mean25_dydz, wmean30_x, wmean30_y, wmean20_dxdz, wmean50_dydz, wmean15_x, wmean15_y, wmean10_dxdz, wmean25_dydz, stdev30_x, stdev30_y, stdev20_dxdz, stdev50_dydz, stdev15_x, stdev15_y, stdev10_dxdz, stdev25_dydz):
        self.median_x, self.median_y, self.median_dxdz, self.median_dydz, self.mean30_x, self.mean30_y, self.mean20_dxdz, self.mean50_dydz, self.mean15_x, self.mean15_y, self.mean10_dxdz, self.mean25_dydz, self.wmean30_x, self.wmean30_y, self.wmean20_dxdz, self.wmean50_dydz, self.wmean15_x, self.wmean15_y, self.wmean10_dxdz, self.wmean25_dydz, self.stdev30_x, self.stdev30_y, self.stdev20_dxdz, self.stdev50_dydz, self.stdev15_x, self.stdev15_y, self.stdev10_dxdz, self.stdev25_dydz = median_x, median_y, median_dxdz, median_dydz, mean30_x, mean30_y, mean20_dxdz, mean50_dydz, mean15_x, mean15_y, mean10_dxdz, mean25_dydz, wmean30_x, wmean30_y, wmean20_dxdz, wmean50_dydz, wmean15_x, wmean15_y, wmean10_dxdz, wmean25_dydz, stdev30_x, stdev30_y, stdev20_dxdz, stdev50_dydz, stdev15_x, stdev15_y, stdev10_dxdz, stdev25_dydz

    def __repr__(self):
        return "<Report %s %s %s>" % (self.postal_address[0], " ".join(map(str, self.postal_address[1:])), self.status)

reports.append(Report(574914560, ("DT", -2, 1, 1), "MBwhAst1sec01"))
reports[-1].posNum = 2704
reports[-1].negNum = 0
reports[-1].fittype = "6DOF"
reports[-1].add_parameters(ValErr(-0.0586229, 0.0170656, 0), \
                           ValErr(0.424232, 0.137662, 0), \
                           ValErr(-0.188886, 0.111715, 0), \
                           ValErr(0.00043451, 0.000379489, 0), \
                           ValErr(-0.000457928, 0.000409318, 0), \
                           ValErr(-0.000194688, 0.000273951, 0), \
                           -6601.87, 2704, 2704, -nan)
reports[-1].sigmax = ValErr(0.676061, 0.00919339, 0)
reports[-1].sigmay = ValErr(0.995127, 0.0135323, 0)
reports[-1].sigmadxdz = ValErr(0, 0, 0)
reports[-1].sigmadydz = ValErr(0, 0, 0)
reports[-1].add_stats(-0.0912101, 0.185666, 5.2583e-05, -0.00230997, -0.0775931, 0.191548, 7.77108e-05, -0.00186185, -0.0775931, 0.191548, 7.77108e-05, -0.00186185, -0.0757627, 0.188861, 8.27379e-05, -0.00219431, -0.0757627, 0.188861, 8.27379e-05, -0.00219431, 0.676397, 0.995372, 0.00348095, 0.0319684, 0.676397, 0.995372, 0.00348095, 0.0319684)
reports[-1].CovMatrix = ['0.000291236','0.00136458','-0.00111916','1.91146e-06','-7.56098e-07','-1.21526e-06','4.78068e-07','-4.87216e-07','0','0','0','0','0.00136458','0.0189508','-0.015214','2.73994e-05','-4.96621e-06','-2.6184e-07','4.34049e-06','-4.29246e-06','0','0','0','0','-0.00111916','-0.015214','0.0124803','-2.08068e-05','4.10197e-06','3.54071e-07','-3.76636e-06','4.06575e-06','0','0','0','0','1.91146e-06','2.73994e-05','-2.08068e-05','1.44012e-07','2.23911e-10','8.30501e-09','-7.47434e-09','1.88431e-08','0','0','0','0','-7.56098e-07','-4.96621e-06','4.10197e-06','2.23911e-10','1.67541e-07','6.12874e-08','-1.2833e-08','2.63327e-08','0','0','0','0','-1.21526e-06','-2.6184e-07','3.54071e-07','8.30501e-09','6.12874e-08','7.50492e-08','-6.64236e-09','1.46415e-08','0','0','0','0','4.78068e-07','4.34049e-06','-3.76636e-06','-7.47434e-09','-1.2833e-08','-6.64236e-09','8.45189e-05','-6.07066e-09','0','0','0','0','-4.87216e-07','-4.29246e-06','4.06575e-06','1.88431e-08','2.63327e-08','1.46415e-08','-6.07066e-09','0.000183125','0','0','0','0','0','0','0','0','0','0','0','0','0','0','0','0','0','0','0','0','0','0','0','0','0','0','0','0','0','0','0','0','0','0','0','0','0','0','0','0','0','0','0','0','0','0','0','0','0','0','0','0']

reports.append(Report(575176704, ("DT", -2, 1, 2), "MBwhAst1sec02"))
reports[-1].posNum = 1850
reports[-1].negNum = 0
reports[-1].fittype = "6DOF"
reports[-1].add_parameters(ValErr(0.0293734, 0.0186864, 0), \
                           ValErr(0.26583, 0.158324, 0), \
                           ValErr(-0.23208, 0.128694, 0), \
                           ValErr(-5.49333e-05, 0.000586779, 0), \
                           ValErr(1.24356e-05, 0.000692596, 0), \
                           ValErr(-0.00023328, 0.000291171, 0), \
                           -4436.8, 1850, 1850, -nan)
reports[-1].sigmax = ValErr(0.682106, 0.0111057, 0)
reports[-1].sigmay = ValErr(0.944566, 0.0154093, 0)
reports[-1].sigmadxdz = ValErr(0, 0, 0)
reports[-1].sigmadydz = ValErr(0, 0, 0)
reports[-1].add_stats(0.00276352, -0.0085951, 0.000904085, -0.00263133, 0.0050893, -0.00785684, 0.000939883, -0.00166963, 0.0050893, -0.00785684, 0.000939883, -0.00166963, 0.00997218, -0.022869, 0.000909322, -0.00181659, 0.00997218, -0.022869, 0.000909322, -0.00181659, 0.682602, 0.945166, 0.00354468, 0.0330035, 0.682602, 0.945166, 0.00354468, 0.0330035)
reports[-1].CovMatrix = ['0.000349181','0.00165217','-0.0013683','1.90396e-06','-3.22527e-07','-1.46362e-06','9.00813e-06','-2.89593e-06','0','0','0','0','0.00165217','0.0250663','-0.0199593','3.98739e-05','-1.45183e-05','1.58173e-06','7.80007e-05','-1.71308e-05','0','0','0','0','-0.0013683','-0.0199593','0.0165622','-2.33377e-05','1.23372e-05','-5.25631e-07','-6.98693e-05','1.87587e-05','0','0','0','0','1.90396e-06','3.98739e-05','-2.33377e-05','3.44309e-07','-3.28643e-08','2.60139e-08','-7.02521e-09','8.04445e-08','0','0','0','0','-3.22527e-07','-1.45183e-05','1.23372e-05','-3.28643e-08','4.7969e-07','6.29916e-08','-9.45441e-08','1.59676e-08','0','0','0','0','-1.46362e-06','1.58173e-06','-5.25631e-07','2.60139e-08','6.29916e-08','8.47807e-08','-6.77374e-08','5.17092e-08','0','0','0','0','9.00813e-06','7.80007e-05','-6.98693e-05','-7.02521e-09','-9.45441e-08','-6.77374e-08','0.000123338','-1.82132e-06','0','0','0','0','-2.89593e-06','-1.71308e-05','1.87587e-05','8.04445e-08','1.59676e-08','5.17092e-08','-1.82132e-06','0.000237447','0','0','0','0','0','0','0','0','0','0','0','0','0','0','0','0','0','0','0','0','0','0','0','0','0','0','0','0','0','0','0','0','0','0','0','0','0','0','0','0','0','0','0','0','0','0','0','0','0','0','0','0']

reports.append(Report(575438848, ("DT", -2, 1, 3), "MBwhAst1sec03"))
reports[-1].posNum = 1985
reports[-1].negNum = 0
reports[-1].fittype = "6DOF"
reports[-1].add_parameters(ValErr(0.00726824, 0.020411, 0), \
                           ValErr(-0.04246, 0.1537, 0), \
                           ValErr(-0.0863786, 0.124761, 0), \
                           ValErr(-0.000255145, 0.00043282, 0), \
                           ValErr(8.46666e-05, 0.000461273, 0), \
                           ValErr(-0.000301863, 0.000310402, 0), \
                           -4812.95, 1985, 1985, -nan)
reports[-1].sigmax = ValErr(0.66288, 0.010521, 0)
reports[-1].sigmay = ValErr(0.997954, 0.0158396, 0)
reports[-1].sigmadxdz = ValErr(0, 0, 0)
reports[-1].sigmadydz = ValErr(0, 0, 0)
reports[-1].add_stats(-0.0136292, -0.158113, 1.73669e-05, -0.000567635, -0.00816847, -0.140387, 3.96427e-06, 0.0001283, -0.00816847, -0.140387, 3.96427e-06, 0.0001283, 0.00175414, -0.148583, -4.85563e-05, 0.000225829, 0.00175414, -0.148583, -4.85563e-05, 0.000225829, 0.662918, 0.998678, 0.00338992, 0.0316116, 0.662918, 0.998678, 0.00338992, 0.0316116)
reports[-1].CovMatrix = ['0.000416611','0.00191249','-0.00156693','2.64816e-06','-1.1262e-06','-1.77209e-06','6.86723e-07','-7.08938e-07','0','0','0','0','0.00191249','0.0236236','-0.018941','3.42069e-05','-5.65788e-06','6.31957e-08','1.83196e-06','1.58083e-07','0','0','0','0','-0.00156693','-0.018941','0.0155652','-2.54792e-05','5.26449e-06','1.61036e-07','-1.73419e-06','5.94599e-07','0','0','0','0','2.64816e-06','3.42069e-05','-2.54792e-05','1.87333e-07','-2.06374e-09','1.23748e-08','-1.62457e-08','3.53123e-08','0','0','0','0','-1.1262e-06','-5.65788e-06','5.26449e-06','-2.06374e-09','2.12773e-07','7.85201e-08','2.25032e-08','-2.34542e-08','0','0','0','0','-1.77209e-06','6.31957e-08','1.61036e-07','1.23748e-08','7.85201e-08','9.63494e-08','-1.274e-08','2.57893e-08','0','0','0','0','6.86723e-07','1.83196e-06','-1.73419e-06','-1.62457e-08','2.25032e-08','-1.274e-08','0.000110692','-1.72834e-08','0','0','0','0','-7.08938e-07','1.58083e-07','5.94599e-07','3.53123e-08','-2.34542e-08','2.57893e-08','-1.72834e-08','0.000250896','0','0','0','0','0','0','0','0','0','0','0','0','0','0','0','0','0','0','0','0','0','0','0','0','0','0','0','0','0','0','0','0','0','0','0','0','0','0','0','0','0','0','0','0','0','0','0','0','0','0','0','0']

reports.append(Report(575700992, ("DT", -2, 1, 4), "MBwhAst1sec04"))
reports[-1].posNum = 2666
reports[-1].negNum = 0
reports[-1].fittype = "6DOF"
reports[-1].add_parameters(ValErr(-0.0852525, 0.017462, 0), \
                           ValErr(0.303109, 0.150059, 0), \
                           ValErr(-0.231576, 0.121618, 0), \
                           ValErr(0.000562887, 0.000386906, 0), \
                           ValErr(-0.000437641, 0.000422651, 0), \
                           ValErr(0.000538736, 0.000272237, 0), \
                           -6593.63, 2666, 2666, -nan)
reports[-1].sigmax = ValErr(0.68944, 0.009442, 0)
reports[-1].sigmay = ValErr(1.00727, 0.0137943, 0)
reports[-1].sigmadxdz = ValErr(0, 0, 0)
reports[-1].sigmadydz = ValErr(0, 0, 0)
reports[-1].add_stats(-0.111969, -0.00817703, 0.000553923, -0.00257418, -0.0959019, 0.015783, 0.000543472, -0.0018985, -0.0959019, 0.015783, 0.000543472, -0.0018985, -0.0855154, 0.0143559, 0.000491446, -0.00198347, -0.0855154, 0.0143559, 0.000491446, -0.00198347, 0.690351, 1.00829, 0.00353447, 0.033886, 0.690351, 1.00829, 0.00353447, 0.033886)
reports[-1].CovMatrix = ['0.00030492','0.00158452','-0.00129655','2.30314e-06','-4.54382e-07','-8.20993e-07','-1.26267e-08','2.91665e-07','0','0','0','0','0.00158452','0.0225176','-0.0180873','3.29815e-05','-4.59576e-06','8.54485e-07','-1.93174e-06','5.36277e-06','0','0','0','0','-0.00129655','-0.0180873','0.0147909','-2.58539e-05','3.53865e-06','-6.08717e-07','1.48128e-06','-4.02913e-06','0','0','0','0','2.30314e-06','3.29815e-05','-2.58539e-05','1.49696e-07','-1.61876e-09','9.37975e-09','-1.05258e-08','2.34262e-08','0','0','0','0','-4.54382e-07','-4.59576e-06','3.53865e-06','-1.61876e-09','1.78634e-07','5.98071e-08','7.0454e-09','-2.73597e-09','0','0','0','0','-8.20993e-07','8.54485e-07','-6.08717e-07','9.37975e-09','5.98071e-08','7.41128e-08','-6.35501e-11','5.1071e-09','0','0','0','0','-1.26267e-08','-1.93174e-06','1.48128e-06','-1.05258e-08','7.0454e-09','-6.35501e-11','8.91517e-05','-1.89134e-09','0','0','0','0','2.91665e-07','5.36277e-06','-4.02913e-06','2.34262e-08','-2.73597e-09','5.1071e-09','-1.89134e-09','0.000190285','0','0','0','0','0','0','0','0','0','0','0','0','0','0','0','0','0','0','0','0','0','0','0','0','0','0','0','0','0','0','0','0','0','0','0','0','0','0','0','0','0','0','0','0','0','0','0','0','0','0','0','0']

reports.append(Report(575963136, ("DT", -2, 1, 5), "MBwhAst1sec05"))
reports[-1].posNum = 2460
reports[-1].negNum = 0
reports[-1].fittype = "6DOF"
reports[-1].add_parameters(ValErr(-0.00796187, 0.0179769, 0), \
                           ValErr(-0.0298462, 0.146307, 0), \
                           ValErr(-0.0241138, 0.11881, 0), \
                           ValErr(-0.000634029, 0.000387379, 0), \
                           ValErr(0.000419096, 0.000429148, 0), \
                           ValErr(-0.00026399, 0.000272116, 0), \
                           -5958.39, 2460, 2460, -nan)
reports[-1].sigmax = ValErr(0.666232, 0.00949849, 0)
reports[-1].sigmay = ValErr(0.990395, 0.0141201, 0)
reports[-1].sigmadxdz = ValErr(0, 0, 0)
reports[-1].sigmadydz = ValErr(0, 0, 0)
reports[-1].add_stats(-0.0102618, -0.0497115, 3.91546e-05, -0.000251685, -0.0159968, -0.0491711, 2.60167e-05, -0.000270025, -0.0159968, -0.0491711, 2.60167e-05, -0.000270025, -0.00656107, -0.0553178, -5.30143e-05, -0.00081271, -0.00656107, -0.0553178, -5.30143e-05, -0.00081271, 0.666122, 0.992193, 0.00338407, 0.0334768, 0.666122, 0.992193, 0.00338407, 0.0334768)
reports[-1].CovMatrix = ['0.000323167','0.00162384','-0.00133107','2.30627e-06','-7.47969e-07','-1.13834e-06','4.07455e-07','3.46308e-07','0','0','0','0','0.00162384','0.0214058','-0.0172091','3.08865e-05','-7.12762e-06','-1.47491e-06','1.50926e-06','-5.48403e-08','0','0','0','0','-0.00133107','-0.0172091','0.0141157','-2.39319e-05','6.08063e-06','1.33493e-06','-1.388e-06','-4.27794e-07','0','0','0','0','2.30627e-06','3.08865e-05','-2.39319e-05','1.50062e-07','9.09609e-10','6.70441e-09','-1.03217e-08','-2.35768e-08','0','0','0','0','-7.47969e-07','-7.12762e-06','6.08063e-06','9.09609e-10','1.84168e-07','6.047e-08','1.46024e-08','1.37557e-08','0','0','0','0','-1.13834e-06','-1.47491e-06','1.33493e-06','6.70441e-09','6.047e-08','7.4047e-08','-7.14927e-09','-1.54202e-08','0','0','0','0','4.07455e-07','1.50926e-06','-1.388e-06','-1.03217e-08','1.46024e-08','-7.14927e-09','9.02218e-05','8.31644e-09','0','0','0','0','3.46308e-07','-5.48403e-08','-4.27794e-07','-2.35768e-08','1.37557e-08','-1.54202e-08','8.31644e-09','0.000199379','0','0','0','0','0','0','0','0','0','0','0','0','0','0','0','0','0','0','0','0','0','0','0','0','0','0','0','0','0','0','0','0','0','0','0','0','0','0','0','0','0','0','0','0','0','0','0','0','0','0','0','0']

reports.append(Report(576225280, ("DT", -2, 1, 6), "MBwhAst1sec06"))
reports[-1].posNum = 2165
reports[-1].negNum = 0
reports[-1].fittype = "6DOF"
reports[-1].add_parameters(ValErr(0.0298301, 0.020876, 0), \
                           ValErr(0.0539128, 0.15752, 0), \
                           ValErr(0.0147216, 0.127813, 0), \
                           ValErr(0.000284182, 0.000432995, 0), \
                           ValErr(0.000141732, 0.00047299, 0), \
                           ValErr(-0.000116604, 0.000309427, 0), \
                           -5359.7, 2165, 2165, -nan)
reports[-1].sigmax = ValErr(0.681809, 0.0103616, 0)
reports[-1].sigmay = ValErr(1.02096, 0.0155158, 0)
reports[-1].sigmadxdz = ValErr(0, 0, 0)
reports[-1].sigmadydz = ValErr(0, 0, 0)
reports[-1].add_stats(0.000255585, 0.0469003, -0.000129283, -0.00415558, 0.0272414, 0.0635944, -0.000108513, -0.00311628, 0.0272414, 0.0635944, -0.000108513, -0.00311628, 0.0344803, 0.0631997, -0.000126094, -0.00291143, 0.0344803, 0.0631997, -0.000126094, -0.00291143, 0.681891, 1.02113, 0.00348881, 0.0329488, 0.681891, 1.02113, 0.00348881, 0.0329488)
reports[-1].CovMatrix = ['0.000435808','0.0021168','-0.00173118','2.9111e-06','-1.24014e-06','-1.81329e-06','-9.47409e-08','4.78203e-07','0','0','0','0','0.0021168','0.0248124','-0.0199053','3.56939e-05','-6.44242e-06','-3.48999e-07','-1.55909e-06','5.43698e-06','0','0','0','0','-0.00173118','-0.0199053','0.0163361','-2.66753e-05','6.29745e-06','5.24791e-07','1.02341e-06','-3.69411e-06','0','0','0','0','2.9111e-06','3.56939e-05','-2.66753e-05','1.87484e-07','2.0704e-09','1.29909e-08','-9.30937e-09','2.52067e-08','0','0','0','0','-1.24014e-06','-6.44242e-06','6.29745e-06','2.0704e-09','2.2372e-07','7.77903e-08','-2.47691e-08','4.74448e-08','0','0','0','0','-1.81329e-06','-3.48999e-07','5.24791e-07','1.29909e-08','7.77903e-08','9.57449e-08','-2.14348e-09','9.43483e-09','0','0','0','0','-9.47409e-08','-1.55909e-06','1.02341e-06','-9.30937e-09','-2.47691e-08','-2.14348e-09','0.000107363','-7.40619e-09','0','0','0','0','4.78203e-07','5.43698e-06','-3.69411e-06','2.52067e-08','4.74448e-08','9.43483e-09','-7.40619e-09','0.000240744','0','0','0','0','0','0','0','0','0','0','0','0','0','0','0','0','0','0','0','0','0','0','0','0','0','0','0','0','0','0','0','0','0','0','0','0','0','0','0','0','0','0','0','0','0','0','0','0','0','0','0','0']

reports.append(Report(576487424, ("DT", -2, 1, 7), "MBwhAst1sec07"))
reports[-1].posNum = 2898
reports[-1].negNum = 0
reports[-1].fittype = "6DOF"
reports[-1].add_parameters(ValErr(-0.0317693, 0.0161389, 0), \
                           ValErr(0.0915739, 0.134749, 0), \
                           ValErr(0.137051, 0.109164, 0), \
                           ValErr(0.000274533, 0.000377676, 0), \
                           ValErr(7.81259e-05, 0.000404512, 0), \
                           ValErr(-0.000110247, 0.000267708, 0), \
                           -7141.64, 2898, 2898, -nan)
reports[-1].sigmax = ValErr(0.676123, 0.00888087, 0)
reports[-1].sigmay = ValErr(1.01795, 0.0133705, 0)
reports[-1].sigmadxdz = ValErr(0, 0, 0)
reports[-1].sigmadydz = ValErr(0, 0, 0)
reports[-1].add_stats(-0.0210991, 0.263259, 0.000163858, -0.000923286, -0.0228792, 0.251299, 0.000167005, -0.00092139, -0.0228792, 0.251299, 0.000167005, -0.00092139, -0.0198594, 0.258085, 0.000133524, -0.0010532, -0.0198594, 0.258085, 0.000133524, -0.0010532, 0.67634, 1.01845, 0.00344369, 0.0324725, 0.67634, 1.01845, 0.00344369, 0.0324725)
reports[-1].CovMatrix = ['0.000260464','0.00124224','-0.00101791','1.77029e-06','-4.90604e-07','-8.86623e-07','3.10608e-07','-2.52671e-07','0','0','0','0','0.00124224','0.0181574','-0.0145526','2.64165e-05','-3.78796e-06','1.22605e-06','3.65471e-06','-3.45023e-06','0','0','0','0','-0.00101791','-0.0145526','0.0119168','-2.02195e-05','2.85489e-06','-8.97541e-07','-3.00609e-06','3.05665e-06','0','0','0','0','1.77029e-06','2.64165e-05','-2.02195e-05','1.42639e-07','-2.73695e-09','1.00108e-08','5.33673e-09','-5.02963e-10','0','0','0','0','-4.90604e-07','-3.78796e-06','2.85489e-06','-2.73695e-09','1.6363e-07','5.81357e-08','1.00167e-08','-7.94278e-09','0','0','0','0','-8.86623e-07','1.22605e-06','-8.97541e-07','1.00108e-08','5.81357e-08','7.16676e-08','4.96881e-09','-2.60782e-09','0','0','0','0','3.10608e-07','3.65471e-06','-3.00609e-06','5.33673e-09','1.00167e-08','4.96881e-09','7.88701e-05','-1.33144e-09','0','0','0','0','-2.52671e-07','-3.45023e-06','3.05665e-06','-5.02963e-10','-7.94278e-09','-2.60782e-09','-1.33144e-09','0.000178772','0','0','0','0','0','0','0','0','0','0','0','0','0','0','0','0','0','0','0','0','0','0','0','0','0','0','0','0','0','0','0','0','0','0','0','0','0','0','0','0','0','0','0','0','0','0','0','0','0','0','0','0']

reports.append(Report(576749568, ("DT", -2, 1, 8), "MBwhAst1sec08"))
reports[-1].posNum = 2724
reports[-1].negNum = 0
reports[-1].fittype = "6DOF"
reports[-1].add_parameters(ValErr(0.0372003, 0.0168237, 0), \
                           ValErr(-0.0987884, 0.141414, 0), \
                           ValErr(0.106024, 0.114767, 0), \
                           ValErr(-0.000615574, 0.000378569, 0), \
                           ValErr(0.000349015, 0.000414499, 0), \
                           ValErr(0.00018362, 0.000266097, 0), \
                           -6598.22, 2724, 2724, -nan)
reports[-1].sigmax = ValErr(0.666412, 0.00902869, 0)
reports[-1].sigmay = ValErr(0.990272, 0.0134165, 0)
reports[-1].sigmadxdz = ValErr(0, 0, 0)
reports[-1].sigmadydz = ValErr(0, 0, 0)
reports[-1].add_stats(0.053085, 0.0209944, 0.000761442, -0.000981355, 0.0488512, 0.0382194, 0.000748341, -0.0014909, 0.0488512, 0.0382194, 0.000748341, -0.0014909, 0.0524882, 0.0375991, 0.00074759, -0.00137771, 0.0524882, 0.0375991, 0.00074759, -0.00137771, 0.666579, 0.990675, 0.00344089, 0.0333582, 0.666579, 0.990675, 0.00344089, 0.0333582)
reports[-1].CovMatrix = ['0.000283038','0.00141296','-0.00115895','1.99022e-06','-7.53453e-07','-1.19017e-06','7.01389e-08','1.11595e-07','0','0','0','0','0.00141296','0.0199978','-0.0160705','2.89031e-05','-6.47308e-06','-1.9049e-06','-3.42677e-07','2.56785e-06','0','0','0','0','-0.00115895','-0.0160705','0.0131714','-2.22467e-05','5.28696e-06','1.70159e-06','1.93686e-07','-1.75075e-06','0','0','0','0','1.99022e-06','2.89031e-05','-2.22467e-05','1.43314e-07','5.38084e-09','5.89635e-09','-6.8472e-09','1.79223e-08','0','0','0','0','-7.53453e-07','-6.47308e-06','5.28696e-06','5.38084e-09','1.71809e-07','5.80957e-08','-2.1318e-09','1.05064e-08','0','0','0','0','-1.19017e-06','-1.9049e-06','1.70159e-06','5.89635e-09','5.80957e-08','7.08076e-08','-9.25878e-10','5.76997e-09','0','0','0','0','7.01389e-08','-3.42677e-07','1.93686e-07','-6.8472e-09','-2.1318e-09','-9.25878e-10','8.15175e-05','-1.02005e-09','0','0','0','0','1.11595e-07','2.56785e-06','-1.75075e-06','1.79223e-08','1.05064e-08','5.76997e-09','-1.02005e-09','0.000180003','0','0','0','0','0','0','0','0','0','0','0','0','0','0','0','0','0','0','0','0','0','0','0','0','0','0','0','0','0','0','0','0','0','0','0','0','0','0','0','0','0','0','0','0','0','0','0','0','0','0','0','0']

reports.append(Report(577011712, ("DT", -2, 1, 9), "MBwhAst1sec09"))
reports[-1].posNum = 1736
reports[-1].negNum = 0
reports[-1].fittype = "6DOF"
reports[-1].add_parameters(ValErr(-0.0721263, 0.0200671, 0), \
                           ValErr(-0.0590713, 0.168506, 0), \
                           ValErr(0.00174301, 0.136552, 0), \
                           ValErr(0.000569292, 0.000462699, 0), \
                           ValErr(0.000812853, 0.000487811, 0), \
                           ValErr(0.000199095, 0.000333588, 0), \
                           -4178.49, 1736, 1736, -nan)
reports[-1].sigmax = ValErr(0.66845, 0.0113448, 0)
reports[-1].sigmay = ValErr(0.972278, 0.0165014, 0)
reports[-1].sigmadxdz = ValErr(0, 0, 0)
reports[-1].sigmadydz = ValErr(0, 0, 0)
reports[-1].add_stats(-0.0939058, -0.0653198, 0.00026405, -0.00433476, -0.0738676, -0.0618846, 0.000182415, -0.00235851, -0.0738676, -0.0618846, 0.000182415, -0.00235851, -0.0666567, -0.0757918, 0.000183757, -0.00269502, -0.0666567, -0.0757918, 0.000183757, -0.00269502, 0.66854, 0.973628, 0.00344371, 0.0333606, 0.66854, 0.973628, 0.00344371, 0.0333606)
reports[-1].CovMatrix = ['0.00040269','0.00187835','-0.00153949','2.75769e-06','-4.14221e-07','-1.02922e-06','-2.17487e-07','6.57914e-07','0','0','0','0','0.00187835','0.0283942','-0.0227757','4.20783e-05','-3.92667e-06','3.29205e-06','-2.89575e-06','7.39406e-06','0','0','0','0','-0.00153949','-0.0227757','0.0186464','-3.27413e-05','2.6339e-06','-2.59426e-06','2.78537e-06','-6.36238e-06','0','0','0','0','2.75769e-06','4.20783e-05','-3.27413e-05','2.1409e-07','-9.65264e-09','1.57443e-08','2.48653e-08','-2.54319e-08','0','0','0','0','-4.14221e-07','-3.92667e-06','2.6339e-06','-9.65264e-09','2.3796e-07','8.86527e-08','-3.03632e-08','5.47435e-08','0','0','0','0','-1.02922e-06','3.29205e-06','-2.59426e-06','1.57443e-08','8.86527e-08','1.11281e-07','9.2193e-10','6.38981e-09','0','0','0','0','-2.17487e-07','-2.89575e-06','2.78537e-06','2.48653e-08','-3.03632e-08','9.2193e-10','0.000128706','-1.64267e-08','0','0','0','0','6.57914e-07','7.39406e-06','-6.36238e-06','-2.54319e-08','5.47435e-08','6.38981e-09','-1.64267e-08','0.000272298','0','0','0','0','0','0','0','0','0','0','0','0','0','0','0','0','0','0','0','0','0','0','0','0','0','0','0','0','0','0','0','0','0','0','0','0','0','0','0','0','0','0','0','0','0','0','0','0','0','0','0','0']

reports.append(Report(577273856, ("DT", -2, 1, 10), "MBwhAst1sec10"))
reports[-1].posNum = 1900
reports[-1].negNum = 0
reports[-1].fittype = "6DOF"
reports[-1].add_parameters(ValErr(0.0423298, 0.0187953, 0), \
                           ValErr(0.210458, 0.166146, 0), \
                           ValErr(-0.0548628, 0.134929, 0), \
                           ValErr(0.000145562, 0.000424787, 0), \
                           ValErr(-0.000171827, 0.000480191, 0), \
                           ValErr(0.000684011, 0.00028686, 0), \
                           -4590.79, 1900, 1900, -nan)
reports[-1].sigmax = ValErr(0.657388, 0.0106645, 0)
reports[-1].sigmay = ValErr(0.997814, 0.0161876, 0)
reports[-1].sigmadxdz = ValErr(0, 0, 0)
reports[-1].sigmadydz = ValErr(0, 0, 0)
reports[-1].add_stats(0.0599587, 0.132434, -2.00417e-05, -0.00232907, 0.0460049, 0.139604, 5.49515e-05, -0.00100331, 0.0460049, 0.139604, 5.49515e-05, -0.00100331, 0.0560084, 0.13105, -7.66062e-06, -0.000287665, 0.0560084, 0.13105, -7.66062e-06, -0.000287665, 0.658291, 0.998733, 0.00339435, 0.0333889, 0.658291, 0.998733, 0.00339435, 0.0333889)
reports[-1].CovMatrix = ['0.000353262','0.00178382','-0.00146591','2.6087e-06','-1.56115e-07','-5.9297e-07','-2.55269e-07','-7.25277e-07','0','0','0','0','0.00178382','0.0276046','-0.0222','3.99189e-05','-7.41936e-06','1.50238e-07','-4.15193e-06','-9.05518e-06','0','0','0','0','-0.00146591','-0.0222','0.0182058','-3.20463e-05','5.40969e-06','-6.48732e-08','3.60579e-06','7.49126e-06','0','0','0','0','2.6087e-06','3.99189e-05','-3.20463e-05','1.80444e-07','-3.24344e-09','9.26749e-09','2.39997e-08','2.73334e-08','0','0','0','0','-1.56115e-07','-7.41936e-06','5.40969e-06','-3.24344e-09','2.30583e-07','6.67385e-08','2.12428e-09','-6.37886e-09','0','0','0','0','-5.9297e-07','1.50238e-07','-6.48732e-08','9.26749e-09','6.67385e-08','8.22885e-08','1.09974e-08','1.0723e-08','0','0','0','0','-2.55269e-07','-4.15193e-06','3.60579e-06','2.39997e-08','2.12428e-09','1.09974e-08','0.000113731','1.29693e-08','0','0','0','0','-7.25277e-07','-9.05518e-06','7.49126e-06','2.73334e-08','-6.37886e-09','1.0723e-08','1.29693e-08','0.000262041','0','0','0','0','0','0','0','0','0','0','0','0','0','0','0','0','0','0','0','0','0','0','0','0','0','0','0','0','0','0','0','0','0','0','0','0','0','0','0','0','0','0','0','0','0','0','0','0','0','0','0','0']

reports.append(Report(577536000, ("DT", -2, 1, 11), "MBwhAst1sec11"))
reports[-1].posNum = 1962
reports[-1].negNum = 0
reports[-1].fittype = "6DOF"
reports[-1].add_parameters(ValErr(0.0472424, 0.0194233, 0), \
                           ValErr(0.172792, 0.165805, 0), \
                           ValErr(-0.0655065, 0.13423, 0), \
                           ValErr(0.000403364, 0.000442153, 0), \
                           ValErr(-0.000458128, 0.000490166, 0), \
                           ValErr(-0.000530765, 0.000300186, 0), \
                           -4854.04, 1962, 1962, -nan)
reports[-1].sigmax = ValErr(0.668342, 0.0106696, 0)
reports[-1].sigmay = ValErr(1.03988, 0.016601, 0)
reports[-1].sigmadxdz = ValErr(0, 0, 0)
reports[-1].sigmadydz = ValErr(0, 0, 0)
reports[-1].add_stats(0.0713217, 0.081331, -0.000463844, -0.00317481, 0.0380762, 0.0910172, -0.000532586, -0.00262195, 0.0380762, 0.0910172, -0.000532586, -0.00262195, 0.0325353, 0.086515, -0.000525963, -0.00315433, 0.0325353, 0.086515, -0.000525963, -0.00315433, 0.668993, 1.04001, 0.00338246, 0.0338824, 0.668993, 1.04001, 0.00338246, 0.0338824)
reports[-1].CovMatrix = ['0.000377263','0.00195845','-0.00160201','2.83348e-06','-7.62973e-08','-4.89606e-07','-5.63705e-07','1.25261e-06','0','0','0','0','0.00195845','0.0274914','-0.0220298','3.9189e-05','-7.06553e-06','5.46229e-07','-1.07914e-05','1.97194e-05','0','0','0','0','-0.00160201','-0.0220298','0.0180176','-3.13737e-05','5.73668e-06','-3.82881e-07','8.87922e-06','-1.5939e-05','0','0','0','0','2.83348e-06','3.9189e-05','-3.13737e-05','1.95499e-07','-1.13517e-10','1.31657e-08','-1.93036e-09','1.29434e-08','0','0','0','0','-7.62973e-08','-7.06553e-06','5.73668e-06','-1.13517e-10','2.40263e-07','7.1877e-08','2.88641e-08','-3.41416e-08','0','0','0','0','-4.89606e-07','5.46229e-07','-3.82881e-07','1.31657e-08','7.1877e-08','9.01113e-08','3.09567e-09','1.90437e-09','0','0','0','0','-5.63705e-07','-1.07914e-05','8.87922e-06','-1.93036e-09','2.88641e-08','3.09567e-09','0.000113842','-1.31371e-08','0','0','0','0','1.25261e-06','1.97194e-05','-1.5939e-05','1.29434e-08','-3.41416e-08','1.90437e-09','-1.31371e-08','0.000275594','0','0','0','0','0','0','0','0','0','0','0','0','0','0','0','0','0','0','0','0','0','0','0','0','0','0','0','0','0','0','0','0','0','0','0','0','0','0','0','0','0','0','0','0','0','0','0','0','0','0','0','0']

reports.append(Report(577798144, ("DT", -2, 1, 12), "MBwhAst1sec12"))
reports[-1].posNum = 2474
reports[-1].negNum = 0
reports[-1].fittype = "6DOF"
reports[-1].add_parameters(ValErr(0.00914659, 0.0172779, 0), \
                           ValErr(0.00270344, 0.144553, 0), \
                           ValErr(0.0934483, 0.117315, 0), \
                           ValErr(-0.000658769, 0.000388663, 0), \
                           ValErr(-8.3068e-05, 0.000419115, 0), \
                           ValErr(-5.8342e-05, 0.000272702, 0), \
                           -5892.76, 2474, 2474, -nan)
reports[-1].sigmax = ValErr(0.652848, 0.00928166, 0)
reports[-1].sigmay = ValErr(0.970869, 0.0138028, 0)
reports[-1].sigmadxdz = ValErr(0, 0, 0)
reports[-1].sigmadydz = ValErr(0, 0, 0)
reports[-1].add_stats(0.0322429, 0.141061, 0.000521006, -0.00241314, 0.0177237, 0.125228, 0.000622859, -0.000860194, 0.0177237, 0.125228, 0.000622859, -0.000860194, 0.0179526, 0.119096, 0.000613254, -0.000371911, 0.0179526, 0.119096, 0.000613254, -0.000371911, 0.652994, 0.971202, 0.00335582, 0.0317584, 0.652994, 0.971202, 0.00335582, 0.0317584)
reports[-1].CovMatrix = ['0.000298526','0.00147702','-0.00121063','2.12695e-06','-6.06126e-07','-1.04943e-06','1.06032e-06','-1.33481e-06','0','0','0','0','0.00147702','0.0208957','-0.0167894','3.07338e-05','-3.96514e-06','1.07434e-06','1.17873e-05','-1.51845e-05','0','0','0','0','-0.00121063','-0.0167894','0.0137629','-2.36279e-05','3.12632e-06','-7.71035e-07','-9.74846e-06','1.27998e-05','0','0','0','0','2.12695e-06','3.07338e-05','-2.36279e-05','1.51059e-07','-3.71255e-09','9.52923e-09','1.14503e-08','-8.98913e-09','0','0','0','0','-6.06126e-07','-3.96514e-06','3.12632e-06','-3.71255e-09','1.75657e-07','6.0067e-08','4.35195e-09','8.04048e-10','0','0','0','0','-1.04943e-06','1.07434e-06','-7.71035e-07','9.52923e-09','6.0067e-08','7.43665e-08','-4.14432e-09','1.09952e-08','0','0','0','0','1.06032e-06','1.17873e-05','-9.74846e-06','1.14503e-08','4.35195e-09','-4.14432e-09','8.61497e-05','-1.12062e-08','0','0','0','0','-1.33481e-06','-1.51845e-05','1.27998e-05','-8.98913e-09','8.04048e-10','1.09952e-08','-1.12062e-08','0.00019052','0','0','0','0','0','0','0','0','0','0','0','0','0','0','0','0','0','0','0','0','0','0','0','0','0','0','0','0','0','0','0','0','0','0','0','0','0','0','0','0','0','0','0','0','0','0','0','0','0','0','0','0']

reports.append(Report(579108864, ("DT", -2, 2, 1), "MBwhAst2sec01"))
reports[-1].posNum = 3364
reports[-1].negNum = 0
reports[-1].fittype = "6DOF"
reports[-1].add_parameters(ValErr(-0.0811652, 0.0160725, 0), \
                           ValErr(0.104231, 0.128362, 0), \
                           ValErr(-0.0152642, 0.122999, 0), \
                           ValErr(0.000435906, 0.000475978, 0), \
                           ValErr(0.00155154, 0.000451973, 0), \
                           ValErr(0.000615006, 0.000318679, 0), \
                           -9723.12, 3364, 3364, -nan)
reports[-1].sigmax = ValErr(0.875128, 0.0106692, 0)
reports[-1].sigmay = ValErr(1.20425, 0.0146817, 0)
reports[-1].sigmadxdz = ValErr(0, 0, 0)
reports[-1].sigmadydz = ValErr(0, 0, 0)
reports[-1].add_stats(-0.0814435, 0.0701145, 6.24013e-05, 0.000971894, -0.0841288, 0.083692, 0.000114077, -0.000365816, -0.0841288, 0.083692, 0.000114077, -0.000365816, -0.0966753, 0.0634506, 0.000146933, -9.23678e-05, -0.0966753, 0.0634506, 0.000146933, -9.23678e-05, 0.875688, 1.20579, 0.00364876, 0.0258907, 0.875688, 1.20579, 0.00364876, 0.0258907)
reports[-1].CovMatrix = ['0.000258326','-0.000603663','0.000587287','-1.04932e-06','2.39271e-07','-4.77953e-07','1.32974e-07','-1.86876e-08','0','0','0','0','-0.000603663','0.0164769','-0.0155753','2.79703e-05','2.22546e-06','-2.32544e-07','-2.68661e-06','4.29553e-06','0','0','0','0','0.000587287','-0.0155753','0.0151286','-2.58395e-05','-1.96564e-06','1.92916e-07','2.61721e-06','-3.88614e-06','0','0','0','0','-1.04932e-06','2.79703e-05','-2.58395e-05','2.26555e-07','2.55875e-09','-6.6366e-09','-2.00185e-09','8.91713e-09','0','0','0','0','2.39271e-07','2.22546e-06','-1.96564e-06','2.55875e-09','2.0428e-07','9.71294e-08','3.3232e-09','8.50103e-09','0','0','0','0','-4.77953e-07','-2.32544e-07','1.92916e-07','-6.6366e-09','9.71294e-08','1.01557e-07','1.09537e-08','-6.72571e-09','0','0','0','0','1.32974e-07','-2.68661e-06','2.61721e-06','-2.00185e-09','3.3232e-09','1.09537e-08','0.000113832','-2.24591e-09','0','0','0','0','-1.86876e-08','4.29553e-06','-3.88614e-06','8.91713e-09','8.50103e-09','-6.72571e-09','-2.24591e-09','0.000215554','0','0','0','0','0','0','0','0','0','0','0','0','0','0','0','0','0','0','0','0','0','0','0','0','0','0','0','0','0','0','0','0','0','0','0','0','0','0','0','0','0','0','0','0','0','0','0','0','0','0','0','0']

reports.append(Report(579371008, ("DT", -2, 2, 2), "MBwhAst2sec02"))
reports[-1].posNum = 3036
reports[-1].negNum = 0
reports[-1].fittype = "6DOF"
reports[-1].add_parameters(ValErr(0.0837855, 0.0182267, 0), \
                           ValErr(-0.0324028, 0.139946, 0), \
                           ValErr(-0.0321864, 0.134305, 0), \
                           ValErr(0.000328716, 0.000503765, 0), \
                           ValErr(0.000350759, 0.000474452, 0), \
                           ValErr(8.2217e-05, 0.000349464, 0), \
                           -8846.04, 3036, 3036, -nan)
reports[-1].sigmax = ValErr(0.913554, 0.0117239, 0)
reports[-1].sigmay = ValErr(1.18088, 0.0151547, 0)
reports[-1].sigmadxdz = ValErr(0, 0, 0)
reports[-1].sigmadydz = ValErr(0, 0, 0)
reports[-1].add_stats(0.0936465, -0.0477671, -0.000119215, -0.000949257, 0.0839905, -0.0666092, -0.000116555, -0.00134217, 0.0839905, -0.0666092, -0.000116555, -0.00134217, 0.0873662, -0.0930605, -0.000116769, -0.00116275, 0.0873662, -0.0930605, -0.000116769, -0.00116275, 0.913627, 1.181, 0.00381908, 0.0252587, 0.913627, 1.181, 0.00381908, 0.0252587)
reports[-1].CovMatrix = ['0.000332211','-0.000954718','0.000922995','-1.68563e-06','2.20228e-08','-7.5116e-07','2.47889e-07','-1.53963e-07','0','0','0','0','-0.000954718','0.0195848','-0.0185653','3.39859e-05','3.73977e-06','1.83053e-06','-4.20026e-06','6.15146e-06','0','0','0','0','0.000922995','-0.0185653','0.0180378','-3.13574e-05','-4.26553e-06','-1.86275e-06','4.07395e-06','-5.68091e-06','0','0','0','0','-1.68563e-06','3.39859e-05','-3.13574e-05','2.53779e-07','-8.41704e-09','-8.36872e-09','-1.53899e-08','2.61294e-08','0','0','0','0','2.20228e-08','3.73977e-06','-4.26553e-06','-8.41704e-09','2.25105e-07','1.16093e-07','-1.02494e-08','2.71206e-08','0','0','0','0','-7.5116e-07','1.83053e-06','-1.86275e-06','-8.36872e-09','1.16093e-07','1.22125e-07','4.16751e-09','4.42421e-09','0','0','0','0','2.47889e-07','-4.20026e-06','4.07395e-06','-1.53899e-08','-1.02494e-08','4.16751e-09','0.000137451','-4.52657e-09','0','0','0','0','-1.53963e-07','6.15146e-06','-5.68091e-06','2.61294e-08','2.71206e-08','4.42421e-09','-4.52657e-09','0.000229667','0','0','0','0','0','0','0','0','0','0','0','0','0','0','0','0','0','0','0','0','0','0','0','0','0','0','0','0','0','0','0','0','0','0','0','0','0','0','0','0','0','0','0','0','0','0','0','0','0','0','0','0']

reports.append(Report(579633152, ("DT", -2, 2, 3), "MBwhAst2sec03"))
reports[-1].posNum = 2759
reports[-1].negNum = 0
reports[-1].fittype = "6DOF"
reports[-1].add_parameters(ValErr(-0.0556983, 0.0186888, 0), \
                           ValErr(-0.143282, 0.144216, 0), \
                           ValErr(0.0769848, 0.138254, 0), \
                           ValErr(-0.000768271, 0.000545851, 0), \
                           ValErr(-0.000126902, 0.000517312, 0), \
                           ValErr(0.000155546, 0.000362901, 0), \
                           -8110.31, 2759, 2759, -nan)
reports[-1].sigmax = ValErr(0.89737, 0.0120808, 0)
reports[-1].sigmay = ValErr(1.23367, 0.0166084, 0)
reports[-1].sigmadxdz = ValErr(0, 0, 0)
reports[-1].sigmadydz = ValErr(0, 0, 0)
reports[-1].add_stats(-0.062202, -0.121258, 0.000211433, -0.000619357, -0.0559489, -0.0558253, 0.000188527, -0.000976963, -0.0559489, -0.0558253, 0.000188527, -0.000976963, -0.0470879, -0.0677482, 0.000135812, -0.00106142, -0.0470879, -0.0677482, 0.000135812, -0.00106142, 0.897341, 1.23428, 0.00374905, 0.0247411, 0.897341, 1.23428, 0.00374905, 0.0247411)
reports[-1].CovMatrix = ['0.000349272','-0.00085043','0.000826112','-1.45723e-06','-4.73691e-07','-1.4278e-06','2.37458e-07','-1.75273e-07','0','0','0','0','-0.00085043','0.0207982','-0.0196519','3.63335e-05','4.35597e-06','1.23017e-06','-6.77662e-07','1.86016e-06','0','0','0','0','0.000826112','-0.0196519','0.0191142','-3.22364e-05','-4.33227e-06','-1.30677e-06','8.84712e-08','-6.01495e-07','0','0','0','0','-1.45723e-06','3.63335e-05','-3.22364e-05','2.97953e-07','1.35599e-09','-6.87457e-09','-4.50023e-08','7.08912e-08','0','0','0','0','-4.73691e-07','4.35597e-06','-4.33227e-06','1.35599e-09','2.67612e-07','1.26545e-07','-1.3592e-08','3.48089e-08','0','0','0','0','-1.4278e-06','1.23017e-06','-1.30677e-06','-6.87457e-09','1.26545e-07','1.31697e-07','-7.05576e-09','1.99468e-08','0','0','0','0','2.37458e-07','-6.77662e-07','8.84712e-08','-4.50023e-08','-1.3592e-08','-7.05576e-09','0.000145946','-1.50043e-08','0','0','0','0','-1.75273e-07','1.86016e-06','-6.01495e-07','7.08912e-08','3.48089e-08','1.99468e-08','-1.50043e-08','0.000275842','0','0','0','0','0','0','0','0','0','0','0','0','0','0','0','0','0','0','0','0','0','0','0','0','0','0','0','0','0','0','0','0','0','0','0','0','0','0','0','0','0','0','0','0','0','0','0','0','0','0','0','0']

reports.append(Report(579895296, ("DT", -2, 2, 4), "MBwhAst2sec04"))
reports[-1].posNum = 3187
reports[-1].negNum = 0
reports[-1].fittype = "6DOF"
reports[-1].add_parameters(ValErr(0.014663, 0.0164994, 0), \
                           ValErr(-0.160837, 0.131587, 0), \
                           ValErr(0.141753, 0.126098, 0), \
                           ValErr(-0.000455161, 0.000494325, 0), \
                           ValErr(0.000423231, 0.000464391, 0), \
                           ValErr(-6.22164e-06, 0.000332058, 0), \
                           -9140.08, 3187, 3187, -nan)
reports[-1].sigmax = ValErr(0.867739, 0.0108689, 0)
reports[-1].sigmay = ValErr(1.18757, 0.014875, 0)
reports[-1].sigmadxdz = ValErr(0, 0, 0)
reports[-1].sigmadydz = ValErr(0, 0, 0)
reports[-1].add_stats(-0.00851728, -0.0216047, 0.000119498, -0.00113181, 0.00553382, -0.0132591, 0.00013216, -0.00140423, 0.00553382, -0.0132591, 0.00013216, -0.00140423, -0.00281901, 0.000334668, 0.000189051, -0.00183235, -0.00281901, 0.000334668, 0.000189051, -0.00183235, 0.867938, 1.18791, 0.00367144, 0.025177, 0.867938, 1.18791, 0.00367144, 0.025177)
