nan = None;  NAN = None
nan = 0
reports = []
class ValErr:
    def __init__(self, value, error, antisym):
        self.value, self.error, self.antisym = value, error, antisym

    def __repr__(self):
        if self.antisym == 0.:
            return "%g +- %g" % (self.value, self.error)
        else:
            return "%g +- %g ~ %g" % (self.value, self.error, self.antisym)

class Report:
    def __init__(self, chamberId, postal_address, name):
        self.chamberId, self.postal_address, self.name = chamberId, postal_address, name
        self.status = "NOFIT"
        self.fittype = None
        self.CovMatrix = None

    def add_parameters(self, deltax, deltay, deltaz, deltaphix, deltaphiy, deltaphiz, loglikelihood, numsegments, sumofweights, redchi2):
        self.status = "PASS"
        self.deltax, self.deltay, self.deltaz, self.deltaphix, self.deltaphiy, self.deltaphiz = deltax, deltay, deltaz, deltaphix, deltaphiy, deltaphiz
        self.loglikelihood, self.numsegments, self.sumofweights, self.redchi2 = loglikelihood, numsegments, sumofweights, redchi2

    def add_stats(self, median_x, median_y, median_dxdz, median_dydz, mean30_x, mean30_y, mean20_dxdz, mean50_dydz, mean15_x, mean15_y, mean10_dxdz, mean25_dydz, wmean30_x, wmean30_y, wmean20_dxdz, wmean50_dydz, wmean15_x, wmean15_y, wmean10_dxdz, wmean25_dydz, stdev30_x, stdev30_y, stdev20_dxdz, stdev50_dydz, stdev15_x, stdev15_y, stdev10_dxdz, stdev25_dydz):
        self.median_x, self.median_y, self.median_dxdz, self.median_dydz, self.mean30_x, self.mean30_y, self.mean20_dxdz, self.mean50_dydz, self.mean15_x, self.mean15_y, self.mean10_dxdz, self.mean25_dydz, self.wmean30_x, self.wmean30_y, self.wmean20_dxdz, self.wmean50_dydz, self.wmean15_x, self.wmean15_y, self.wmean10_dxdz, self.wmean25_dydz, self.stdev30_x, self.stdev30_y, self.stdev20_dxdz, self.stdev50_dydz, self.stdev15_x, self.stdev15_y, self.stdev10_dxdz, self.stdev25_dydz = median_x, median_y, median_dxdz, median_dydz, mean30_x, mean30_y, mean20_dxdz, mean50_dydz, mean15_x, mean15_y, mean10_dxdz, mean25_dydz, wmean30_x, wmean30_y, wmean20_dxdz, wmean50_dydz, wmean15_x, wmean15_y, wmean10_dxdz, wmean25_dydz, stdev30_x, stdev30_y, stdev20_dxdz, stdev50_dydz, stdev15_x, stdev15_y, stdev10_dxdz, stdev25_dydz

    def __repr__(self):
        return "<Report %s %s %s>" % (self.postal_address[0], " ".join(map(str, self.postal_address[1:])), self.status)

reports.append(Report(574914560, ("DT", -2, 1, 1), "MBwhAst1sec01"))
reports[-1].posNum = 23989
reports[-1].negNum = 0
reports[-1].fittype = "6DOF"
reports[-1].add_parameters(ValErr(-0.0816614, 0.00563604, 0), \
                           ValErr(0.220751, 0.0461757, 0), \
                           ValErr(-0.00743842, 0.0374232, 0), \
                           ValErr(0.000141251, 0.000128675, 0), \
                           ValErr(0.000246911, 0.000136301, 0), \
                           ValErr(-4.34006e-05, 9.15701e-05, 0), \
                           -58572.6, 23989, 23989, -nan)
reports[-1].sigmax = ValErr(0.673537, 0.00307498, 0)
reports[-1].sigmay = ValErr(0.998982, 0.00456078, 0)
reports[-1].sigmadxdz = ValErr(0, 0, 0)
reports[-1].sigmadydz = ValErr(0, 0, 0)
reports[-1].add_stats(-0.0853507, 0.220259, 0.000136711, -0.00262488, -0.0845698, 0.209973, 0.000108269, -0.00154717, -0.0845698, 0.209973, 0.000108269, -0.00154717, -0.0819928, 0.217211, 9.18929e-05, -0.00161836, -0.0819928, 0.217211, 9.18929e-05, -0.00161836, 0.673535, 0.999154, 0.00347035, 0.0316121, 0.673535, 0.999154, 0.00347035, 0.0316121)
reports[-1].CovMatrix = ['3.1765e-05','0.000150581','-0.000123347','2.16762e-07','-6.0811e-08','-1.0977e-07','2.96566e-08','-1.82883e-08','0','0','0','0','0.000150581','0.00213219','-0.0017097','3.13754e-06','-4.29175e-07','1.20132e-07','2.35415e-07','-1.04869e-07','0','0','0','0','-0.000123347','-0.0017097','0.0014005','-2.40156e-06','3.38282e-07','-8.5863e-08','-2.00418e-07','1.22734e-07','0','0','0','0','2.16762e-07','3.13754e-06','-2.40156e-06','1.65573e-08','-3.451e-10','1.11897e-09','-1.45185e-10','1.08876e-09','0','0','0','0','-6.0811e-08','-4.29175e-07','3.38282e-07','-3.451e-10','1.8578e-08','6.73623e-09','8.15984e-10','-3.87774e-10','0','0','0','0','-1.0977e-07','1.20132e-07','-8.5863e-08','1.11897e-09','6.73623e-09','8.38508e-09','1.00838e-10','4.14962e-10','0','0','0','0','2.96566e-08','2.35415e-07','-2.00418e-07','-1.45185e-10','8.15984e-10','1.00838e-10','9.45552e-06','-1.0529e-10','0','0','0','0','-1.82883e-08','-1.04869e-07','1.22734e-07','1.08876e-09','-3.87774e-10','4.14962e-10','-1.0529e-10','2.08007e-05','0','0','0','0','0','0','0','0','0','0','0','0','0','0','0','0','0','0','0','0','0','0','0','0','0','0','0','0','0','0','0','0','0','0','0','0','0','0','0','0','0','0','0','0','0','0','0','0','0','0','0','0']

reports.append(Report(575176704, ("DT", -2, 1, 2), "MBwhAst1sec02"))
reports[-1].posNum = 15485
reports[-1].negNum = 0
reports[-1].fittype = "6DOF"
reports[-1].add_parameters(ValErr(0.00647933, 0.00692864, 0), \
                           ValErr(-0.104043, 0.0575853, 0), \
                           ValErr(0.0475094, 0.0466023, 0), \
                           ValErr(0.000152078, 0.000154959, 0), \
                           ValErr(0.000247967, 0.000172431, 0), \
                           ValErr(0.000133051, 0.000108917, 0), \
                           -37679.4, 15485, 15485, -nan)
reports[-1].sigmax = ValErr(0.666246, 0.00378586, 0)
reports[-1].sigmay = ValErr(1.0015, 0.00569092, 0)
reports[-1].sigmadxdz = ValErr(0, 0, 0)
reports[-1].sigmadydz = ValErr(0, 0, 0)
reports[-1].add_stats(0.0192099, -0.0471756, 0.000864025, -0.00281704, 0.0118422, -0.050119, 0.000915119, -0.0015491, 0.0118422, -0.050119, 0.000915119, -0.0015491, 0.01243, -0.0537508, 0.00090387, -0.00166424, 0.01243, -0.0537508, 0.00090387, -0.00166424, 0.666291, 1.00163, 0.00340713, 0.0332381, 0.666291, 1.00163, 0.00340713, 0.0332381)
reports[-1].CovMatrix = ['4.8006e-05','0.000221614','-0.000181559','3.11996e-07','-1.29082e-07','-2.07788e-07','3.49229e-08','-1.61548e-08','0','0','0','0','0.000221614','0.00331607','-0.00265419','4.8155e-06','-8.91323e-07','3.76097e-08','2.94353e-07','-6.69334e-08','0','0','0','0','-0.000181559','-0.00265419','0.00217178','-3.64669e-06','6.68156e-07','-9.13322e-09','-2.43556e-07','9.98849e-08','0','0','0','0','3.11996e-07','4.8155e-06','-3.64669e-06','2.40124e-08','-5.66035e-10','1.27273e-09','3.06119e-10','8.79698e-10','0','0','0','0','-1.29082e-07','-8.91323e-07','6.68156e-07','-5.66035e-10','2.97324e-08','9.7078e-09','3.36911e-10','6.9535e-10','0','0','0','0','-2.07788e-07','3.76097e-08','-9.13322e-09','1.27273e-09','9.7078e-09','1.18629e-08','1.20254e-10','5.89653e-10','0','0','0','0','3.49229e-08','2.94353e-07','-2.43556e-07','3.06119e-10','3.36911e-10','1.20254e-10','1.43327e-05','-8.6597e-12','0','0','0','0','-1.61548e-08','-6.69334e-08','9.98849e-08','8.79698e-10','6.9535e-10','5.89653e-10','-8.6597e-12','3.23866e-05','0','0','0','0','0','0','0','0','0','0','0','0','0','0','0','0','0','0','0','0','0','0','0','0','0','0','0','0','0','0','0','0','0','0','0','0','0','0','0','0','0','0','0','0','0','0','0','0','0','0','0','0']

reports.append(Report(575438848, ("DT", -2, 1, 3), "MBwhAst1sec03"))
reports[-1].posNum = 17153
reports[-1].negNum = 0
reports[-1].fittype = "6DOF"
reports[-1].add_parameters(ValErr(-0.0279067, 0.00697724, 0), \
                           ValErr(-0.0688862, 0.0535415, 0), \
                           ValErr(-0.0222466, 0.0434725, 0), \
                           ValErr(-2.65185e-05, 0.000146654, 0), \
                           ValErr(0.000271766, 0.000156173, 0), \
                           ValErr(3.60486e-05, 0.000106469, 0), \
                           -41448.2, 17153, 17153, -nan)
reports[-1].sigmax = ValErr(0.670471, 0.00361989, 0)
reports[-1].sigmay = ValErr(0.978515, 0.00528305, 0)
reports[-1].sigmadxdz = ValErr(0, 0, 0)
reports[-1].sigmadydz = ValErr(0, 0, 0)
reports[-1].add_stats(-0.0349296, -0.102747, 0.000115408, -0.00250769, -0.0306512, -0.0952814, 0.000113898, -0.00145799, -0.0306512, -0.0952814, 0.000113898, -0.00145799, -0.0280268, -0.10114, 0.000105163, -0.00151051, -0.0280268, -0.10114, 0.000105163, -0.00151051, 0.670495, 0.978604, 0.00343998, 0.0325592, 0.670495, 0.978604, 0.00343998, 0.0325592)
reports[-1].CovMatrix = ['4.86818e-05','0.000226722','-0.00018579','3.17314e-07','-1.33679e-07','-2.06946e-07','1.10835e-08','1.95671e-08','0','0','0','0','0.000226722','0.00286669','-0.00230169','4.17273e-06','-6.73557e-07','-1.75758e-08','-6.41419e-08','4.36021e-07','0','0','0','0','-0.00018579','-0.00230169','0.00188986','-3.13923e-06','6.09103e-07','3.91248e-08','4.80633e-08','-3.1046e-07','0','0','0','0','3.17314e-07','4.17273e-06','-3.13923e-06','2.15075e-08','1.22066e-10','1.37662e-09','-2.76747e-10','1.6512e-09','0','0','0','0','-1.33679e-07','-6.73557e-07','6.09103e-07','1.22066e-10','2.439e-08','9.21335e-09','-7.34079e-10','2.21696e-09','0','0','0','0','-2.06946e-07','-1.75758e-08','3.91248e-08','1.37662e-09','9.21335e-09','1.13357e-08','-2.76057e-10','1.14445e-09','0','0','0','0','1.10835e-08','-6.41419e-08','4.80633e-08','-2.76747e-10','-7.34079e-10','-2.76057e-10','1.31036e-05','-8.94404e-11','0','0','0','0','1.95671e-08','4.36021e-07','-3.1046e-07','1.6512e-09','2.21696e-09','1.14445e-09','-8.94404e-11','2.79107e-05','0','0','0','0','0','0','0','0','0','0','0','0','0','0','0','0','0','0','0','0','0','0','0','0','0','0','0','0','0','0','0','0','0','0','0','0','0','0','0','0','0','0','0','0','0','0','0','0','0','0','0','0']

reports.append(Report(575700992, ("DT", -2, 1, 4), "MBwhAst1sec04"))
reports[-1].posNum = 24084
reports[-1].negNum = 0
reports[-1].fittype = "6DOF"
reports[-1].add_parameters(ValErr(-0.0960632, 0.00551651, 0), \
                           ValErr(0.192706, 0.0476796, 0), \
                           ValErr(-0.129385, 0.0385787, 0), \
                           ValErr(0.000302458, 0.000127312, 0), \
                           ValErr(-6.45162e-05, 0.000138007, 0), \
                           ValErr(0.000339485, 8.94539e-05, 0), \
                           -58813.5, 24084, 24084, -nan)
reports[-1].sigmax = ValErr(0.672324, 0.00306337, 0)
reports[-1].sigmay = ValErr(1.00116, 0.00456167, 0)
reports[-1].sigmadxdz = ValErr(0, 0, 0)
reports[-1].sigmadydz = ValErr(0, 0, 0)
reports[-1].add_stats(-0.101388, 0.02488, 0.000556149, -0.00273683, -0.101889, 0.0320779, 0.000561605, -0.00199174, -0.101889, 0.0320779, 0.000561605, -0.00199174, -0.104453, 0.0309704, 0.000572745, -0.00197044, -0.104453, 0.0309704, 0.000572745, -0.00197044, 0.672648, 1.00133, 0.00343713, 0.0346525, 0.672648, 1.00133, 0.00343713, 0.0346525)
reports[-1].CovMatrix = ['3.04319e-05','0.000151843','-0.000124231','2.19908e-07','-3.96947e-08','-7.97287e-08','1.78215e-08','1.65523e-10','0','0','0','0','0.000151843','0.00227334','-0.00182162','3.31584e-06','-4.62535e-07','1.56805e-07','1.00393e-07','1.00224e-07','0','0','0','0','-0.000124231','-0.00182162','0.00148832','-2.58714e-06','3.29604e-07','-1.19437e-07','-8.42328e-08','-5.65856e-08','0','0','0','0','2.19908e-07','3.31584e-06','-2.58714e-06','1.62083e-08','-5.05781e-10','1.07313e-09','2.84619e-11','7.88117e-10','0','0','0','0','-3.96947e-08','-4.62535e-07','3.29604e-07','-5.05781e-10','1.9046e-08','6.42707e-09','2.93434e-10','3.58189e-10','0','0','0','0','-7.97287e-08','1.56805e-07','-1.19437e-07','1.07313e-09','6.42707e-09','8.00199e-09','4.39366e-11','4.84567e-10','0','0','0','0','1.78215e-08','1.00393e-07','-8.42328e-08','2.84619e-11','2.93434e-10','4.39366e-11','9.38424e-06','-9.00672e-13','0','0','0','0','1.65523e-10','1.00224e-07','-5.65856e-08','7.88117e-10','3.58189e-10','4.84567e-10','-9.00672e-13','2.08088e-05','0','0','0','0','0','0','0','0','0','0','0','0','0','0','0','0','0','0','0','0','0','0','0','0','0','0','0','0','0','0','0','0','0','0','0','0','0','0','0','0','0','0','0','0','0','0','0','0','0','0','0','0']

reports.append(Report(575963136, ("DT", -2, 1, 5), "MBwhAst1sec05"))
reports[-1].posNum = 21782
reports[-1].negNum = 0
reports[-1].fittype = "6DOF"
reports[-1].add_parameters(ValErr(0.0227695, 0.0061133, 0), \
                           ValErr(0.0340901, 0.0496459, 0), \
                           ValErr(-0.0551368, 0.0403113, 0), \
                           ValErr(-0.000169607, 0.00013214, 0), \
                           ValErr(9.78933e-05, 0.000145014, 0), \
                           ValErr(-0.000245423, 9.38178e-05, 0), \
                           -52998.2, 21782, 21782, -nan)
reports[-1].sigmax = ValErr(0.673939, 0.00322892, 0)
reports[-1].sigmay = ValErr(0.989909, 0.00474278, 0)
reports[-1].sigmadxdz = ValErr(0, 0, 0)
reports[-1].sigmadydz = ValErr(0, 0, 0)
reports[-1].add_stats(0.00957149, -0.0194674, -0.000108475, -0.00067925, 0.0130514, -0.0292105, -0.000114622, -0.00065712, 0.0130514, -0.0292105, -0.000114622, -0.00065712, 0.0129537, -0.0309937, -0.00012897, -0.00088378, 0.0129537, -0.0309937, -0.00012897, -0.00088378, 0.67405, 0.990193, 0.00343225, 0.0339661, 0.67405, 0.990193, 0.00343225, 0.0339661)
reports[-1].CovMatrix = ['3.73724e-05','0.000187027','-0.000153248','2.67178e-07','-8.0201e-08','-1.26749e-07','1.36252e-08','1.03595e-08','0','0','0','0','0.000187027','0.00246471','-0.00198161','3.58412e-06','-6.72683e-07','-4.67729e-08','-6.53332e-09','2.83937e-07','0','0','0','0','-0.000153248','-0.00198161','0.001625','-2.77274e-06','5.7512e-07','5.25744e-08','3.63087e-09','-2.02042e-07','0','0','0','0','2.67178e-07','3.58412e-06','-2.77274e-06','1.74609e-08','-3.74756e-11','9.70929e-10','-1.37801e-10','1.15412e-09','0','0','0','0','-8.0201e-08','-6.72683e-07','5.7512e-07','-3.74756e-11','2.10291e-08','7.14713e-09','-1.67427e-10','1.15951e-09','0','0','0','0','-1.26749e-07','-4.67729e-08','5.25744e-08','9.70929e-10','7.14713e-09','8.80177e-09','-2.09929e-10','8.80576e-10','0','0','0','0','1.36252e-08','-6.53332e-09','3.63087e-09','-1.37801e-10','-1.67427e-10','-2.09929e-10','1.04259e-05','-2.7478e-11','0','0','0','0','1.03595e-08','2.83937e-07','-2.02042e-07','1.15412e-09','1.15951e-09','8.80576e-10','-2.7478e-11','2.2494e-05','0','0','0','0','0','0','0','0','0','0','0','0','0','0','0','0','0','0','0','0','0','0','0','0','0','0','0','0','0','0','0','0','0','0','0','0','0','0','0','0','0','0','0','0','0','0','0','0','0','0','0','0']

reports.append(Report(576225280, ("DT", -2, 1, 6), "MBwhAst1sec06"))
reports[-1].posNum = 18352
reports[-1].negNum = 0
reports[-1].fittype = "6DOF"
reports[-1].add_parameters(ValErr(0.0175049, 0.00702751, 0), \
                           ValErr(-0.058128, 0.0527091, 0), \
                           ValErr(0.0938789, 0.0427763, 0), \
                           ValErr(0.00030692, 0.000144714, 0), \
                           ValErr(-2.79861e-05, 0.000157503, 0), \
                           ValErr(-1.09434e-05, 0.000104139, 0), \
                           -44731.6, 18352, 18352, -nan)
reports[-1].sigmax = ValErr(0.671443, 0.00350471, 0)
reports[-1].sigmay = ValErr(0.997877, 0.00520862, 0)
reports[-1].sigmadxdz = ValErr(0, 0, 0)
reports[-1].sigmadydz = ValErr(0, 0, 0)
reports[-1].add_stats(0.0283246, 0.0493817, -7.48804e-05, -0.00389116, 0.0262641, 0.0459138, -9.88462e-05, -0.00314411, 0.0262641, 0.0459138, -9.88462e-05, -0.00314411, 0.0242918, 0.0391369, -7.93335e-05, -0.00328318, 0.0242918, 0.0391369, -7.93335e-05, -0.00328318, 0.671506, 0.998285, 0.00343095, 0.0326595, 0.671506, 0.998285, 0.00343095, 0.0326595)
reports[-1].CovMatrix = ['4.93859e-05','0.000235179','-0.000192442','3.23017e-07','-1.48473e-07','-2.16734e-07','6.33783e-09','2.74088e-08','0','0','0','0','0.000235179','0.00277825','-0.00222883','4.00698e-06','-7.36485e-07','-7.28556e-08','-8.99474e-08','4.76391e-07','0','0','0','0','-0.000192442','-0.00222883','0.00182981','-2.98492e-06','7.10306e-07','8.76309e-08','8.44882e-08','-3.64056e-07','0','0','0','0','3.23017e-07','4.00698e-06','-2.98492e-06','2.09422e-08','2.48265e-10','1.39232e-09','1.77702e-10','9.77151e-10','0','0','0','0','-1.48473e-07','-7.36485e-07','7.10306e-07','2.48265e-10','2.48072e-08','8.84723e-09','1.23873e-09','-6.84622e-10','0','0','0','0','-2.16734e-07','-7.28556e-08','8.76309e-08','1.39232e-09','8.84723e-09','1.08449e-08','2.33387e-10','3.51947e-10','0','0','0','0','6.33783e-09','-8.99474e-08','8.44882e-08','1.77702e-10','1.23873e-09','2.33387e-10','1.2283e-05','-5.26767e-11','0','0','0','0','2.74088e-08','4.76391e-07','-3.64056e-07','9.77151e-10','-6.84622e-10','3.51947e-10','-5.26767e-11','2.71297e-05','0','0','0','0','0','0','0','0','0','0','0','0','0','0','0','0','0','0','0','0','0','0','0','0','0','0','0','0','0','0','0','0','0','0','0','0','0','0','0','0','0','0','0','0','0','0','0','0','0','0','0','0']

reports.append(Report(576487424, ("DT", -2, 1, 7), "MBwhAst1sec07"))
reports[-1].posNum = 25237
reports[-1].negNum = 0
reports[-1].fittype = "6DOF"
reports[-1].add_parameters(ValErr(-0.0325945, 0.00554089, 0), \
                           ValErr(0.054038, 0.0462095, 0), \
                           ValErr(0.111802, 0.0374658, 0), \
                           ValErr(-2.4111e-05, 0.000126916, 0), \
                           ValErr(0.000419181, 0.000136221, 0), \
                           ValErr(-0.000163531, 9.12675e-05, 0), \
                           -61397.4, 25237, 25237, -nan)
reports[-1].sigmax = ValErr(0.675182, 0.0030053, 0)
reports[-1].sigmay = ValErr(0.987804, 0.00439682, 0)
reports[-1].sigmadxdz = ValErr(0, 0, 0)
reports[-1].sigmadydz = ValErr(0, 0, 0)
reports[-1].add_stats(-0.0316372, 0.194594, 0.000193667, -0.00104467, -0.0277276, 0.189004, 0.000178516, -0.00153001, -0.0277276, 0.189004, 0.000178516, -0.00153001, -0.024494, 0.187169, 0.000157688, -0.00154405, -0.024494, 0.187169, 0.000157688, -0.00154405, 0.675329, 0.988299, 0.00344804, 0.0323138, 0.675329, 0.988299, 0.00344804, 0.0323138)
reports[-1].CovMatrix = ['3.07015e-05','0.000149876','-0.000122766','2.15343e-07','-6.74933e-08','-1.10583e-07','2.90996e-08','-1.82487e-08','0','0','0','0','0.000149876','0.00213532','-0.0017142','3.13361e-06','-4.73743e-07','8.21521e-08','2.62416e-07','-1.47722e-07','0','0','0','0','-0.000122766','-0.0017142','0.00140369','-2.40611e-06','3.68139e-07','-5.53954e-08','-2.19273e-07','1.50897e-07','0','0','0','0','2.15343e-07','3.13361e-06','-2.40611e-06','1.61076e-08','-3.37665e-10','1.00784e-09','3.50895e-11','7.82636e-10','0','0','0','0','-6.74933e-08','-4.73743e-07','3.68139e-07','-3.37665e-10','1.85562e-08','6.78063e-09','-1.92035e-10','1.06729e-09','0','0','0','0','-1.10583e-07','8.21521e-08','-5.53954e-08','1.00784e-09','6.78063e-09','8.32976e-09','-6.91449e-11','6.40783e-10','0','0','0','0','2.90996e-08','2.62416e-07','-2.19273e-07','3.50895e-11','-1.92035e-10','-6.91449e-11','9.03184e-06','-6.02283e-11','0','0','0','0','-1.82487e-08','-1.47722e-07','1.50897e-07','7.82636e-10','1.06729e-09','6.40783e-10','-6.02283e-11','1.93321e-05','0','0','0','0','0','0','0','0','0','0','0','0','0','0','0','0','0','0','0','0','0','0','0','0','0','0','0','0','0','0','0','0','0','0','0','0','0','0','0','0','0','0','0','0','0','0','0','0','0','0','0','0']

reports.append(Report(576749568, ("DT", -2, 1, 8), "MBwhAst1sec08"))
reports[-1].posNum = 22492
reports[-1].negNum = 0
reports[-1].fittype = "6DOF"
reports[-1].add_parameters(ValErr(0.0318134, 0.00584295, 0), \
                           ValErr(0.0720852, 0.048791, 0), \
                           ValErr(-0.0453109, 0.0395705, 0), \
                           ValErr(2.46133e-06, 0.00013297, 0), \
                           ValErr(0.000341553, 0.000144598, 0), \
                           ValErr(-9.17968e-05, 9.38378e-05, 0), \
                           -54996.5, 22492, 22492, -nan)
reports[-1].sigmax = ValErr(0.671673, 0.00316687, 0)
reports[-1].sigmay = ValErr(1.00528, 0.0047398, 0)
reports[-1].sigmadxdz = ValErr(0, 0, 0)
reports[-1].sigmadydz = ValErr(0, 0, 0)
reports[-1].add_stats(0.0255403, 0.0271253, 0.000934676, -0.00142755, 0.0246622, 0.0191956, 0.000906009, -0.00118576, 0.0246622, 0.0191956, 0.000906009, -0.00118576, 0.0266179, 0.0224318, 0.000889241, -0.00119266, 0.0266179, 0.0224318, 0.000889241, -0.00119266, 0.671708, 1.00556, 0.00343594, 0.0335665, 0.671708, 1.00556, 0.00343594, 0.0335665)
reports[-1].CovMatrix = ['3.41401e-05','0.000165571','-0.000135785','2.33337e-07','-8.19061e-08','-1.3568e-07','1.63918e-08','2.17108e-09','0','0','0','0','0.000165571','0.00238056','-0.00191074','3.4521e-06','-6.32414e-07','-3.99509e-08','7.55679e-08','1.47015e-07','0','0','0','0','-0.000135785','-0.00191074','0.00156583','-2.64294e-06','5.01253e-07','4.89725e-08','-6.25767e-08','-9.15731e-08','0','0','0','0','2.33337e-07','3.4521e-06','-2.64294e-06','1.7681e-08','1.55048e-10','1.00578e-09','1.05984e-10','7.97028e-10','0','0','0','0','-8.19061e-08','-6.32414e-07','5.01253e-07','1.55048e-10','2.09086e-08','7.18068e-09','3.58934e-10','3.58379e-10','0','0','0','0','-1.3568e-07','-3.99509e-08','4.89725e-08','1.00578e-09','7.18068e-09','8.80553e-09','8.17168e-11','4.49329e-10','0','0','0','0','1.63918e-08','7.55679e-08','-6.25767e-08','1.05984e-10','3.58934e-10','8.17168e-11','1.0029e-05','7.80825e-12','0','0','0','0','2.17108e-09','1.47015e-07','-9.15731e-08','7.97028e-10','3.58379e-10','4.49329e-10','7.80825e-12','2.24657e-05','0','0','0','0','0','0','0','0','0','0','0','0','0','0','0','0','0','0','0','0','0','0','0','0','0','0','0','0','0','0','0','0','0','0','0','0','0','0','0','0','0','0','0','0','0','0','0','0','0','0','0','0']

reports.append(Report(577011712, ("DT", -2, 1, 9), "MBwhAst1sec09"))
reports[-1].posNum = 14715
reports[-1].negNum = 0
reports[-1].fittype = "6DOF"
reports[-1].add_parameters(ValErr(-0.0456982, 0.00691006, 0), \
                           ValErr(-0.0545601, 0.0588366, 0), \
                           ValErr(0.00145474, 0.047677, 0), \
                           ValErr(7.3124e-05, 0.000160261, 0), \
                           ValErr(7.64261e-05, 0.000171428, 0), \
                           ValErr(0.000148772, 0.000112853, 0), \
                           -35953.6, 14715, 14715, -nan)
reports[-1].sigmax = ValErr(0.671892, 0.00391656, 0)
reports[-1].sigmay = ValErr(1.00312, 0.00584732, 0)
reports[-1].sigmadxdz = ValErr(0, 0, 0)
reports[-1].sigmadydz = ValErr(0, 0, 0)
reports[-1].add_stats(-0.0443764, -0.0432279, 7.68324e-05, -0.0035638, -0.0436769, -0.0540091, 9.4906e-05, -0.00232385, -0.0436769, -0.0540091, 9.4906e-05, -0.00232385, -0.0457032, -0.0568386, 9.99161e-05, -0.00255684, -0.0457032, -0.0568386, 9.99161e-05, -0.00255684, 0.671928, 1.00313, 0.00343494, 0.033222, 0.671928, 1.00313, 0.00343494, 0.033222)
reports[-1].CovMatrix = ['4.7749e-05','0.000222963','-0.000182911','3.25279e-07','-4.68313e-08','-1.20723e-07','1.91478e-08','1.3424e-08','0','0','0','0','0.000222963','0.00346175','-0.00277554','5.09738e-06','-4.46815e-07','5.03615e-07','5.04985e-08','3.28254e-07','0','0','0','0','-0.000182911','-0.00277554','0.00227309','-3.95698e-06','2.65522e-07','-3.99687e-07','-3.43078e-08','-2.42699e-07','0','0','0','0','3.25279e-07','5.09738e-06','-3.95698e-06','2.56835e-08','-1.29997e-09','2.03206e-09','7.56239e-10','2.03089e-10','0','0','0','0','-4.68313e-08','-4.46815e-07','2.65522e-07','-1.29997e-09','2.93874e-08','1.01545e-08','3.02733e-10','8.0714e-10','0','0','0','0','-1.20723e-07','5.03615e-07','-3.99687e-07','2.03206e-09','1.01545e-08','1.27357e-08','1.82681e-10','6.46287e-10','0','0','0','0','1.91478e-08','5.04985e-08','-3.43078e-08','7.56239e-10','3.02733e-10','1.82681e-10','1.53395e-05','5.38307e-12','0','0','0','0','1.3424e-08','3.28254e-07','-2.42699e-07','2.03089e-10','8.0714e-10','6.46287e-10','5.38307e-12','3.41912e-05','0','0','0','0','0','0','0','0','0','0','0','0','0','0','0','0','0','0','0','0','0','0','0','0','0','0','0','0','0','0','0','0','0','0','0','0','0','0','0','0','0','0','0','0','0','0','0','0','0','0','0','0']

reports.append(Report(577273856, ("DT", -2, 1, 10), "MBwhAst1sec10"))
reports[-1].posNum = 16206
reports[-1].negNum = 0
reports[-1].fittype = "6DOF"
reports[-1].add_parameters(ValErr(0.0370158, 0.00652194, 0), \
                           ValErr(0.170524, 0.0573174, 0), \
                           ValErr(-0.0603853, 0.0465487, 0), \
                           ValErr(-5.83283e-05, 0.000147584, 0), \
                           ValErr(-8.19336e-05, 0.000162969, 0), \
                           ValErr(0.000162741, 0.000101135, 0), \
                           -39309.3, 16206, 16206, -nan)
reports[-1].sigmax = ValErr(0.665538, 0.00369675, 0)
reports[-1].sigmay = ValErr(0.994895, 0.00552618, 0)
reports[-1].sigmadxdz = ValErr(0, 0, 0)
reports[-1].sigmadydz = ValErr(0, 0, 0)
reports[-1].add_stats(0.0259402, 0.101869, 9.49653e-05, -0.00169156, 0.0341955, 0.0969047, 9.56825e-05, -4.74232e-05, 0.0341955, 0.0969047, 9.56825e-05, -4.74232e-05, 0.0376359, 0.0936086, 6.17552e-05, 0.000149906, 0.0376359, 0.0936086, 6.17552e-05, 0.000149906, 0.665625, 0.995026, 0.00340977, 0.0332251, 0.665625, 0.995026, 0.00340977, 0.0332251)
reports[-1].CovMatrix = ['4.25357e-05','0.000214765','-0.000176428','3.17911e-07','2.86978e-09','-4.52722e-08','1.72536e-08','1.60923e-08','0','0','0','0','0.000214765','0.00328529','-0.00264267','4.7927e-06','-5.62433e-07','3.24939e-07','6.1277e-08','2.65583e-07','0','0','0','0','-0.000176428','-0.00264267','0.00216678','-3.85013e-06','3.76542e-07','-2.61948e-07','-4.74817e-08','-1.94279e-07','0','0','0','0','3.17911e-07','4.7927e-06','-3.85013e-06','2.17811e-08','-8.53288e-10','1.54893e-09','5.53986e-10','2.66045e-10','0','0','0','0','2.86978e-09','-5.62433e-07','3.76542e-07','-8.53288e-10','2.65588e-08','8.20448e-09','5.65433e-11','1.04054e-09','0','0','0','0','-4.52722e-08','3.24939e-07','-2.61948e-07','1.54893e-09','8.20448e-09','1.02282e-08','2.08995e-10','4.56202e-10','0','0','0','0','1.72536e-08','6.1277e-08','-4.74817e-08','5.53986e-10','5.65433e-11','2.08995e-10','1.3666e-05','6.65193e-12','0','0','0','0','1.60923e-08','2.65583e-07','-1.94279e-07','2.66045e-10','1.04054e-09','4.56202e-10','6.65193e-12','3.05387e-05','0','0','0','0','0','0','0','0','0','0','0','0','0','0','0','0','0','0','0','0','0','0','0','0','0','0','0','0','0','0','0','0','0','0','0','0','0','0','0','0','0','0','0','0','0','0','0','0','0','0','0','0']

reports.append(Report(577536000, ("DT", -2, 1, 11), "MBwhAst1sec11"))
reports[-1].posNum = 16635
reports[-1].negNum = 0
reports[-1].fittype = "6DOF"
reports[-1].add_parameters(ValErr(0.0545339, 0.00691799, 0), \
                           ValErr(0.0430442, 0.0581928, 0), \
                           ValErr(0.01082, 0.0471697, 0), \
                           ValErr(0.000360281, 0.000150075, 0), \
                           ValErr(-0.000408127, 0.000168498, 0), \
                           ValErr(-0.000199019, 0.00010425, 0), \
                           -40991.9, 16635, 16635, -nan)
reports[-1].sigmax = ValErr(0.676888, 0.00371099, 0)
reports[-1].sigmay = ValErr(1.01671, 0.00557408, 0)
reports[-1].sigmadxdz = ValErr(0, 0, 0)
reports[-1].sigmadydz = ValErr(0, 0, 0)
reports[-1].add_stats(0.056946, 0.0528216, -0.000582772, -0.00338971, 0.0552567, 0.0545498, -0.000605331, -0.00279166, 0.0552567, 0.0545498, -0.000605331, -0.00279166, 0.0546515, 0.050626, -0.000601529, -0.00291565, 0.0546515, 0.050626, -0.000601529, -0.00291565, 0.676984, 1.01709, 0.00347269, 0.0343024, 0.676984, 1.01709, 0.00347269, 0.0343024)
reports[-1].CovMatrix = ['4.78586e-05','0.000254688','-0.000208215','3.68504e-07','-1.37333e-08','-5.31058e-08','4.78039e-08','-2.46564e-08','0','0','0','0','0.000254688','0.0033864','-0.0027194','4.8335e-06','-8.04012e-07','1.08817e-07','4.77435e-07','-3.51223e-07','0','0','0','0','-0.000208215','-0.0027194','0.00222498','-3.88167e-06','6.92463e-07','-8.2304e-08','-3.86469e-07','3.12601e-07','0','0','0','0','3.68504e-07','4.8335e-06','-3.88167e-06','2.25226e-08','-1.48277e-10','1.62399e-09','1.62407e-09','-1.27604e-09','0','0','0','0','-1.37333e-08','-8.04012e-07','6.92463e-07','-1.48277e-10','2.83916e-08','8.76621e-09','1.89806e-10','9.89233e-10','0','0','0','0','-5.31058e-08','1.08817e-07','-8.2304e-08','1.62399e-09','8.76621e-09','1.0868e-08','6.12337e-10','-1.17271e-10','0','0','0','0','4.78039e-08','4.77435e-07','-3.86469e-07','1.62407e-09','1.89806e-10','6.12337e-10','1.37715e-05','-1.07778e-10','0','0','0','0','-2.46564e-08','-3.51223e-07','3.12601e-07','-1.27604e-09','9.89233e-10','-1.17271e-10','-1.07778e-10','3.10704e-05','0','0','0','0','0','0','0','0','0','0','0','0','0','0','0','0','0','0','0','0','0','0','0','0','0','0','0','0','0','0','0','0','0','0','0','0','0','0','0','0','0','0','0','0','0','0','0','0','0','0','0','0']

reports.append(Report(577798144, ("DT", -2, 1, 12), "MBwhAst1sec12"))
reports[-1].posNum = 21348
reports[-1].negNum = 0
reports[-1].fittype = "6DOF"
reports[-1].add_parameters(ValErr(-0.0125828, 0.00601344, 0), \
                           ValErr(0.0634684, 0.0503757, 0), \
                           ValErr(0.0456286, 0.040877, 0), \
                           ValErr(-0.000285809, 0.000134942, 0), \
                           ValErr(0.00041081, 0.000146925, 0), \
                           ValErr(0.000207351, 9.60079e-05, 0), \
                           -51916.4, 21348, 21348, -nan)
reports[-1].sigmax = ValErr(0.672544, 0.00325482, 0)
reports[-1].sigmay = ValErr(0.990764, 0.00479488, 0)
reports[-1].sigmadxdz = ValErr(0, 0, 0)
reports[-1].sigmadydz = ValErr(0, 0, 0)
reports[-1].add_stats(-0.00253326, 0.130568, 0.000741358, -0.003325, -0.00610132, 0.123235, 0.000749797, -0.0015896, -0.00610132, 0.123235, 0.000749797, -0.0015896, -0.0054117, 0.124533, 0.00075467, -0.0016121, -0.0054117, 0.124533, 0.00075467, -0.0016121, 0.672647, 0.990917, 0.00344455, 0.0318843, 0.672647, 0.990917, 0.00344455, 0.0318843)
reports[-1].CovMatrix = ['3.61615e-05','0.000176507','-0.000144695','2.52938e-07','-7.69964e-08','-1.29359e-07','1.58058e-08','5.88223e-09','0','0','0','0','0.000176507','0.00253771','-0.00203879','3.7184e-06','-4.97435e-07','1.48803e-07','4.16459e-08','2.29447e-07','0','0','0','0','-0.000144695','-0.00203879','0.00167093','-2.85796e-06','3.82999e-07','-1.08266e-07','-3.6994e-08','-1.55595e-07','0','0','0','0','2.52938e-07','3.7184e-06','-2.85796e-06','1.82094e-08','-4.5992e-10','1.1931e-09','-8.82479e-11','1.11255e-09','0','0','0','0','-7.69964e-08','-4.97435e-07','3.82999e-07','-4.5992e-10','2.15871e-08','7.48579e-09','4.21175e-10','2.82982e-10','0','0','0','0','-1.29359e-07','1.48803e-07','-1.08266e-07','1.1931e-09','7.48579e-09','9.21751e-09','2.83102e-11','5.65941e-10','0','0','0','0','1.58058e-08','4.16459e-08','-3.6994e-08','-8.82479e-11','4.21175e-10','2.83102e-11','1.05939e-05','-6.70646e-12','0','0','0','0','5.88223e-09','2.29447e-07','-1.55595e-07','1.11255e-09','2.82982e-10','5.65941e-10','-6.70646e-12','2.29908e-05','0','0','0','0','0','0','0','0','0','0','0','0','0','0','0','0','0','0','0','0','0','0','0','0','0','0','0','0','0','0','0','0','0','0','0','0','0','0','0','0','0','0','0','0','0','0','0','0','0','0','0','0']

reports.append(Report(579108864, ("DT", -2, 2, 1), "MBwhAst2sec01"))
reports[-1].posNum = 28984
reports[-1].negNum = 0
reports[-1].fittype = "6DOF"
reports[-1].add_parameters(ValErr(-0.105426, 0.0056073, 0), \
                           ValErr(0.106657, 0.0443966, 0), \
                           ValErr(-0.0233328, 0.0425875, 0), \
                           ValErr(0.000145394, 0.000162203, 0), \
                           ValErr(0.000335491, 0.000154763, 0), \
                           ValErr(-0.000158093, 0.000108265, 0), \
                           -84605.4, 28984, 28984, -nan)
reports[-1].sigmax = ValErr(0.88791, 0.00368787, 0)
reports[-1].sigmay = ValErr(1.22146, 0.0050733, 0)
reports[-1].sigmadxdz = ValErr(0, 0, 0)
reports[-1].sigmadydz = ValErr(0, 0, 0)
reports[-1].add_stats(-0.112347, 0.0790562, 0.000199451, 0.000338319, -0.108543, 0.0821262, 0.000228654, -0.000691749, -0.108543, 0.0821262, 0.000228654, -0.000691749, -0.108929, 0.0839209, 0.000226018, -0.000737892, -0.108929, 0.0839209, 0.000226018, -0.000737892, 0.88799, 1.22178, 0.00370383, 0.0262177, 0.88799, 1.22178, 0.00370383, 0.0262177)
reports[-1].CovMatrix = ['3.14419e-05','-7.99503e-05','7.76539e-05','-1.38575e-07','2.65222e-08','-5.79752e-08','1.27625e-08','1.7769e-09','0','0','0','0','-7.99503e-05','0.00197105','-0.00186537','3.33285e-06','3.97642e-07','1.12466e-07','-8.15083e-08','1.90207e-07','0','0','0','0','7.76539e-05','-0.00186537','0.00181369','-3.09511e-06','-3.97804e-07','-1.1535e-07','6.93003e-08','-1.38006e-07','0','0','0','0','-1.38575e-07','3.33285e-06','-3.09511e-06','2.63097e-08','-1.68784e-10','-6.94821e-10','-1.61494e-09','2.92409e-09','0','0','0','0','2.65222e-08','3.97642e-07','-3.97804e-07','-1.68784e-10','2.39514e-08','1.12006e-08','-9.99495e-10','2.8666e-09','0','0','0','0','-5.79752e-08','1.12466e-07','-1.1535e-07','-6.94821e-10','1.12006e-08','1.17213e-08','-2.0368e-11','9.97846e-10','0','0','0','0','1.27625e-08','-8.15083e-08','6.93003e-08','-1.61494e-09','-9.99495e-10','-2.0368e-11','1.36004e-05','-3.43004e-10','0','0','0','0','1.7769e-09','1.90207e-07','-1.38006e-07','2.92409e-09','2.8666e-09','9.97846e-10','-3.43004e-10','2.57384e-05','0','0','0','0','0','0','0','0','0','0','0','0','0','0','0','0','0','0','0','0','0','0','0','0','0','0','0','0','0','0','0','0','0','0','0','0','0','0','0','0','0','0','0','0','0','0','0','0','0','0','0','0']

reports.append(Report(579371008, ("DT", -2, 2, 2), "MBwhAst2sec02"))
reports[-1].posNum = 26697
reports[-1].negNum = 0
reports[-1].fittype = "6DOF"
reports[-1].add_parameters(ValErr(0.0539581, 0.00600124, 0), \
                           ValErr(-0.0965496, 0.0464016, 0), \
                           ValErr(-0.017243, 0.0444823, 0), \
                           ValErr(6.90036e-05, 0.000174216, 0), \
                           ValErr(-1.2041e-05, 0.000162869, 0), \
                           ValErr(-6.17704e-05, 0.000116778, 0), \
                           -78207.3, 26697, 26697, -nan)
reports[-1].sigmax = ValErr(0.895444, 0.00387519, 0)
reports[-1].sigmay = ValErr(1.22385, 0.00529642, 0)
reports[-1].sigmadxdz = ValErr(0, 0, 0)
reports[-1].sigmadydz = ValErr(0, 0, 0)
reports[-1].add_stats(0.048375, -0.109108, 9.09213e-05, -0.000342389, 0.0541225, -0.114493, 8.14816e-05, -0.00118876, 0.0541225, -0.114493, 8.14816e-05, -0.00118876, 0.0525052, -0.115403, 9.82404e-05, -0.00112811, 0.0525052, -0.115403, 9.82404e-05, -0.00112811, 0.89545, 1.22386, 0.00370697, 0.0256512, 0.89545, 1.22386, 0.00370697, 0.0256512)
reports[-1].CovMatrix = ['3.60149e-05','-0.000100264','9.70097e-05','-1.73509e-07','-2.85396e-10','-9.42938e-08','1.01607e-08','5.22169e-09','0','0','0','0','-0.000100264','0.00215311','-0.00203594','3.6639e-06','5.9906e-07','3.45191e-07','1.36445e-07','-9.30488e-08','0','0','0','0','9.70097e-05','-0.00203594','0.00197867','-3.34667e-06','-6.50424e-07','-3.47546e-07','-1.33468e-07','1.27616e-07','0','0','0','0','-1.73509e-07','3.6639e-06','-3.34667e-06','3.03513e-08','-1.08214e-09','-6.77546e-10','3.29007e-10','3.25084e-10','0','0','0','0','-2.85396e-10','5.9906e-07','-6.50424e-07','-1.08214e-09','2.65263e-08','1.29982e-08','1.28978e-09','-1.45918e-10','0','0','0','0','-9.42938e-08','3.45191e-07','-3.47546e-07','-6.77546e-10','1.29982e-08','1.36372e-08','8.24914e-10','-1.79048e-11','0','0','0','0','1.01607e-08','1.36445e-07','-1.33468e-07','3.29007e-10','1.28978e-09','8.24914e-10','1.50171e-05','-7.45807e-12','0','0','0','0','5.22169e-09','-9.30488e-08','1.27616e-07','3.25084e-10','-1.45918e-10','-1.79048e-11','-7.45807e-12','2.80521e-05','0','0','0','0','0','0','0','0','0','0','0','0','0','0','0','0','0','0','0','0','0','0','0','0','0','0','0','0','0','0','0','0','0','0','0','0','0','0','0','0','0','0','0','0','0','0','0','0','0','0','0','0']

reports.append(Report(579633152, ("DT", -2, 2, 3), "MBwhAst2sec03"))
reports[-1].posNum = 23455
reports[-1].negNum = 0
reports[-1].fittype = "6DOF"
reports[-1].add_parameters(ValErr(-0.0565523, 0.00628183, 0), \
                           ValErr(-0.155879, 0.0492151, 0), \
                           ValErr(0.0350357, 0.0471888, 0), \
                           ValErr(5.52327e-05, 0.000182851, 0), \
                           ValErr(-2.89079e-05, 0.000175652, 0), \
                           ValErr(-0.000143056, 0.000124092, 0), \
                           -68029.2, 23455, 23455, -nan)
reports[-1].sigmax = ValErr(0.887348, 0.00409696, 0)
reports[-1].sigmay = ValErr(1.19968, 0.00553907, 0)
reports[-1].sigmadxdz = ValErr(0, 0, 0)
reports[-1].sigmadydz = ValErr(0, 0, 0)
reports[-1].add_stats(-0.0561118, -0.12333, 0.000210944, 0.000155009, -0.0600754, -0.121388, 0.00023278, -0.00057898, -0.0600754, -0.121388, 0.00023278, -0.00057898, -0.0600745, -0.11383, 0.000226049, -0.00067878, -0.0600745, -0.11383, 0.000226049, -0.00067878, 0.887381, 1.19971, 0.00372999, 0.0253293, 0.887381, 1.19971, 0.00372999, 0.0253293)
reports[-1].CovMatrix = ['3.94614e-05','-9.21771e-05','8.96487e-05','-1.57918e-07','-4.83285e-08','-1.53622e-07','2.21837e-08','-1.31613e-08','0','0','0','0','-9.21771e-05','0.00242212','-0.00229072','4.18604e-06','4.26172e-07','5.44207e-08','-1.94141e-08','1.36532e-07','0','0','0','0','8.96487e-05','-0.00229072','0.00222678','-3.73944e-06','-3.97696e-07','-6.34577e-08','8.64373e-09','-7.24621e-08','0','0','0','0','-1.57918e-07','4.18604e-06','-3.73944e-06','3.34345e-08','3.2601e-10','-8.11651e-10','-8.91229e-10','2.21505e-09','0','0','0','0','-4.83285e-08','4.26172e-07','-3.97696e-07','3.2601e-10','3.08537e-08','1.48788e-08','4.04141e-10','1.3394e-09','0','0','0','0','-1.53622e-07','5.44207e-08','-6.34577e-08','-8.11651e-10','1.48788e-08','1.53989e-08','8.75077e-11','1.08267e-09','0','0','0','0','2.21837e-08','-1.94141e-08','8.64373e-09','-8.91229e-10','4.04141e-10','8.75077e-11','1.67851e-05','-5.85822e-11','0','0','0','0','-1.31613e-08','1.36532e-07','-7.24621e-08','2.21505e-09','1.3394e-09','1.08267e-09','-5.85822e-11','3.06814e-05','0','0','0','0','0','0','0','0','0','0','0','0','0','0','0','0','0','0','0','0','0','0','0','0','0','0','0','0','0','0','0','0','0','0','0','0','0','0','0','0','0','0','0','0','0','0','0','0','0','0','0','0']

reports.append(Report(579895296, ("DT", -2, 2, 4), "MBwhAst2sec04"))
reports[-1].posNum = 28000
reports[-1].negNum = 0
reports[-1].fittype = "6DOF"
reports[-1].add_parameters(ValErr(0.00871886, 0.00569534, 0), \
                           ValErr(-0.107367, 0.0454886, 0), \
                           ValErr(0.133872, 0.0435806, 0), \
                           ValErr(-3.13399e-05, 0.000168363, 0), \
                           ValErr(4.94803e-05, 0.000158933, 0), \
                           ValErr(-0.000105324, 0.000112787, 0), \
                           -81655.1, 28000, 28000, -nan)
reports[-1].sigmax = ValErr(0.889427, 0.00368096, 0)
reports[-1].sigmay = ValErr(1.21598, 0.00513005, 0)
reports[-1].sigmadxdz = ValErr(0, 0, 0)
reports[-1].sigmadydz = ValErr(0, 0, 0)
reports[-1].add_stats(0.0013981, 0.0310833, 8.87505e-05, -0.000788505, 0.00163462, 0.0290616, 9.27157e-05, -0.00128392, 0.00163462, 0.0290616, 9.27157e-05, -0.00128392, -0.000220478, 0.0374669, 0.000106944, -0.0013884, -0.000220478, 0.0374669, 0.000106944, -0.0013884, 0.889588, 1.21607, 0.00369156, 0.0253646, 0.889588, 1.21607, 0.00369156, 0.0253646)
