nan = None;  NAN = None
nan = 0
reports = []
class ValErr:
    def __init__(self, value, error, antisym):
        self.value, self.error, self.antisym = value, error, antisym

    def __repr__(self):
        if self.antisym == 0.:
            return "%g +- %g" % (self.value, self.error)
        else:
            return "%g +- %g ~ %g" % (self.value, self.error, self.antisym)

class Report:
    def __init__(self, chamberId, postal_address, name):
        self.chamberId, self.postal_address, self.name = chamberId, postal_address, name
        self.status = "NOFIT"
        self.fittype = None
        self.CovMatrix = None

    def add_parameters(self, deltax, deltay, deltaz, deltaphix, deltaphiy, deltaphiz, loglikelihood, numsegments, sumofweights, redchi2):
        self.status = "PASS"
        self.deltax, self.deltay, self.deltaz, self.deltaphix, self.deltaphiy, self.deltaphiz = deltax, deltay, deltaz, deltaphix, deltaphiy, deltaphiz
        self.loglikelihood, self.numsegments, self.sumofweights, self.redchi2 = loglikelihood, numsegments, sumofweights, redchi2

    def add_stats(self, median_x, median_y, median_dxdz, median_dydz, mean30_x, mean30_y, mean20_dxdz, mean50_dydz, mean15_x, mean15_y, mean10_dxdz, mean25_dydz, wmean30_x, wmean30_y, wmean20_dxdz, wmean50_dydz, wmean15_x, wmean15_y, wmean10_dxdz, wmean25_dydz, stdev30_x, stdev30_y, stdev20_dxdz, stdev50_dydz, stdev15_x, stdev15_y, stdev10_dxdz, stdev25_dydz):
        self.median_x, self.median_y, self.median_dxdz, self.median_dydz, self.mean30_x, self.mean30_y, self.mean20_dxdz, self.mean50_dydz, self.mean15_x, self.mean15_y, self.mean10_dxdz, self.mean25_dydz, self.wmean30_x, self.wmean30_y, self.wmean20_dxdz, self.wmean50_dydz, self.wmean15_x, self.wmean15_y, self.wmean10_dxdz, self.wmean25_dydz, self.stdev30_x, self.stdev30_y, self.stdev20_dxdz, self.stdev50_dydz, self.stdev15_x, self.stdev15_y, self.stdev10_dxdz, self.stdev25_dydz = median_x, median_y, median_dxdz, median_dydz, mean30_x, mean30_y, mean20_dxdz, mean50_dydz, mean15_x, mean15_y, mean10_dxdz, mean25_dydz, wmean30_x, wmean30_y, wmean20_dxdz, wmean50_dydz, wmean15_x, wmean15_y, wmean10_dxdz, wmean25_dydz, stdev30_x, stdev30_y, stdev20_dxdz, stdev50_dydz, stdev15_x, stdev15_y, stdev10_dxdz, stdev25_dydz

    def __repr__(self):
        return "<Report %s %s %s>" % (self.postal_address[0], " ".join(map(str, self.postal_address[1:])), self.status)

reports.append(Report(574914560, ("DT", -2, 1, 1), "MBwhAst1sec01"))
reports[-1].posNum = 40737
reports[-1].negNum = 0
reports[-1].fittype = "6DOF"
reports[-1].add_parameters(ValErr(-0.0806215, 0.00434812, 0), \
                           ValErr(0.208177, 0.0355999, 0), \
                           ValErr(0.000325612, 0.0288596, 0), \
                           ValErr(6.9047e-05, 9.89518e-05, 0), \
                           ValErr(0.000235679, 0.000105127, 0), \
                           ValErr(9.16135e-05, 7.03577e-05, 0), \
                           -99680.5, 40737, 40737, -nan)
reports[-1].sigmax = ValErr(0.6752, 0.0023655, 0)
reports[-1].sigmay = ValErr(1.0018, 0.00350973, 0)
reports[-1].sigmadxdz = ValErr(0, 0, 0)
reports[-1].sigmadydz = ValErr(0, 0, 0)
reports[-1].add_stats(-0.0805001, 0.209415, 8.51848e-05, -0.00223394, -0.0802049, 0.207634, 9.46113e-05, -0.00121695, -0.0802049, 0.207634, 9.46113e-05, -0.00121695, -0.0775092, 0.209147, 8.18675e-05, -0.00129015, -0.0775092, 0.209147, 8.18675e-05, -0.00129015, 0.675209, 1.00186, 0.00346706, 0.0314478, 0.675209, 1.00186, 0.00346706, 0.0314478)
reports[-1].CovMatrix = ['1.89061e-05','8.99819e-05','-7.37147e-05','1.29558e-07','-3.59113e-08','-6.44194e-08','1.29608e-08','-3.79117e-09','0','0','0','0','8.99819e-05','0.00126735','-0.00101652','1.86491e-06','-2.46038e-07','8.27204e-08','7.79035e-08','3.14656e-08','0','0','0','0','-7.37147e-05','-0.00101652','0.000832875','-1.42786e-06','1.94382e-07','-6.04813e-08','-6.42311e-08','-9.94151e-09','0','0','0','0','1.29558e-07','1.86491e-06','-1.42786e-06','9.79145e-09','-2.40717e-10','6.75319e-10','1.06454e-10','3.60903e-10','0','0','0','0','-3.59113e-08','-2.46038e-07','1.94382e-07','-2.40717e-10','1.10518e-08','3.98543e-09','3.45809e-10','-2.9163e-11','0','0','0','0','-6.44194e-08','8.27204e-08','-6.04813e-08','6.75319e-10','3.98543e-09','4.95021e-09','3.54415e-11','2.82353e-10','0','0','0','0','1.29608e-08','7.79035e-08','-6.42311e-08','1.06454e-10','3.45809e-10','3.54415e-11','5.59558e-06','-8.12567e-12','0','0','0','0','-3.79117e-09','3.14656e-08','-9.94151e-09','3.60903e-10','-2.9163e-11','2.82353e-10','-8.12567e-12','1.23182e-05','0','0','0','0','0','0','0','0','0','0','0','0','0','0','0','0','0','0','0','0','0','0','0','0','0','0','0','0','0','0','0','0','0','0','0','0','0','0','0','0','0','0','0','0','0','0','0','0','0','0','0','0']

reports.append(Report(575176704, ("DT", -2, 1, 2), "MBwhAst1sec02"))
reports[-1].posNum = 26353
reports[-1].negNum = 0
reports[-1].fittype = "6DOF"
reports[-1].add_parameters(ValErr(0.0153101, 0.00531984, 0), \
                           ValErr(-0.0528895, 0.044149, 0), \
                           ValErr(-0.00784833, 0.0357419, 0), \
                           ValErr(2.94992e-05, 0.0001181, 0), \
                           ValErr(0.000254121, 0.000131755, 0), \
                           ValErr(3.2415e-05, 8.35177e-05, 0), \
                           -64025.5, 26353, 26353, -nan)
reports[-1].sigmax = ValErr(0.66723, 0.00290634, 0)
reports[-1].sigmay = ValErr(0.996282, 0.00433963, 0)
reports[-1].sigmadxdz = ValErr(0, 0, 0)
reports[-1].sigmadydz = ValErr(0, 0, 0)
reports[-1].add_stats(0.013041, -0.0675726, 0.000902768, -0.00292127, 0.0141597, -0.0618782, 0.000916611, -0.00153956, 0.0141597, -0.0618782, 0.000916611, -0.00153956, 0.014416, -0.0599571, 0.00091157, -0.0017282, 0.014416, -0.0599571, 0.00091157, -0.0017282, 0.667232, 0.996363, 0.0034139, 0.033321, 0.667232, 0.996363, 0.0034139, 0.033321)
reports[-1].CovMatrix = ['2.83007e-05','0.000130143','-0.000106652','1.82711e-07','-7.73201e-08','-1.23156e-07','1.26233e-08','2.33737e-09','0','0','0','0','0.000130143','0.00194914','-0.00156082','2.82603e-06','-5.1422e-07','3.1958e-08','3.65581e-08','1.66123e-07','0','0','0','0','-0.000106652','-0.00156082','0.00127748','-2.14073e-06','3.85276e-07','-1.31963e-08','-3.28638e-08','-1.07626e-07','0','0','0','0','1.82711e-07','2.82603e-06','-2.14073e-06','1.39475e-08','-3.04547e-10','7.68264e-10','-7.09454e-11','8.8795e-10','0','0','0','0','-7.73201e-08','-5.1422e-07','3.85276e-07','-3.04547e-10','1.73595e-08','5.71473e-09','2.5535e-10','3.20879e-10','0','0','0','0','-1.23156e-07','3.1958e-08','-1.31963e-08','7.68264e-10','5.71473e-09','6.97521e-09','8.8584e-12','4.39519e-10','0','0','0','0','1.26233e-08','3.65581e-08','-3.28638e-08','-7.09454e-11','2.5535e-10','8.8584e-12','8.4468e-06','-4.62376e-12','0','0','0','0','2.33737e-09','1.66123e-07','-1.07626e-07','8.8795e-10','3.20879e-10','4.39519e-10','-4.62376e-12','1.88324e-05','0','0','0','0','0','0','0','0','0','0','0','0','0','0','0','0','0','0','0','0','0','0','0','0','0','0','0','0','0','0','0','0','0','0','0','0','0','0','0','0','0','0','0','0','0','0','0','0','0','0','0','0']

reports.append(Report(575438848, ("DT", -2, 1, 3), "MBwhAst1sec03"))
reports[-1].posNum = 29527
reports[-1].negNum = 0
reports[-1].fittype = "6DOF"
reports[-1].add_parameters(ValErr(-0.023605, 0.00533758, 0), \
                           ValErr(-0.0896072, 0.0408106, 0), \
                           ValErr(0.000273884, 0.0331295, 0), \
                           ValErr(-9.2045e-05, 0.000113158, 0), \
                           ValErr(0.00028088, 0.000120392, 0), \
                           ValErr(-3.23561e-05, 8.14729e-05, 0), \
                           -71928.4, 29527, 29527, -nan)
reports[-1].sigmax = ValErr(0.672266, 0.00276641, 0)
reports[-1].sigmay = ValErr(0.995259, 0.00409555, 0)
reports[-1].sigmadxdz = ValErr(0, 0, 0)
reports[-1].sigmadydz = ValErr(0, 0, 0)
reports[-1].add_stats(-0.027092, -0.0916418, 8.20771e-05, -0.00271938, -0.0256578, -0.088224, 9.36499e-05, -0.00170228, -0.0256578, -0.088224, 9.36499e-05, -0.00170228, -0.0231342, -0.0899818, 8.01878e-05, -0.0017233, -0.0231342, -0.0899818, 8.01878e-05, -0.0017233, 0.672274, 0.99542, 0.00344622, 0.0322801, 0.672274, 0.99542, 0.00344622, 0.0322801)
reports[-1].CovMatrix = ['2.84898e-05','0.000132204','-0.000108335','1.84418e-07','-7.79751e-08','-1.21223e-07','1.59058e-08','-2.36481e-09','0','0','0','0','0.000132204','0.00166551','-0.00133645','2.42162e-06','-4.05228e-07','-6.29532e-09','1.16909e-07','2.83526e-08','0','0','0','0','-0.000108335','-0.00133645','0.00109756','-1.81532e-06','3.68191e-07','1.99599e-08','-9.41554e-08','-1.23794e-09','0','0','0','0','1.84418e-07','2.42162e-06','-1.81532e-06','1.28047e-08','1.87487e-11','8.33095e-10','2.78444e-10','3.31836e-10','0','0','0','0','-7.79751e-08','-4.05228e-07','3.68191e-07','1.87487e-11','1.44943e-08','5.38317e-09','-1.04851e-10','8.38303e-10','0','0','0','0','-1.21223e-07','-6.29532e-09','1.99599e-08','8.33095e-10','5.38317e-09','6.63784e-09','6.39853e-11','3.44531e-10','0','0','0','0','1.59058e-08','1.16909e-07','-9.41554e-08','2.78444e-10','-1.04851e-10','6.39853e-11','7.65303e-06','-1.74122e-13','0','0','0','0','-2.36481e-09','2.83526e-08','-1.23794e-09','3.31836e-10','8.38303e-10','3.44531e-10','-1.74122e-13','1.67735e-05','0','0','0','0','0','0','0','0','0','0','0','0','0','0','0','0','0','0','0','0','0','0','0','0','0','0','0','0','0','0','0','0','0','0','0','0','0','0','0','0','0','0','0','0','0','0','0','0','0','0','0','0']

reports.append(Report(575700992, ("DT", -2, 1, 4), "MBwhAst1sec04"))
reports[-1].posNum = 41377
reports[-1].negNum = 0
reports[-1].fittype = "6DOF"
reports[-1].add_parameters(ValErr(-0.0972113, 0.00424883, 0), \
                           ValErr(0.110906, 0.036408, 0), \
                           ValErr(-0.0659913, 0.0294639, 0), \
                           ValErr(0.000125921, 9.74552e-05, 0), \
                           ValErr(-0.000113492, 0.000105701, 0), \
                           ValErr(0.000364754, 6.89985e-05, 0), \
                           -101306, 41377, 41377, -nan)
reports[-1].sigmax = ValErr(0.676229, 0.00235072, 0)
reports[-1].sigmay = ValErr(1.00172, 0.00348217, 0)
reports[-1].sigmadxdz = ValErr(0, 0, 0)
reports[-1].sigmadydz = ValErr(0, 0, 0)
reports[-1].add_stats(-0.0998628, 0.0281756, 0.00052353, -0.00288574, -0.096813, 0.0284907, 0.000535708, -0.00203148, -0.096813, 0.0284907, 0.000535708, -0.00203148, -0.0980565, 0.0262845, 0.000539385, -0.00207182, -0.0980565, 0.0262845, 0.000539385, -0.00207182, 0.676503, 1.00193, 0.00343957, 0.0343226, 0.676503, 1.00193, 0.00343957, 0.0343226)
reports[-1].CovMatrix = ['1.80525e-05','8.95686e-05','-7.32802e-05','1.29249e-07','-2.48991e-08','-4.8887e-08','1.24189e-08','-2.61774e-09','0','0','0','0','8.95686e-05','0.00132554','-0.00106231','1.93083e-06','-2.56124e-07','9.9427e-08','5.85976e-08','6.13172e-08','0','0','0','0','-7.32802e-05','-0.00106231','0.000868119','-1.50264e-06','1.83371e-07','-7.60387e-08','-4.93862e-08','-3.47179e-08','0','0','0','0','1.29249e-07','1.93083e-06','-1.50264e-06','9.49752e-09','-3.14016e-10','6.43706e-10','6.41856e-11','3.96328e-10','0','0','0','0','-2.48991e-08','-2.56124e-07','1.83371e-07','-3.14016e-10','1.11727e-08','3.83712e-09','3.53024e-10','-5.3339e-11','0','0','0','0','-4.8887e-08','9.9427e-08','-7.60387e-08','6.43706e-10','3.83712e-09','4.76079e-09','-3.64571e-11','3.81557e-10','0','0','0','0','1.24189e-08','5.85976e-08','-4.93862e-08','6.41856e-11','3.53024e-10','-3.64571e-11','5.52587e-06','-1.85949e-11','0','0','0','0','-2.61774e-09','6.13172e-08','-3.47179e-08','3.96328e-10','-5.3339e-11','3.81557e-10','-1.85949e-11','1.21255e-05','0','0','0','0','0','0','0','0','0','0','0','0','0','0','0','0','0','0','0','0','0','0','0','0','0','0','0','0','0','0','0','0','0','0','0','0','0','0','0','0','0','0','0','0','0','0','0','0','0','0','0','0']

reports.append(Report(575963136, ("DT", -2, 1, 5), "MBwhAst1sec05"))
reports[-1].posNum = 37006
reports[-1].negNum = 0
reports[-1].fittype = "6DOF"
reports[-1].add_parameters(ValErr(0.0280786, 0.00465855, 0), \
                           ValErr(0.0564682, 0.0378789, 0), \
                           ValErr(-0.0842426, 0.0307546, 0), \
                           ValErr(-0.000159618, 0.000101139, 0), \
                           ValErr(8.68652e-05, 0.000111146, 0), \
                           ValErr(-0.00016848, 7.11918e-05, 0), \
                           -89771.7, 37006, 37006, -nan)
reports[-1].sigmax = ValErr(0.667661, 0.00245419, 0)
reports[-1].sigmay = ValErr(0.992, 0.00364637, 0)
reports[-1].sigmadxdz = ValErr(0, 0, 0)
reports[-1].sigmadydz = ValErr(0, 0, 0)
reports[-1].add_stats(0.0182936, -0.0395377, -0.000154254, -0.000619941, 0.0170722, -0.0418104, -0.000142981, -0.000606363, 0.0170722, -0.0418104, -0.000142981, -0.000606363, 0.0152822, -0.0448557, -0.000139337, -0.000839465, 0.0152822, -0.0448557, -0.000139337, -0.000839465, 0.667755, 0.992272, 0.00341815, 0.0340252, 0.667755, 0.992272, 0.00341815, 0.0340252)
reports[-1].CovMatrix = ['2.17021e-05','0.000109409','-8.96427e-05','1.56156e-07','-4.43467e-08','-7.09051e-08','9.91038e-09','3.18849e-09','0','0','0','0','0.000109409','0.00143481','-0.00115335','2.08441e-06','-3.89682e-07','-1.70709e-08','4.711e-08','9.05534e-08','0','0','0','0','-8.96427e-05','-0.00115335','0.000945846','-1.61367e-06','3.35595e-07','2.23349e-08','-4.08438e-08','-5.44856e-08','0','0','0','0','1.56156e-07','2.08441e-06','-1.61367e-06','1.02291e-08','-7.99763e-12','6.03793e-10','-9.57735e-11','7.0053e-10','0','0','0','0','-4.43467e-08','-3.89682e-07','3.35595e-07','-7.99763e-12','1.23535e-08','4.1055e-09','-1.28255e-10','7.26773e-10','0','0','0','0','-7.09051e-08','-1.70709e-08','2.23349e-08','6.03793e-10','4.1055e-09','5.06828e-09','-2.47528e-11','3.68476e-10','0','0','0','0','9.91038e-09','4.711e-08','-4.08438e-08','-9.57735e-11','-1.28255e-10','-2.47528e-11','6.02304e-06','-1.63492e-11','0','0','0','0','3.18849e-09','9.05534e-08','-5.44856e-08','7.0053e-10','7.26773e-10','3.68476e-10','-1.63492e-11','1.3296e-05','0','0','0','0','0','0','0','0','0','0','0','0','0','0','0','0','0','0','0','0','0','0','0','0','0','0','0','0','0','0','0','0','0','0','0','0','0','0','0','0','0','0','0','0','0','0','0','0','0','0','0','0']

reports.append(Report(576225280, ("DT", -2, 1, 6), "MBwhAst1sec06"))
reports[-1].posNum = 31232
reports[-1].negNum = 0
reports[-1].fittype = "6DOF"
reports[-1].add_parameters(ValErr(0.00575587, 0.00538401, 0), \
                           ValErr(-0.0925425, 0.0405896, 0), \
                           ValErr(0.120183, 0.0329303, 0), \
                           ValErr(0.000217117, 0.000111406, 0), \
                           ValErr(4.27453e-05, 0.000120888, 0), \
                           ValErr(9.01573e-06, 8.01655e-05, 0), \
                           -76191.8, 31232, 31232, -nan)
reports[-1].sigmax = ValErr(0.673134, 0.00269332, 0)
reports[-1].sigmay = ValErr(0.997481, 0.00399109, 0)
reports[-1].sigmadxdz = ValErr(0, 0, 0)
reports[-1].sigmadydz = ValErr(0, 0, 0)
reports[-1].add_stats(0.0182362, 0.0507744, -5.48976e-05, -0.00352689, 0.0174146, 0.0444511, -6.77362e-05, -0.00269099, 0.0174146, 0.0444511, -6.77362e-05, -0.00269099, 0.0198113, 0.0435043, -7.23742e-05, -0.00281745, 0.0198113, 0.0435043, -7.23742e-05, -0.00281745, 0.67324, 0.997827, 0.00343824, 0.0323519, 0.67324, 0.997827, 0.00343824, 0.0323519)
reports[-1].CovMatrix = ['2.89875e-05','0.000138223','-0.00011308','1.90775e-07','-8.76342e-08','-1.28061e-07','1.56931e-08','-1.80543e-09','0','0','0','0','0.000138223','0.00164751','-0.00132148','2.38669e-06','-4.37422e-07','-4.46844e-08','8.96169e-08','6.97266e-08','0','0','0','0','-0.00011308','-0.00132148','0.0010844','-1.7799e-06','4.16243e-07','5.26602e-08','-6.48963e-08','-4.49034e-08','0','0','0','0','1.90775e-07','2.38669e-06','-1.7799e-06','1.24113e-08','9.2055e-11','8.03811e-10','4.73346e-10','3.55651e-11','0','0','0','0','-8.76342e-08','-4.37422e-07','4.16243e-07','9.2055e-11','1.46139e-08','5.23193e-09','4.72222e-10','-2.76722e-11','0','0','0','0','-1.28061e-07','-4.46844e-08','5.26602e-08','8.03811e-10','5.23193e-09','6.4265e-09','9.88762e-11','2.64605e-10','0','0','0','0','1.56931e-08','8.96169e-08','-6.48963e-08','4.73346e-10','4.72222e-10','9.88762e-11','7.25398e-06','-5.02719e-12','0','0','0','0','-1.80543e-09','6.97266e-08','-4.49034e-08','3.55651e-11','-2.76722e-11','2.64605e-10','-5.02719e-12','1.59288e-05','0','0','0','0','0','0','0','0','0','0','0','0','0','0','0','0','0','0','0','0','0','0','0','0','0','0','0','0','0','0','0','0','0','0','0','0','0','0','0','0','0','0','0','0','0','0','0','0','0','0','0','0']

reports.append(Report(576487424, ("DT", -2, 1, 7), "MBwhAst1sec07"))
reports[-1].posNum = 42911
reports[-1].negNum = 0
reports[-1].fittype = "6DOF"
reports[-1].add_parameters(ValErr(-0.0424579, 0.00425533, 0), \
                           ValErr(0.0407325, 0.0355351, 0), \
                           ValErr(0.135826, 0.0288113, 0), \
                           ValErr(-3.3372e-06, 9.76678e-05, 0), \
                           ValErr(0.000320824, 0.000105126, 0), \
                           ValErr(-0.000123756, 6.99817e-05, 0), \
                           -104821, 42911, 42911, -nan)
reports[-1].sigmax = ValErr(0.676341, 0.00230869, 0)
reports[-1].sigmay = ValErr(0.995952, 0.0033997, 0)
reports[-1].sigmadxdz = ValErr(0, 0, 0)
reports[-1].sigmadydz = ValErr(0, 0, 0)
reports[-1].add_stats(-0.0353565, 0.21041, 0.000198444, -0.00131336, -0.0343428, 0.203743, 0.000206354, -0.0016367, -0.0343428, 0.203743, 0.000206354, -0.0016367, -0.0301642, 0.202032, 0.000181845, -0.00172014, -0.0301642, 0.202032, 0.000181845, -0.00172014, 0.676514, 0.996314, 0.00345445, 0.0320518, 0.676514, 0.996314, 0.00345445, 0.0320518)
reports[-1].CovMatrix = ['1.81078e-05','8.86861e-05','-7.26484e-05','1.27072e-07','-3.81598e-08','-6.37176e-08','1.34196e-08','-5.21678e-09','0','0','0','0','8.86861e-05','0.00126274','-0.00101364','1.84733e-06','-2.77016e-07','5.06941e-08','1.15603e-07','-3.00744e-08','0','0','0','0','-7.26484e-05','-0.00101364','0.00083009','-1.4196e-06','2.15804e-07','-3.45273e-08','-9.43075e-08','3.81381e-08','0','0','0','0','1.27072e-07','1.84733e-06','-1.4196e-06','9.53899e-09','-1.82299e-10','6.08697e-10','1.87115e-10','2.19973e-10','0','0','0','0','-3.81598e-08','-2.77016e-07','2.15804e-07','-1.82299e-10','1.10516e-08','3.99191e-09','-6.30503e-12','4.77493e-10','0','0','0','0','-6.37176e-08','5.06941e-08','-3.45273e-08','6.08697e-10','3.99191e-09','4.89744e-09','4.5025e-11','2.54567e-10','0','0','0','0','1.34196e-08','1.15603e-07','-9.43075e-08','1.87115e-10','-6.30503e-12','4.5025e-11','5.33007e-06','-1.91683e-12','0','0','0','0','-5.21678e-09','-3.00744e-08','3.81381e-08','2.19973e-10','4.77493e-10','2.54567e-10','-1.91683e-12','1.15579e-05','0','0','0','0','0','0','0','0','0','0','0','0','0','0','0','0','0','0','0','0','0','0','0','0','0','0','0','0','0','0','0','0','0','0','0','0','0','0','0','0','0','0','0','0','0','0','0','0','0','0','0','0']

reports.append(Report(576749568, ("DT", -2, 1, 8), "MBwhAst1sec08"))
reports[-1].posNum = 37932
reports[-1].negNum = 0
reports[-1].fittype = "6DOF"
reports[-1].add_parameters(ValErr(0.0306848, 0.00446152, 0), \
                           ValErr(0.0831265, 0.0375568, 0), \
                           ValErr(-0.0523831, 0.0304542, 0), \
                           ValErr(-8.98663e-05, 0.000102235, 0), \
                           ValErr(0.00037396, 0.000110864, 0), \
                           ValErr(-4.36464e-05, 7.20685e-05, 0), \
                           -92584.4, 37932, 37932, -nan)
reports[-1].sigmax = ValErr(0.670829, 0.00243605, 0)
reports[-1].sigmay = ValErr(1.00217, 0.00364082, 0)
reports[-1].sigmadxdz = ValErr(0, 0, 0)
reports[-1].sigmadydz = ValErr(0, 0, 0)
reports[-1].add_stats(0.0245848, 0.0295551, 0.000891681, -0.00126773, 0.0239075, 0.0233961, 0.000894277, -0.00099784, 0.0239075, 0.0233961, 0.000894277, -0.00099784, 0.02592, 0.0257495, 0.000887121, -0.00112467, 0.02592, 0.0257495, 0.000887121, -0.00112467, 0.670873, 1.00247, 0.00344373, 0.0335654, 0.670873, 1.00247, 0.00344373, 0.0335654)
reports[-1].CovMatrix = ['1.99052e-05','9.68034e-05','-7.93831e-05','1.37592e-07','-4.52657e-08','-7.63553e-08','-1.19077e-08','3.37662e-09','0','0','0','0','9.68034e-05','0.00141051','-0.00113207','2.05106e-06','-3.75968e-07','-2.25089e-08','-1.48874e-07','5.1859e-08','0','0','0','0','-7.93831e-05','-0.00113207','0.000927459','-1.57615e-06','2.94785e-07','2.74223e-08','1.26724e-07','-7.34186e-08','0','0','0','0','1.37592e-07','2.05106e-06','-1.57615e-06','1.04521e-08','9.1886e-11','5.81718e-10','-3.24602e-11','-3.78308e-10','0','0','0','0','-4.52657e-08','-3.75968e-07','2.94785e-07','9.1886e-11','1.22909e-08','4.23765e-09','6.46978e-11','-3.82657e-10','0','0','0','0','-7.63553e-08','-2.25089e-08','2.74223e-08','5.81718e-10','4.23765e-09','5.19387e-09','-4.81206e-11','-1.2421e-10','0','0','0','0','-1.19077e-08','-1.48874e-07','1.26724e-07','-3.24602e-11','6.46978e-11','-4.81206e-11','5.93435e-06','-2.03268e-09','0','0','0','0','3.37662e-09','5.1859e-08','-7.34186e-08','-3.78308e-10','-3.82657e-10','-1.2421e-10','-2.03268e-09','1.32555e-05','0','0','0','0','0','0','0','0','0','0','0','0','0','0','0','0','0','0','0','0','0','0','0','0','0','0','0','0','0','0','0','0','0','0','0','0','0','0','0','0','0','0','0','0','0','0','0','0','0','0','0','0']

reports.append(Report(577011712, ("DT", -2, 1, 9), "MBwhAst1sec09"))
reports[-1].posNum = 25131
reports[-1].negNum = 0
reports[-1].fittype = "6DOF"
reports[-1].add_parameters(ValErr(-0.0462496, 0.00528534, 0), \
                           ValErr(-0.0393311, 0.0447647, 0), \
                           ValErr(-0.00571318, 0.0362838, 0), \
                           ValErr(0.000293751, 0.000121454, 0), \
                           ValErr(6.09857e-05, 0.000129893, 0), \
                           ValErr(0.000189492, 8.62755e-05, 0), \
                           -60980.3, 25131, 25131, -nan)
reports[-1].sigmax = ValErr(0.669936, 0.00298823, 0)
reports[-1].sigmay = ValErr(0.989248, 0.00441249, 0)
reports[-1].sigmadxdz = ValErr(0, 0, 0)
reports[-1].sigmadydz = ValErr(0, 0, 0)
reports[-1].add_stats(-0.0428272, -0.041765, 6.33863e-05, -0.00312916, -0.0443808, -0.0507759, 7.86819e-05, -0.00198857, -0.0443808, -0.0507759, 7.86819e-05, -0.00198857, -0.0455155, -0.0534491, 8.81081e-05, -0.00220129, -0.0455155, -0.0534491, 8.81081e-05, -0.00220129, 0.669977, 0.98942, 0.00342165, 0.0335642, 0.669977, 0.98942, 0.00342165, 0.0335642)
reports[-1].CovMatrix = ['2.79348e-05','0.000129767','-0.000106451','1.89428e-07','-3.10049e-08','-7.34363e-08','8.93816e-09','1.09e-08','0','0','0','0','0.000129767','0.00200388','-0.00160728','2.95558e-06','-2.4362e-07','3.08415e-07','2.82368e-08','1.93397e-07','0','0','0','0','-0.000106451','-0.00160728','0.00131651','-2.29006e-06','1.42451e-07','-2.45252e-07','-1.65006e-08','-1.46966e-07','0','0','0','0','1.89428e-07','2.95558e-06','-2.29006e-06','1.47511e-08','-8.18008e-10','1.17684e-09','4.86825e-10','4.76465e-11','0','0','0','0','-3.10049e-08','-2.4362e-07','1.42451e-07','-8.18008e-10','1.68721e-08','5.93924e-09','-2.32386e-10','1.06619e-09','0','0','0','0','-7.34363e-08','3.08415e-07','-2.45252e-07','1.17684e-09','5.93924e-09','7.44347e-09','1.05033e-10','3.75666e-10','0','0','0','0','8.93816e-09','2.82368e-08','-1.65006e-08','4.86825e-10','-2.32386e-10','1.05033e-10','8.92954e-06','-2.06804e-11','0','0','0','0','1.09e-08','1.93397e-07','-1.46966e-07','4.76465e-11','1.06619e-09','3.75666e-10','-2.06804e-11','1.94701e-05','0','0','0','0','0','0','0','0','0','0','0','0','0','0','0','0','0','0','0','0','0','0','0','0','0','0','0','0','0','0','0','0','0','0','0','0','0','0','0','0','0','0','0','0','0','0','0','0','0','0','0','0']

reports.append(Report(577273856, ("DT", -2, 1, 10), "MBwhAst1sec10"))
reports[-1].posNum = 27320
reports[-1].negNum = 0
reports[-1].fittype = "6DOF"
reports[-1].add_parameters(ValErr(0.0381409, 0.00503544, 0), \
                           ValErr(0.106324, 0.0443626, 0), \
                           ValErr(-0.00632642, 0.0360311, 0), \
                           ValErr(-3.02886e-05, 0.000113709, 0), \
                           ValErr(0.000102605, 0.00012586, 0), \
                           ValErr(0.00022606, 7.84344e-05, 0), \
                           -66427.5, 27320, 27320, -nan)
reports[-1].sigmax = ValErr(0.669683, 0.00286493, 0)
reports[-1].sigmay = ValErr(0.994549, 0.00425471, 0)
reports[-1].sigmadxdz = ValErr(0, 0, 0)
reports[-1].sigmadydz = ValErr(0, 0, 0)
reports[-1].add_stats(0.0399752, 0.099874, 7.51291e-05, -0.00151668, 0.0395499, 0.0984731, 6.3763e-05, -1.17313e-05, 0.0395499, 0.0984731, 6.3763e-05, -1.17313e-05, 0.0425787, 0.0981418, 4.2062e-05, 6.66389e-05, 0.0425787, 0.0981418, 4.2062e-05, 6.66389e-05, 0.669787, 0.994567, 0.00342101, 0.0331488, 0.669787, 0.994567, 0.00342101, 0.0331488)
reports[-1].CovMatrix = ['2.53556e-05','0.000127357','-0.000104638','1.88304e-07','3.49015e-09','-2.52813e-08','9.35275e-09','1.10687e-08','0','0','0','0','0.000127357','0.00196804','-0.00158336','2.86878e-06','-2.96505e-07','2.34123e-07','3.02067e-08','1.70194e-07','0','0','0','0','-0.000104638','-0.00158336','0.00129824','-2.30361e-06','1.87785e-07','-1.89624e-07','-2.22456e-08','-1.27148e-07','0','0','0','0','1.88304e-07','2.86878e-06','-2.30361e-06','1.29298e-08','-5.85111e-10','9.662e-10','4.6227e-10','-3.75614e-11','0','0','0','0','3.49015e-09','-2.96505e-07','1.87785e-07','-5.85111e-10','1.58406e-08','4.94359e-09','7.74637e-11','5.53631e-10','0','0','0','0','-2.52813e-08','2.34123e-07','-1.89624e-07','9.662e-10','4.94359e-09','6.15196e-09','2.08412e-10','1.55698e-10','0','0','0','0','9.35275e-09','3.02067e-08','-2.22456e-08','4.6227e-10','7.74637e-11','2.08412e-10','8.20785e-06','-7.81548e-12','0','0','0','0','1.10687e-08','1.70194e-07','-1.27148e-07','-3.75614e-11','5.53631e-10','1.55698e-10','-7.81548e-12','1.81026e-05','0','0','0','0','0','0','0','0','0','0','0','0','0','0','0','0','0','0','0','0','0','0','0','0','0','0','0','0','0','0','0','0','0','0','0','0','0','0','0','0','0','0','0','0','0','0','0','0','0','0','0','0']

reports.append(Report(577536000, ("DT", -2, 1, 11), "MBwhAst1sec11"))
reports[-1].posNum = 28403
reports[-1].negNum = 0
reports[-1].fittype = "6DOF"
reports[-1].add_parameters(ValErr(0.0475784, 0.00530166, 0), \
                           ValErr(0.041873, 0.0447414, 0), \
                           ValErr(0.00644732, 0.0362767, 0), \
                           ValErr(0.000251478, 0.000114446, 0), \
                           ValErr(-0.000403743, 0.00012753, 0), \
                           ValErr(3.26336e-05, 7.99635e-05, 0), \
                           -69476.4, 28403, 28403, -nan)
reports[-1].sigmax = ValErr(0.675265, 0.00283318, 0)
reports[-1].sigmay = ValErr(1.00086, 0.00419933, 0)
reports[-1].sigmadxdz = ValErr(0, 0, 0)
reports[-1].sigmadydz = ValErr(0, 0, 0)
reports[-1].add_stats(0.05193, 0.047584, -0.000610587, -0.00306102, 0.0501814, 0.049084, -0.000593548, -0.00244111, 0.0501814, 0.049084, -0.000593548, -0.00244111, 0.0531952, 0.0461298, -0.000603874, -0.0026929, 0.0531952, 0.0461298, -0.000603874, -0.0026929, 0.675275, 1.00126, 0.00345507, 0.0339231, 0.675275, 1.00126, 0.00345507, 0.0339231)
reports[-1].CovMatrix = ['2.81076e-05','0.000151006','-0.000123438','2.19389e-07','-9.34185e-09','-3.18683e-08','1.76072e-08','1.17476e-09','0','0','0','0','0.000151006','0.00200179','-0.00160857','2.86979e-06','-4.61175e-07','5.4536e-08','1.12128e-07','4.72253e-08','0','0','0','0','-0.000123438','-0.00160857','0.001316','-2.30572e-06','3.98814e-07','-4.07482e-08','-8.97628e-08','-2.37668e-08','0','0','0','0','2.19389e-07','2.86979e-06','-2.30572e-06','1.30979e-08','-4.60792e-11','9.17486e-10','5.01354e-10','-7.10559e-11','0','0','0','0','-9.34185e-09','-4.61175e-07','3.98814e-07','-4.60792e-11','1.62639e-08','5.1354e-09','3.47615e-10','2.14786e-10','0','0','0','0','-3.18683e-08','5.4536e-08','-4.07482e-08','9.17486e-10','5.1354e-09','6.39417e-09','1.69728e-10','2.11512e-10','0','0','0','0','1.76072e-08','1.12128e-07','-8.97628e-08','5.01354e-10','3.47615e-10','1.69728e-10','8.02693e-06','3.10266e-12','0','0','0','0','1.17476e-09','4.72253e-08','-2.37668e-08','-7.10559e-11','2.14786e-10','2.11512e-10','3.10266e-12','1.76344e-05','0','0','0','0','0','0','0','0','0','0','0','0','0','0','0','0','0','0','0','0','0','0','0','0','0','0','0','0','0','0','0','0','0','0','0','0','0','0','0','0','0','0','0','0','0','0','0','0','0','0','0','0']

reports.append(Report(577798144, ("DT", -2, 1, 12), "MBwhAst1sec12"))
reports[-1].posNum = 36744
reports[-1].negNum = 0
reports[-1].fittype = "6DOF"
reports[-1].add_parameters(ValErr(-0.0173243, 0.0046003, 0), \
                           ValErr(0.0728514, 0.038549, 0), \
                           ValErr(0.0489711, 0.0312778, 0), \
                           ValErr(-0.000116113, 0.000103524, 0), \
                           ValErr(0.000404845, 0.000112728, 0), \
                           ValErr(0.000298742, 7.30965e-05, 0), \
                           -89950.7, 36744, 36744, -nan)
reports[-1].sigmax = ValErr(0.674993, 0.00248996, 0)
reports[-1].sigmay = ValErr(1.00322, 0.00370075, 0)
reports[-1].sigmadxdz = ValErr(0, 0, 0)
reports[-1].sigmadydz = ValErr(0, 0, 0)
reports[-1].add_stats(-0.00861097, 0.139755, 0.000780836, -0.00347513, -0.00909126, 0.133506, 0.000769306, -0.00175799, -0.00909126, 0.133506, 0.000769306, -0.00175799, -0.00891947, 0.135321, 0.000772479, -0.00186059, -0.00891947, 0.135321, 0.000772479, -0.00186059, 0.675176, 1.00325, 0.00345287, 0.0319773, 0.675176, 1.00325, 0.00345287, 0.0319773)
reports[-1].CovMatrix = ['2.11628e-05','0.000103296','-8.46944e-05','1.47667e-07','-4.56527e-08','-7.64905e-08','1.42485e-08','-3.97962e-09','0','0','0','0','0.000103296','0.00148603','-0.00119358','2.17343e-06','-3.15825e-07','7.00999e-08','1.11941e-07','3.99691e-09','0','0','0','0','-8.46944e-05','-0.00119358','0.000978302','-1.66942e-06','2.44528e-07','-4.91121e-08','-9.77523e-08','2.2509e-08','0','0','0','0','1.47667e-07','2.17343e-06','-1.66942e-06','1.07173e-08','-2.33119e-10','6.85629e-10','-2.51084e-10','9.56166e-10','0','0','0','0','-4.56527e-08','-3.15825e-07','2.44528e-07','-2.33119e-10','1.27077e-08','4.33246e-09','3.95788e-11','4.74931e-10','0','0','0','0','-7.64905e-08','7.00999e-08','-4.91121e-08','6.85629e-10','4.33246e-09','5.3431e-09','3.00211e-11','3.09731e-10','0','0','0','0','1.42485e-08','1.11941e-07','-9.77523e-08','-2.51084e-10','3.95788e-11','3.00211e-11','6.19989e-06','-5.17893e-11','0','0','0','0','-3.97962e-09','3.99691e-09','2.2509e-08','9.56166e-10','4.74931e-10','3.09731e-10','-5.17893e-11','1.36955e-05','0','0','0','0','0','0','0','0','0','0','0','0','0','0','0','0','0','0','0','0','0','0','0','0','0','0','0','0','0','0','0','0','0','0','0','0','0','0','0','0','0','0','0','0','0','0','0','0','0','0','0','0']

reports.append(Report(579108864, ("DT", -2, 2, 1), "MBwhAst2sec01"))
reports[-1].posNum = 49291
reports[-1].negNum = 0
reports[-1].fittype = "6DOF"
reports[-1].add_parameters(ValErr(-0.100582, 0.0043076, 0), \
                           ValErr(0.115928, 0.0340954, 0), \
                           ValErr(-0.0310227, 0.0326993, 0), \
                           ValErr(9.5669e-05, 0.000124807, 0), \
                           ValErr(0.00020403, 0.00011861, 0), \
                           ValErr(-0.00018748, 8.33606e-05, 0), \
                           -144056, 49291, 49291, -nan)
reports[-1].sigmax = ValErr(0.890484, 0.00283613, 0)
reports[-1].sigmay = ValErr(1.22222, 0.00389274, 0)
reports[-1].sigmadxdz = ValErr(0, 0, 0)
reports[-1].sigmadydz = ValErr(0, 0, 0)
reports[-1].add_stats(-0.101777, 0.0860412, 0.000214002, 0.000151341, -0.102772, 0.0838189, 0.000218714, -0.000792067, -0.102772, 0.0838189, 0.000218714, -0.000792067, -0.103369, 0.0869831, 0.000219029, -0.000828774, -0.103369, 0.0869831, 0.000219029, -0.000828774, 0.890556, 1.22243, 0.0037123, 0.0259904, 0.890556, 1.22243, 0.0037123, 0.0259904)
reports[-1].CovMatrix = ['1.85554e-05','-4.68667e-05','4.55183e-05','-8.16224e-08','1.69842e-08','-3.28443e-08','8.67025e-09','-3.07337e-10','0','0','0','0','-4.68667e-05','0.0011625','-0.00109997','1.97123e-06','2.25079e-07','5.96579e-08','-4.6644e-08','1.08735e-07','0','0','0','0','4.55183e-05','-0.00109997','0.00106924','-1.83187e-06','-2.23841e-07','-6.13956e-08','4.20079e-08','-8.13705e-08','0','0','0','0','-8.16224e-08','1.97123e-06','-1.83187e-06','1.55767e-08','-1.00728e-10','-4.19132e-10','-5.76324e-10','1.19938e-09','0','0','0','0','1.69842e-08','2.25079e-07','-2.23841e-07','-1.00728e-10','1.40683e-08','6.62545e-09','-2.66057e-10','1.24991e-09','0','0','0','0','-3.28443e-08','5.96579e-08','-6.13956e-08','-4.19132e-10','6.62545e-09','6.94898e-09','8.19993e-11','4.64598e-10','0','0','0','0','8.67025e-09','-4.6644e-08','4.20079e-08','-5.76324e-10','-2.66057e-10','8.19993e-11','8.04365e-06','-7.6193e-11','0','0','0','0','-3.07337e-10','1.08735e-07','-8.13705e-08','1.19938e-09','1.24991e-09','4.64598e-10','-7.6193e-11','1.51534e-05','0','0','0','0','0','0','0','0','0','0','0','0','0','0','0','0','0','0','0','0','0','0','0','0','0','0','0','0','0','0','0','0','0','0','0','0','0','0','0','0','0','0','0','0','0','0','0','0','0','0','0','0']

reports.append(Report(579371008, ("DT", -2, 2, 2), "MBwhAst2sec02"))
reports[-1].posNum = 45325
reports[-1].negNum = 0
reports[-1].fittype = "6DOF"
reports[-1].add_parameters(ValErr(0.053607, 0.00460388, 0), \
                           ValErr(-0.0568206, 0.0355392, 0), \
                           ValErr(-0.0483628, 0.0340722, 0), \
                           ValErr(-0.000100192, 0.000133156, 0), \
                           ValErr(3.403e-05, 0.00012445, 0), \
                           ValErr(2.21064e-05, 8.93313e-05, 0), \
                           -132438, 45325, 45325, -nan)
reports[-1].sigmax = ValErr(0.893257, 0.00296683, 0)
reports[-1].sigmay = ValErr(1.21769, 0.00404442, 0)
reports[-1].sigmadxdz = ValErr(0, 0, 0)
reports[-1].sigmadydz = ValErr(0, 0, 0)
reports[-1].add_stats(0.0561146, -0.103082, 6.87022e-05, -0.000344765, 0.0559851, -0.10497, 6.37529e-05, -0.00109721, 0.0559851, -0.10497, 6.37529e-05, -0.00109721, 0.0557322, -0.100888, 6.7474e-05, -0.00111931, 0.0557322, -0.100888, 6.7474e-05, -0.00111931, 0.893268, 1.21773, 0.00369702, 0.0256458, 0.893268, 1.21773, 0.00369702, 0.0256458)
reports[-1].CovMatrix = ['2.11957e-05','-5.97589e-05','5.78036e-05','-1.03497e-07','-5.06035e-10','-5.50663e-08','6.55218e-09','2.18635e-09','0','0','0','0','-5.97589e-05','0.00126303','-0.0011945','2.15344e-06','3.53909e-07','2.0306e-07','2.22226e-08','2.42564e-08','0','0','0','0','5.78036e-05','-0.0011945','0.00116091','-1.9684e-06','-3.86423e-07','-2.0436e-07','-2.4114e-08','7.1918e-10','0','0','0','0','-1.03497e-07','2.15344e-06','-1.9684e-06','1.77306e-08','-6.16239e-10','-4.04725e-10','-2.92035e-10','8.48433e-10','0','0','0','0','-5.06035e-10','3.53909e-07','-3.86423e-07','-6.16239e-10','1.54878e-08','7.60199e-09','2.61212e-10','5.85055e-10','0','0','0','0','-5.50663e-08','2.0306e-07','-2.0436e-07','-4.04725e-10','7.60199e-09','7.98008e-09','3.66428e-10','1.46774e-10','0','0','0','0','6.55218e-09','2.22226e-08','-2.4114e-08','-2.92035e-10','2.61212e-10','3.66428e-10','8.8021e-06','-1.72957e-11','0','0','0','0','2.18635e-09','2.42564e-08','7.1918e-10','8.48433e-10','5.85055e-10','1.46774e-10','-1.72957e-11','1.63573e-05','0','0','0','0','0','0','0','0','0','0','0','0','0','0','0','0','0','0','0','0','0','0','0','0','0','0','0','0','0','0','0','0','0','0','0','0','0','0','0','0','0','0','0','0','0','0','0','0','0','0','0','0']

reports.append(Report(579633152, ("DT", -2, 2, 3), "MBwhAst2sec03"))
reports[-1].posNum = 40144
reports[-1].negNum = 0
reports[-1].fittype = "6DOF"
reports[-1].add_parameters(ValErr(-0.0648224, 0.0048053, 0), \
                           ValErr(-0.155946, 0.0377085, 0), \
                           ValErr(0.0421142, 0.0361518, 0), \
                           ValErr(-3.74438e-05, 0.000140117, 0), \
                           ValErr(-1.83546e-05, 0.000134603, 0), \
                           ValErr(-0.000122796, 9.48427e-05, 0), \
                           -116677, 40144, 40144, -nan)
reports[-1].sigmax = ValErr(0.888754, 0.00313658, 0)
reports[-1].sigmay = ValErr(1.20504, 0.00425285, 0)
reports[-1].sigmadxdz = ValErr(0, 0, 0)
reports[-1].sigmadydz = ValErr(0, 0, 0)
reports[-1].add_stats(-0.0680158, -0.117477, 0.000250136, 0.00018956, -0.0683954, -0.113133, 0.000264151, -0.00070385, -0.0683954, -0.113133, 0.000264151, -0.00070385, -0.0670181, -0.111156, 0.000261232, -0.00080291, -0.0670181, -0.111156, 0.000261232, -0.00080291, 0.888783, 1.20506, 0.0037332, 0.0254628, 0.888783, 1.20506, 0.0037332, 0.0254628)
reports[-1].CovMatrix = ['2.30909e-05','-5.43512e-05','5.28504e-05','-9.32136e-08','-2.50472e-08','-8.71375e-08','1.56156e-08','-1.09983e-08','0','0','0','0','-5.43512e-05','0.00142193','-0.00134463','2.45498e-06','2.60454e-07','4.38333e-08','-8.04448e-08','1.74147e-07','0','0','0','0','5.28504e-05','-0.00134463','0.00130695','-2.19838e-06','-2.44317e-07','-4.84409e-08','7.42544e-08','-1.36709e-07','0','0','0','0','-9.32136e-08','2.45498e-06','-2.19838e-06','1.96328e-08','2.18795e-10','-4.33303e-10','-4.65968e-10','1.22886e-09','0','0','0','0','-2.50472e-08','2.60454e-07','-2.44317e-07','2.18795e-10','1.81181e-08','8.68499e-09','2.86209e-11','1.0678e-09','0','0','0','0','-8.71375e-08','4.38333e-08','-4.84409e-08','-4.33303e-10','8.68499e-09','8.99513e-09','-3.02106e-11','7.44846e-10','0','0','0','0','1.56156e-08','-8.04448e-08','7.42544e-08','-4.65968e-10','2.86209e-11','-3.02106e-11','9.83816e-06','-3.0059e-11','0','0','0','0','-1.09983e-08','1.74147e-07','-1.36709e-07','1.22886e-09','1.0678e-09','7.44846e-10','-3.0059e-11','1.80868e-05','0','0','0','0','0','0','0','0','0','0','0','0','0','0','0','0','0','0','0','0','0','0','0','0','0','0','0','0','0','0','0','0','0','0','0','0','0','0','0','0','0','0','0','0','0','0','0','0','0','0','0','0']

reports.append(Report(579895296, ("DT", -2, 2, 4), "MBwhAst2sec04"))
reports[-1].posNum = 47827
reports[-1].negNum = 0
reports[-1].fittype = "6DOF"
reports[-1].add_parameters(ValErr(0.00388817, 0.00435256, 0), \
                           ValErr(-0.0182457, 0.0347137, 0), \
                           ValErr(0.0431183, 0.0332676, 0), \
                           ValErr(3.28243e-06, 0.000128394, 0), \
                           ValErr(4.07825e-05, 0.000121176, 0), \
                           ValErr(-3.94435e-05, 8.62078e-05, 0), \
                           -139376, 47827, 47827, -nan)
reports[-1].sigmax = ValErr(0.889745, 0.00287684, 0)
reports[-1].sigmay = ValErr(1.21303, 0.00392214, 0)
reports[-1].sigmadxdz = ValErr(0, 0, 0)
reports[-1].sigmadydz = ValErr(0, 0, 0)
reports[-1].add_stats(-0.00230599, 0.023232, 0.000103918, -0.000656929, 0.0013986, 0.0255687, 0.000105373, -0.00118002, 0.0013986, 0.0255687, 0.000105373, -0.00118002, -9.94601e-05, 0.0288255, 0.000113043, -0.00125978, -9.94601e-05, 0.0288255, 0.000113043, -0.00125978, 0.88976, 1.21305, 0.00370406, 0.0251995, 0.88976, 1.21305, 0.00370406, 0.0251995)
