nan = None;  NAN = None
nan = 0
reports = []
class ValErr:
    def __init__(self, value, error, antisym):
        self.value, self.error, self.antisym = value, error, antisym

    def __repr__(self):
        if self.antisym == 0.:
            return "%g +- %g" % (self.value, self.error)
        else:
            return "%g +- %g ~ %g" % (self.value, self.error, self.antisym)

class Report:
    def __init__(self, chamberId, postal_address, name):
        self.chamberId, self.postal_address, self.name = chamberId, postal_address, name
        self.status = "NOFIT"
        self.fittype = None
        self.CovMatrix = None

    def add_parameters(self, deltax, deltay, deltaz, deltaphix, deltaphiy, deltaphiz, loglikelihood, numsegments, sumofweights, redchi2):
        self.status = "PASS"
        self.deltax, self.deltay, self.deltaz, self.deltaphix, self.deltaphiy, self.deltaphiz = deltax, deltay, deltaz, deltaphix, deltaphiy, deltaphiz
        self.loglikelihood, self.numsegments, self.sumofweights, self.redchi2 = loglikelihood, numsegments, sumofweights, redchi2

    def add_stats(self, median_x, median_y, median_dxdz, median_dydz, mean30_x, mean30_y, mean20_dxdz, mean50_dydz, mean15_x, mean15_y, mean10_dxdz, mean25_dydz, wmean30_x, wmean30_y, wmean20_dxdz, wmean50_dydz, wmean15_x, wmean15_y, wmean10_dxdz, wmean25_dydz, stdev30_x, stdev30_y, stdev20_dxdz, stdev50_dydz, stdev15_x, stdev15_y, stdev10_dxdz, stdev25_dydz):
        self.median_x, self.median_y, self.median_dxdz, self.median_dydz, self.mean30_x, self.mean30_y, self.mean20_dxdz, self.mean50_dydz, self.mean15_x, self.mean15_y, self.mean10_dxdz, self.mean25_dydz, self.wmean30_x, self.wmean30_y, self.wmean20_dxdz, self.wmean50_dydz, self.wmean15_x, self.wmean15_y, self.wmean10_dxdz, self.wmean25_dydz, self.stdev30_x, self.stdev30_y, self.stdev20_dxdz, self.stdev50_dydz, self.stdev15_x, self.stdev15_y, self.stdev10_dxdz, self.stdev25_dydz = median_x, median_y, median_dxdz, median_dydz, mean30_x, mean30_y, mean20_dxdz, mean50_dydz, mean15_x, mean15_y, mean10_dxdz, mean25_dydz, wmean30_x, wmean30_y, wmean20_dxdz, wmean50_dydz, wmean15_x, wmean15_y, wmean10_dxdz, wmean25_dydz, stdev30_x, stdev30_y, stdev20_dxdz, stdev50_dydz, stdev15_x, stdev15_y, stdev10_dxdz, stdev25_dydz

    def __repr__(self):
        return "<Report %s %s %s>" % (self.postal_address[0], " ".join(map(str, self.postal_address[1:])), self.status)

reports.append(Report(574914560, ("DT", -2, 1, 1), "MBwhAst1sec01"))
reports[-1].posNum = 2925
reports[-1].negNum = 0
reports[-1].fittype = "6DOF"
reports[-1].add_parameters(ValErr(-0.129775, 0.0162936, 0), \
                           ValErr(-0.165946, 0.132789, 0), \
                           ValErr(0.28456, 0.107632, 0), \
                           ValErr(-3.98895e-05, 0.000368523, 0), \
                           ValErr(-0.00053627, 0.000386657, 0), \
                           ValErr(-9.40058e-05, 0.000268492, 0), \
                           -7163.52, 2925, 2925, -nan)
reports[-1].sigmax = ValErr(0.685025, 0.0089567, 0)
reports[-1].sigmay = ValErr(0.989551, 0.0129382, 0)
reports[-1].sigmadxdz = ValErr(0, 0, 0)
reports[-1].sigmadydz = ValErr(0, 0, 0)
reports[-1].add_stats(-0.104346, 0.171833, 0.000199579, -0.00314118, -0.104087, 0.172763, 0.000195166, -0.00201854, -0.104087, 0.172763, 0.000195166, -0.00201854, -0.110901, 0.170436, 0.000213488, -0.00184951, -0.110901, 0.170436, 0.000213488, -0.00184951, 0.685734, 0.990486, 0.00346921, 0.0316613, 0.685734, 0.990486, 0.00346921, 0.0316613)
reports[-1].CovMatrix = ['0.00026548','0.00122948','-0.0010071','1.77129e-06','-4.98251e-07','-9.17051e-07','5.35467e-08','1.33119e-07','0','0','0','0','0.00122948','0.017633','-0.0141437','2.59803e-05','-2.67269e-06','1.65925e-06','1.20406e-06','3.37491e-07','0','0','0','0','-0.0010071','-0.0141437','0.0115847','-1.98549e-05','2.01672e-06','-1.257e-06','-6.52629e-07','-5.52187e-07','0','0','0','0','1.77129e-06','2.59803e-05','-1.98549e-05','1.35809e-07','-2.93181e-09','1.02094e-08','2.35143e-08','-2.6724e-08','0','0','0','0','-4.98251e-07','-2.67269e-06','2.01672e-06','-2.93181e-09','1.49504e-07','5.78707e-08','-1.00969e-08','2.1426e-08','0','0','0','0','-9.17051e-07','1.65925e-06','-1.257e-06','1.02094e-08','5.78707e-08','7.20881e-08','4.40923e-09','-1.47715e-09','0','0','0','0','5.35467e-08','1.20406e-06','-6.52629e-07','2.35143e-08','-1.00969e-08','4.40923e-09','8.02227e-05','-8.56163e-09','0','0','0','0','1.33119e-07','3.37491e-07','-5.52187e-07','-2.6724e-08','2.1426e-08','-1.47715e-09','-8.56163e-09','0.000167399','0','0','0','0','0','0','0','0','0','0','0','0','0','0','0','0','0','0','0','0','0','0','0','0','0','0','0','0','0','0','0','0','0','0','0','0','0','0','0','0','0','0','0','0','0','0','0','0','0','0','0','0']

reports.append(Report(575176704, ("DT", -2, 1, 2), "MBwhAst1sec02"))
reports[-1].posNum = 1871
reports[-1].negNum = 0
reports[-1].fittype = "6DOF"
reports[-1].add_parameters(ValErr(0.0231509, 0.0200628, 0), \
                           ValErr(-0.0950627, 0.16557, 0), \
                           ValErr(0.048408, 0.13407, 0), \
                           ValErr(0.000487439, 0.00044293, 0), \
                           ValErr(7.07653e-05, 0.000494179, 0), \
                           ValErr(-1.52947e-05, 0.000314294, 0), \
                           -4532.84, 1871, 1871, -nan)
reports[-1].sigmax = ValErr(0.665555, 0.0108802, 0)
reports[-1].sigmay = ValErr(0.99198, 0.0162166, 0)
reports[-1].sigmadxdz = ValErr(0, 0, 0)
reports[-1].sigmadydz = ValErr(0, 0, 0)
reports[-1].add_stats(0.0147975, -0.0453027, 0.000806773, -0.00341804, 0.0255673, -0.0478705, 0.000829996, -0.00220702, 0.0255673, -0.0478705, 0.000829996, -0.00220702, 0.0316318, -0.041463, 0.000816042, -0.00255819, 0.0316318, -0.041463, 0.000816042, -0.00255819, 0.665571, 0.992581, 0.00341131, 0.032446, 0.665571, 0.992581, 0.00341131, 0.032446)
reports[-1].CovMatrix = ['0.000402518','0.00183758','-0.00150653','2.56333e-06','-1.2603e-06','-1.93994e-06','-2.22939e-07','6.18839e-07','0','0','0','0','0.00183758','0.0274136','-0.0219549','3.96746e-05','-8.03628e-06','-7.65093e-07','-6.44886e-06','1.26462e-05','0','0','0','0','-0.00150653','-0.0219549','0.0179748','-2.98957e-05','6.12419e-06','8.24024e-07','5.17033e-06','-9.84739e-06','0','0','0','0','2.56333e-06','3.96746e-05','-2.98957e-05','1.96187e-07','-1.92451e-09','8.91611e-09','-1.28899e-08','3.02648e-08','0','0','0','0','-1.2603e-06','-8.03628e-06','6.12419e-06','-1.92451e-09','2.44213e-07','8.16545e-08','9.2704e-09','-4.05066e-09','0','0','0','0','-1.93994e-06','-7.65093e-07','8.24024e-07','8.91611e-09','8.16545e-08','9.87809e-08','-2.18791e-09','9.49803e-09','0','0','0','0','-2.22939e-07','-6.44886e-06','5.17033e-06','-1.28899e-08','9.2704e-09','-2.18791e-09','0.00011838','-3.91539e-09','0','0','0','0','6.18839e-07','1.26462e-05','-9.84739e-06','3.02648e-08','-4.05066e-09','9.49803e-09','-3.91539e-09','0.000262979','0','0','0','0','0','0','0','0','0','0','0','0','0','0','0','0','0','0','0','0','0','0','0','0','0','0','0','0','0','0','0','0','0','0','0','0','0','0','0','0','0','0','0','0','0','0','0','0','0','0','0','0']

reports.append(Report(575438848, ("DT", -2, 1, 3), "MBwhAst1sec03"))
reports[-1].posNum = 2037
reports[-1].negNum = 0
reports[-1].fittype = "6DOF"
reports[-1].add_parameters(ValErr(-0.0469399, 0.020105, 0), \
                           ValErr(-0.245911, 0.153936, 0), \
                           ValErr(0.134791, 0.125108, 0), \
                           ValErr(9.96953e-05, 0.000420826, 0), \
                           ValErr(-0.000251702, 0.000452124, 0), \
                           ValErr(-2.57575e-05, 0.000298486, 0), \
                           -4898.99, 2037, 2037, -nan)
reports[-1].sigmax = ValErr(0.659071, 0.0102203, 0)
reports[-1].sigmay = ValErr(0.984176, 0.0153021, 0)
reports[-1].sigmadxdz = ValErr(0, 0, 0)
reports[-1].sigmadydz = ValErr(0, 0, 0)
reports[-1].add_stats(-0.0389652, -0.0684397, 0.00014086, -0.00355015, -0.0332769, -0.0879356, 0.000150775, -0.0027263, -0.0332769, -0.0879356, 0.000150775, -0.0027263, -0.0341, -0.0900443, 0.000151468, -0.00350149, -0.0341, -0.0900443, 0.000151468, -0.00350149, 0.659198, 0.984592, 0.00334568, 0.03271, 0.659198, 0.984592, 0.00334568, 0.03271)
reports[-1].CovMatrix = ['0.000404209','0.00190514','-0.00156269','2.67264e-06','-1.12277e-06','-1.69372e-06','1.07215e-06','-8.53034e-07','0','0','0','0','0.00190514','0.0236963','-0.0190394','3.45546e-05','-6.49581e-06','-3.66139e-07','1.58819e-05','-1.2995e-05','0','0','0','0','-0.00156269','-0.0190394','0.0156521','-2.60293e-05','5.85359e-06','5.162e-07','-1.0807e-05','9.04585e-06','0','0','0','0','2.67264e-06','3.45546e-05','-2.60293e-05','1.77094e-07','1.24853e-10','1.08183e-08','2.71081e-08','1.86029e-08','0','0','0','0','-1.12277e-06','-6.49581e-06','5.85359e-06','1.24853e-10','2.04416e-07','7.25171e-08','3.96796e-08','-9.65477e-08','0','0','0','0','-1.69372e-06','-3.66139e-07','5.162e-07','1.08183e-08','7.25171e-08','8.90938e-08','-1.74613e-08','9.12215e-09','0','0','0','0','1.07215e-06','1.58819e-05','-1.0807e-05','2.71081e-08','3.96796e-08','-1.74613e-08','0.000104455','2.59293e-06','0','0','0','0','-8.53034e-07','-1.2995e-05','9.04585e-06','1.86029e-08','-9.65477e-08','9.12215e-09','2.59293e-06','0.000234157','0','0','0','0','0','0','0','0','0','0','0','0','0','0','0','0','0','0','0','0','0','0','0','0','0','0','0','0','0','0','0','0','0','0','0','0','0','0','0','0','0','0','0','0','0','0','0','0','0','0','0','0']

reports.append(Report(575700992, ("DT", -2, 1, 4), "MBwhAst1sec04"))
reports[-1].posNum = 3047
reports[-1].negNum = 0
reports[-1].fittype = "6DOF"
reports[-1].add_parameters(ValErr(-0.119171, 0.0159556, 0), \
                           ValErr(-0.0519476, 0.135587, 0), \
                           ValErr(0.0701992, 0.109745, 0), \
                           ValErr(2.12888e-05, 0.000366044, 0), \
                           ValErr(-4.17897e-05, 0.000396847, 0), \
                           ValErr(0.00052253, 0.000260776, 0), \
                           -7595.15, 3047, 3047, -nan)
reports[-1].sigmax = ValErr(0.69136, 0.00885655, 0)
reports[-1].sigmay = ValErr(1.02417, 0.0131201, 0)
reports[-1].sigmadxdz = ValErr(0, 0, 0)
reports[-1].sigmadydz = ValErr(0, 0, 0)
reports[-1].add_stats(-0.0692453, 0.0239217, 0.000516816, -0.00372824, -0.104102, 0.0295421, 0.000525332, -0.00281165, -0.104102, 0.0295421, 0.000525332, -0.00281165, -0.0985331, 0.0144907, 0.000496709, -0.00280467, -0.0985331, 0.0144907, 0.000496709, -0.00280467, 0.691902, 1.02449, 0.00348388, 0.0338366, 0.691902, 1.02449, 0.00348388, 0.0338366)
reports[-1].CovMatrix = ['0.00025458','0.00121918','-0.000998222','1.74674e-06','-4.50135e-07','-8.16298e-07','5.14265e-08','1.3669e-07','0','0','0','0','0.00121918','0.018384','-0.0147291','2.67448e-05','-3.50386e-06','1.63772e-06','-5.71588e-07','2.94576e-06','0','0','0','0','-0.000998222','-0.0147291','0.012044','-2.05954e-05','2.4328e-06','-1.25351e-06','1.98769e-07','-1.81304e-06','0','0','0','0','1.74674e-06','2.67448e-05','-2.05954e-05','1.33988e-07','-4.99394e-09','9.27065e-09','-2.10094e-08','3.82301e-08','0','0','0','0','-4.50135e-07','-3.50386e-06','2.4328e-06','-4.99394e-09','1.57488e-07','5.48851e-08','1.42522e-09','4.54227e-09','0','0','0','0','-8.16298e-07','1.63772e-06','-1.25351e-06','9.27065e-09','5.48851e-08','6.80039e-08','-6.75181e-10','5.67203e-09','0','0','0','0','5.14265e-08','-5.71588e-07','1.98769e-07','-2.10094e-08','1.42522e-09','-6.75181e-10','7.84388e-05','-7.33177e-09','0','0','0','0','1.3669e-07','2.94576e-06','-1.81304e-06','3.82301e-08','4.54227e-09','5.67203e-09','-7.33177e-09','0.000172138','0','0','0','0','0','0','0','0','0','0','0','0','0','0','0','0','0','0','0','0','0','0','0','0','0','0','0','0','0','0','0','0','0','0','0','0','0','0','0','0','0','0','0','0','0','0','0','0','0','0','0','0']

reports.append(Report(575963136, ("DT", -2, 1, 5), "MBwhAst1sec05"))
reports[-1].posNum = 2604
reports[-1].negNum = 0
reports[-1].fittype = "6DOF"
reports[-1].add_parameters(ValErr(0.00276109, 0.0176999, 0), \
                           ValErr(0.156579, 0.142028, 0), \
                           ValErr(-0.126039, 0.11538, 0), \
                           ValErr(0.000600595, 0.000383305, 0), \
                           ValErr(0.000563537, 0.000418652, 0), \
                           ValErr(0.000325544, 0.000269438, 0), \
                           -6277.39, 2604, 2604, -nan)
reports[-1].sigmax = ValErr(0.660278, 0.00912301, 0)
reports[-1].sigmay = ValErr(0.987963, 0.0136477, 0)
reports[-1].sigmadxdz = ValErr(0, 0, 0)
reports[-1].sigmadydz = ValErr(0, 0, 0)
reports[-1].add_stats(-0.0168741, -0.000835951, -6.43236e-05, -0.000880825, -0.00747415, -0.00427196, -8.8677e-05, -0.000678303, -0.00747415, -0.00427196, -8.8677e-05, -0.000678303, -0.0115108, -0.0133189, -4.17319e-05, -0.00121499, -0.0115108, -0.0133189, -4.17319e-05, -0.00121499, 0.660714, 0.988198, 0.00336408, 0.034561, 0.660714, 0.988198, 0.00336408, 0.034561)
reports[-1].CovMatrix = ['0.000313288','0.00159742','-0.00130828','2.27771e-06','-5.95144e-07','-9.7108e-07','-6.01806e-07','5.31368e-07','0','0','0','0','0.00159742','0.0201719','-0.0162223','2.93634e-05','-4.65407e-06','5.01808e-07','-5.11616e-06','4.81128e-06','0','0','0','0','-0.00130828','-0.0162223','0.0133126','-2.26816e-05','4.20609e-06','-2.8548e-07','4.16759e-06','-4.86596e-06','0','0','0','0','2.27771e-06','2.93634e-05','-2.26816e-05','1.46923e-07','-1.43313e-09','1.03689e-08','-2.46977e-08','-4.27741e-08','0','0','0','0','-5.95144e-07','-4.65407e-06','4.20609e-06','-1.43313e-09','1.7527e-07','5.85855e-08','1.52501e-08','-7.25988e-08','0','0','0','0','-9.7108e-07','5.01808e-07','-2.8548e-07','1.03689e-08','5.85855e-08','7.25969e-08','-1.00819e-08','2.03018e-09','0','0','0','0','-6.01806e-07','-5.11616e-06','4.16759e-06','-2.46977e-08','1.52501e-08','-1.00819e-08','8.32297e-05','9.45338e-07','0','0','0','0','5.31368e-07','4.81128e-06','-4.86596e-06','-4.27741e-08','-7.25988e-08','2.03018e-09','9.45338e-07','0.000186261','0','0','0','0','0','0','0','0','0','0','0','0','0','0','0','0','0','0','0','0','0','0','0','0','0','0','0','0','0','0','0','0','0','0','0','0','0','0','0','0','0','0','0','0','0','0','0','0','0','0','0','0']

reports.append(Report(576225280, ("DT", -2, 1, 6), "MBwhAst1sec06"))
reports[-1].posNum = 2318
reports[-1].negNum = 0
reports[-1].fittype = "6DOF"
reports[-1].add_parameters(ValErr(0.0349735, 0.0200476, 0), \
                           ValErr(-0.00806291, 0.150023, 0), \
                           ValErr(0.0325262, 0.121702, 0), \
                           ValErr(-7.18269e-05, 0.000413106, 0), \
                           ValErr(-0.000203478, 0.000452342, 0), \
                           ValErr(-0.000412258, 0.000304065, 0), \
                           -5708.25, 2318, 2318, -nan)
reports[-1].sigmax = ValErr(0.686993, 0.0100898, 0)
reports[-1].sigmay = ValErr(1.00013, 0.0146887, 0)
reports[-1].sigmadxdz = ValErr(0, 0, 0)
reports[-1].sigmadydz = ValErr(0, 0, 0)
reports[-1].add_stats(0.0326529, 0.0326198, -0.000150806, -0.00399998, 0.0296563, 0.0313509, -0.000137351, -0.00252494, 0.0296563, 0.0313509, -0.000137351, -0.00252494, 0.0105645, 0.0324177, -5.44008e-05, -0.00267815, 0.0105645, 0.0324177, -5.44008e-05, -0.00267815, 0.687303, 1.00012, 0.00351179, 0.0319644, 0.687303, 1.00012, 0.00351179, 0.0319644)
reports[-1].CovMatrix = ['0.000401908','0.00187907','-0.00153711','2.5818e-06','-1.28578e-06','-1.84939e-06','3.61609e-09','2.81489e-07','0','0','0','0','0.00187907','0.022507','-0.0180521','3.24986e-05','-5.9655e-06','-6.43814e-07','5.39765e-07','1.95832e-06','0','0','0','0','-0.00153711','-0.0180521','0.0148115','-2.41728e-05','5.63097e-06','7.47047e-07','-3.60267e-07','-1.38218e-06','0','0','0','0','2.5818e-06','3.24986e-05','-2.41728e-05','1.70656e-07','-1.30928e-10','1.071e-08','4.03118e-09','4.22586e-09','0','0','0','0','-1.28578e-06','-5.9655e-06','5.63097e-06','-1.30928e-10','2.04614e-07','7.63205e-08','1.16759e-08','-7.63333e-09','0','0','0','0','-1.84939e-06','-6.43814e-07','7.47047e-07','1.071e-08','7.63205e-08','9.24554e-08','9.00804e-09','-7.25224e-09','0','0','0','0','3.61609e-09','5.39765e-07','-3.60267e-07','4.03118e-09','1.16759e-08','9.00804e-09','0.000101804','-6.54087e-10','0','0','0','0','2.81489e-07','1.95832e-06','-1.38218e-06','4.22586e-09','-7.63333e-09','-7.25224e-09','-6.54087e-10','0.000215759','0','0','0','0','0','0','0','0','0','0','0','0','0','0','0','0','0','0','0','0','0','0','0','0','0','0','0','0','0','0','0','0','0','0','0','0','0','0','0','0','0','0','0','0','0','0','0','0','0','0','0','0']

reports.append(Report(576487424, ("DT", -2, 1, 7), "MBwhAst1sec07"))
reports[-1].posNum = 3074
reports[-1].negNum = 0
reports[-1].fittype = "6DOF"
reports[-1].add_parameters(ValErr(-0.0246341, 0.0160438, 0), \
                           ValErr(0.022526, 0.13486, 0), \
                           ValErr(0.128362, 0.10937, 0), \
                           ValErr(-0.000639218, 0.000368051, 0), \
                           ValErr(0.000669568, 0.000392591, 0), \
                           ValErr(0.000225411, 0.000263659, 0), \
                           -7514.77, 3074, 3074, -nan)
reports[-1].sigmax = ValErr(0.679561, 0.0086669, 0)
reports[-1].sigmay = ValErr(0.99308, 0.0126654, 0)
reports[-1].sigmadxdz = ValErr(0, 0, 0)
reports[-1].sigmadydz = ValErr(0, 0, 0)
reports[-1].add_stats(-0.0233657, 0.200922, 0.000141923, -0.00119065, -0.011496, 0.187232, 6.66935e-05, -0.00141202, -0.011496, 0.187232, 6.66935e-05, -0.00141202, -0.0138437, 0.18638, 6.60229e-05, -0.00203124, -0.0138437, 0.18638, 6.60229e-05, -0.00203124, 0.679856, 0.993593, 0.00346747, 0.0321471, 0.679856, 0.993593, 0.00346747, 0.0321471)
reports[-1].CovMatrix = ['0.000257403','0.00127242','-0.0010423','1.83253e-06','-6.02065e-07','-9.4724e-07','1.23049e-07','2.3567e-08','0','0','0','0','0.00127242','0.0181872','-0.0146075','2.67472e-05','-4.18768e-06','6.30298e-07','6.0605e-07','1.11744e-06','0','0','0','0','-0.0010423','-0.0146075','0.0119618','-2.05425e-05','3.26129e-06','-4.14514e-07','-4.97583e-07','-7.1656e-07','0','0','0','0','1.83253e-06','2.67472e-05','-2.05425e-05','1.35462e-07','-2.90983e-09','8.25202e-09','-2.74336e-10','7.44617e-09','0','0','0','0','-6.02065e-07','-4.18768e-06','3.26129e-06','-2.90983e-09','1.54127e-07','5.64193e-08','-9.38788e-09','2.02156e-08','0','0','0','0','-9.4724e-07','6.30298e-07','-4.14514e-07','8.25202e-09','5.64193e-08','6.9516e-08','-2.34585e-09','7.90134e-09','0','0','0','0','1.23049e-07','6.0605e-07','-4.97583e-07','-2.74336e-10','-9.38788e-09','-2.34585e-09','7.51155e-05','-1.25996e-09','0','0','0','0','2.3567e-08','1.11744e-06','-7.1656e-07','7.44617e-09','2.02156e-08','7.90134e-09','-1.25996e-09','0.000160414','0','0','0','0','0','0','0','0','0','0','0','0','0','0','0','0','0','0','0','0','0','0','0','0','0','0','0','0','0','0','0','0','0','0','0','0','0','0','0','0','0','0','0','0','0','0','0','0','0','0','0','0']

reports.append(Report(576749568, ("DT", -2, 1, 8), "MBwhAst1sec08"))
reports[-1].posNum = 2695
reports[-1].negNum = 0
reports[-1].fittype = "6DOF"
reports[-1].add_parameters(ValErr(0.0254498, 0.0167149, 0), \
                           ValErr(0.0880196, 0.140716, 0), \
                           ValErr(-0.0441403, 0.114057, 0), \
                           ValErr(-0.000389592, 0.000391062, 0), \
                           ValErr(0.000256303, 0.00041933, 0), \
                           ValErr(0.000287938, 0.000277289, 0), \
                           -6567.25, 2695, 2695, -nan)
reports[-1].sigmax = ValErr(0.669377, 0.00911783, 0)
reports[-1].sigmay = ValErr(1.00037, 0.0136264, 0)
reports[-1].sigmadxdz = ValErr(0, 0, 0)
reports[-1].sigmadydz = ValErr(0, 0, 0)
reports[-1].add_stats(0.035037, 0.044382, 0.000924386, -0.00205167, 0.0267647, 0.0425132, 0.000891493, -0.00135444, 0.0267647, 0.0425132, 0.000891493, -0.00135444, 0.02261, 0.0379577, 0.000923603, -0.00131167, 0.02261, 0.0379577, 0.000923603, -0.00131167, 0.669559, 1.00072, 0.0034376, 0.0339553, 0.669559, 1.00072, 0.0034376, 0.0339553)
reports[-1].CovMatrix = ['0.000279389','0.00133586','-0.00109554','1.88492e-06','-7.54616e-07','-1.21734e-06','-5.54401e-07','1.04178e-06','0','0','0','0','0.00133586','0.019801','-0.0158826','2.89453e-05','-5.32691e-06','-3.73834e-07','-9.08522e-06','1.57098e-05','0','0','0','0','-0.00109554','-0.0158826','0.013009','-2.20155e-05','4.0931e-06','4.47893e-07','7.36262e-06','-1.25166e-05','0','0','0','0','1.88492e-06','2.89453e-05','-2.20155e-05','1.5293e-07','4.04359e-10','8.47642e-09','-1.68668e-08','3.32828e-08','0','0','0','0','-7.54616e-07','-5.32691e-06','4.0931e-06','4.04359e-10','1.75837e-07','6.30495e-08','9.24618e-09','-6.36014e-09','0','0','0','0','-1.21734e-06','-3.73834e-07','4.47893e-07','8.47642e-09','6.30495e-08','7.68893e-08','2.97657e-09','5.93966e-10','0','0','0','0','-5.54401e-07','-9.08522e-06','7.36262e-06','-1.68668e-08','9.24618e-09','2.97657e-09','8.31352e-05','-7.66594e-09','0','0','0','0','1.04178e-06','1.57098e-05','-1.25166e-05','3.32828e-08','-6.36014e-09','5.93966e-10','-7.66594e-09','0.000185681','0','0','0','0','0','0','0','0','0','0','0','0','0','0','0','0','0','0','0','0','0','0','0','0','0','0','0','0','0','0','0','0','0','0','0','0','0','0','0','0','0','0','0','0','0','0','0','0','0','0','0','0']

reports.append(Report(577011712, ("DT", -2, 1, 9), "MBwhAst1sec09"))
reports[-1].posNum = 1836
reports[-1].negNum = 0
reports[-1].fittype = "6DOF"
reports[-1].add_parameters(ValErr(-0.0101418, 0.0193707, 0), \
                           ValErr(-0.179735, 0.163918, 0), \
                           ValErr(0.0596855, 0.132858, 0), \
                           ValErr(5.67177e-05, 0.00044241, 0), \
                           ValErr(-0.000100373, 0.000475116, 0), \
                           ValErr(-0.000340004, 0.00030946, 0), \
                           -4408.62, 1836, 1836, -nan)
reports[-1].sigmax = ValErr(0.655821, 0.0108228, 0)
reports[-1].sigmay = ValErr(0.985313, 0.0162603, 0)
reports[-1].sigmadxdz = ValErr(0, 0, 0)
reports[-1].sigmadydz = ValErr(0, 0, 0)
reports[-1].add_stats(0.00169979, -0.106156, -9.7982e-05, -0.00279351, -0.00968605, -0.10834, 2.82512e-07, -0.00116417, -0.00968605, -0.10834, 2.82512e-07, -0.00116417, 0.00112845, -0.0943057, -3.0866e-05, -0.00126608, 0.00112845, -0.0943057, -3.0866e-05, -0.00126608, 0.656025, 0.985489, 0.0033655, 0.0347053, 0.656025, 0.985489, 0.0033655, 0.0347053)
reports[-1].CovMatrix = ['0.000375223','0.00182088','-0.00149264','2.64811e-06','-2.90201e-07','-7.98429e-07','2.17421e-07','1.22261e-08','0','0','0','0','0.00182088','0.0268692','-0.0215532','3.92931e-05','-4.15903e-06','3.19917e-06','8.43737e-07','1.79923e-06','0','0','0','0','-0.00149264','-0.0215532','0.0176512','-3.07652e-05','2.9342e-06','-2.52662e-06','-5.07951e-07','-1.46957e-06','0','0','0','0','2.64811e-06','3.92931e-05','-3.07652e-05','1.95727e-07','-7.51412e-09','1.58018e-08','1.7279e-08','-1.58787e-08','0','0','0','0','-2.90201e-07','-4.15903e-06','2.9342e-06','-7.51412e-09','2.25736e-07','7.63672e-08','-1.31228e-08','2.95765e-08','0','0','0','0','-7.98429e-07','3.19917e-06','-2.52662e-06','1.58018e-08','7.63672e-08','9.57655e-08','-5.8023e-09','1.5665e-08','0','0','0','0','2.17421e-07','8.43737e-07','-5.07951e-07','1.7279e-08','-1.31228e-08','-5.8023e-09','0.000117133','-4.04119e-09','0','0','0','0','1.22261e-08','1.79923e-06','-1.46957e-06','-1.58787e-08','2.95765e-08','1.5665e-08','-4.04119e-09','0.0002644','0','0','0','0','0','0','0','0','0','0','0','0','0','0','0','0','0','0','0','0','0','0','0','0','0','0','0','0','0','0','0','0','0','0','0','0','0','0','0','0','0','0','0','0','0','0','0','0','0','0','0','0']

reports.append(Report(577273856, ("DT", -2, 1, 10), "MBwhAst1sec10"))
reports[-1].posNum = 1946
reports[-1].negNum = 0
reports[-1].fittype = "6DOF"
reports[-1].add_parameters(ValErr(0.064288, 0.0190893, 0), \
                           ValErr(0.332962, 0.168031, 0), \
                           ValErr(-0.19019, 0.136451, 0), \
                           ValErr(8.54955e-06, 0.000433535, 0), \
                           ValErr(0.000213804, 0.000478619, 0), \
                           ValErr(-0.000103522, 0.000298207, 0), \
                           -4782.47, 1946, 1946, -nan)
reports[-1].sigmax = ValErr(0.676499, 0.0108441, 0)
reports[-1].sigmay = ValErr(1.0106, 0.0161995, 0)
reports[-1].sigmadxdz = ValErr(0, 0, 0)
reports[-1].sigmadydz = ValErr(0, 0, 0)
reports[-1].add_stats(0.05303, 0.105934, 4.6743e-05, -0.00326031, 0.0467991, 0.10526, 2.07117e-05, -0.00159981, 0.0467991, 0.10526, 2.07117e-05, -0.00159981, 0.0386203, 0.124162, 4.13653e-05, -0.00135253, 0.0386203, 0.124162, 4.13653e-05, -0.00135253, 0.676785, 1.01108, 0.00340122, 0.0332967, 0.676785, 1.01108, 0.00340122, 0.0332967)
reports[-1].CovMatrix = ['0.000364401','0.00182767','-0.00150153','2.70294e-06','4.08737e-08','-3.61792e-07','3.69162e-07','-1.89703e-07','0','0','0','0','0.00182767','0.0282343','-0.0227086','4.11515e-05','-3.66413e-06','4.28158e-06','1.76717e-06','5.33786e-07','0','0','0','0','-0.00150153','-0.0227086','0.018619','-3.29229e-05','2.16245e-06','-3.47899e-06','-1.64933e-06','1.0303e-07','0','0','0','0','2.70294e-06','4.11515e-05','-3.29229e-05','1.87952e-07','-1.04841e-08','1.49801e-08','-5.88989e-09','1.83139e-08','0','0','0','0','4.08737e-08','-3.66413e-06','2.16245e-06','-1.04841e-08','2.29076e-07','7.17524e-08','3.43623e-08','-4.16862e-08','0','0','0','0','-3.61792e-07','4.28158e-06','-3.47899e-06','1.49801e-08','7.17524e-08','8.89276e-08','3.37558e-09','1.7912e-09','0','0','0','0','3.69162e-07','1.76717e-06','-1.64933e-06','-5.88989e-09','3.43623e-08','3.37558e-09','0.000117594','-8.8449e-09','0','0','0','0','-1.89703e-07','5.33786e-07','1.0303e-07','1.83139e-08','-4.16862e-08','1.7912e-09','-8.8449e-09','0.000262425','0','0','0','0','0','0','0','0','0','0','0','0','0','0','0','0','0','0','0','0','0','0','0','0','0','0','0','0','0','0','0','0','0','0','0','0','0','0','0','0','0','0','0','0','0','0','0','0','0','0','0','0']

reports.append(Report(577536000, ("DT", -2, 1, 11), "MBwhAst1sec11"))
reports[-1].posNum = 1934
reports[-1].negNum = 0
reports[-1].fittype = "6DOF"
reports[-1].add_parameters(ValErr(0.0387522, 0.0205419, 0), \
                           ValErr(-0.0306538, 0.172092, 0), \
                           ValErr(0.0297196, 0.139655, 0), \
                           ValErr(0.000380273, 0.000428214, 0), \
                           ValErr(-0.000611736, 0.000486657, 0), \
                           ValErr(-0.000346259, 0.00029678, 0), \
                           -4689.55, 1934, 1934, -nan)
reports[-1].sigmax = ValErr(0.669448, 0.0107644, 0)
reports[-1].sigmay = ValErr(0.988287, 0.0158912, 0)
reports[-1].sigmadxdz = ValErr(0, 0, 0)
reports[-1].sigmadydz = ValErr(0, 0, 0)
reports[-1].add_stats(0.0485835, 0.0294753, -0.000635556, -0.00291859, 0.0407404, 0.00428818, -0.000560474, -0.00173771, 0.0407404, 0.00428818, -0.000560474, -0.00173771, 0.0320905, 0.00260267, -0.00051033, -0.00242666, 0.0320905, 0.00260267, -0.00051033, -0.00242666, 0.669693, 0.988916, 0.00349154, 0.0335249, 0.669693, 0.988916, 0.00349154, 0.0335249)
reports[-1].CovMatrix = ['0.000421969','0.00231242','-0.00189048','3.37319e-06','-9.02832e-08','-3.38338e-07','-1.77676e-07','6.81315e-07','0','0','0','0','0.00231242','0.0296155','-0.0238254','4.26287e-05','-5.88104e-06','2.21555e-06','-9.00382e-07','4.65906e-06','0','0','0','0','-0.00189048','-0.0238254','0.0195036','-3.43408e-05','5.30792e-06','-1.76805e-06','6.89542e-07','-3.48116e-06','0','0','0','0','3.37319e-06','4.26287e-05','-3.43408e-05','1.83367e-07','-3.61786e-09','1.48793e-08','9.92438e-09','-4.90923e-09','0','0','0','0','-9.02832e-08','-5.88104e-06','5.30792e-06','-3.61786e-09','2.36835e-07','7.02688e-08','-2.6445e-08','4.94007e-08','0','0','0','0','-3.38338e-07','2.21555e-06','-1.76805e-06','1.48793e-08','7.02688e-08','8.80786e-08','1.24933e-08','-1.19454e-08','0','0','0','0','-1.77676e-07','-9.00382e-07','6.89542e-07','9.92438e-09','-2.6445e-08','1.24933e-08','0.000115874','-1.48526e-08','0','0','0','0','6.81315e-07','4.65906e-06','-3.48116e-06','-4.90923e-09','4.94007e-08','-1.19454e-08','-1.48526e-08','0.000252534','0','0','0','0','0','0','0','0','0','0','0','0','0','0','0','0','0','0','0','0','0','0','0','0','0','0','0','0','0','0','0','0','0','0','0','0','0','0','0','0','0','0','0','0','0','0','0','0','0','0','0','0']

reports.append(Report(577798144, ("DT", -2, 1, 12), "MBwhAst1sec12"))
reports[-1].posNum = 2705
reports[-1].negNum = 0
reports[-1].fittype = "6DOF"
reports[-1].add_parameters(ValErr(0.00778722, 0.0164978, 0), \
                           ValErr(0.201394, 0.139184, 0), \
                           ValErr(-0.0689118, 0.112899, 0), \
                           ValErr(-0.000125301, 0.000379877, 0), \
                           ValErr(0.000423554, 0.000412336, 0), \
                           ValErr(0.000180659, 0.000267048, 0), \
                           -6565.35, 2705, 2705, -nan)
reports[-1].sigmax = ValErr(0.663132, 0.00901382, 0)
reports[-1].sigmay = ValErr(1.00003, 0.0134931, 0)
reports[-1].sigmadxdz = ValErr(0, 0, 0)
reports[-1].sigmadydz = ValErr(0, 0, 0)
reports[-1].add_stats(0.0183382, 0.111661, 0.000707227, -0.00461953, 0.00377353, 0.122539, 0.000686506, -0.0024817, 0.00377353, 0.122539, 0.000686506, -0.0024817, 0.00246729, 0.132014, 0.000713465, -0.00260697, 0.00246729, 0.132014, 0.000713465, -0.00260697, 0.663263, 1.00022, 0.0033752, 0.032331, 0.663263, 1.00022, 0.0033752, 0.032331)
reports[-1].CovMatrix = ['0.000272179','0.00130963','-0.00107426','1.85302e-06','-6.12185e-07','-1.02815e-06','-3.76658e-07','-1.5892e-06','0','0','0','0','0.00130963','0.0193722','-0.0155491','2.82008e-05','-4.27753e-06','9.32515e-07','-6.76085e-06','-6.30442e-06','0','0','0','0','-0.00107426','-0.0155491','0.0127462','-2.15586e-05','3.21483e-06','-6.46186e-07','5.35761e-06','6.37507e-06','0','0','0','0','1.85302e-06','2.82008e-05','-2.15586e-05','1.44306e-07','-2.4151e-09','9.3108e-09','-1.20404e-08','-2.64702e-08','0','0','0','0','-6.12185e-07','-4.27753e-06','3.21483e-06','-2.4151e-09','1.70021e-07','5.78634e-08','2.68333e-09','-2.75195e-08','0','0','0','0','-1.02815e-06','9.32515e-07','-6.46186e-07','9.3108e-09','5.78634e-08','7.13147e-08','-4.41197e-09','9.8946e-09','0','0','0','0','-3.76658e-07','-6.76085e-06','5.35761e-06','-1.20404e-08','2.68333e-09','-4.41197e-09','8.12493e-05','1.63437e-07','0','0','0','0','-1.5892e-06','-6.30442e-06','6.37507e-06','-2.64702e-08','-2.75195e-08','9.8946e-09','1.63437e-07','0.000182066','0','0','0','0','0','0','0','0','0','0','0','0','0','0','0','0','0','0','0','0','0','0','0','0','0','0','0','0','0','0','0','0','0','0','0','0','0','0','0','0','0','0','0','0','0','0','0','0','0','0','0','0']

reports.append(Report(579108864, ("DT", -2, 2, 1), "MBwhAst2sec01"))
reports[-1].posNum = 3511
reports[-1].negNum = 0
reports[-1].fittype = "6DOF"
reports[-1].add_parameters(ValErr(-0.114843, 0.0159524, 0), \
                           ValErr(0.0567279, 0.125624, 0), \
                           ValErr(0.048695, 0.120477, 0), \
                           ValErr(-0.000456168, 0.00045997, 0), \
                           ValErr(0.000180151, 0.000436746, 0), \
                           ValErr(-0.000137368, 0.000301594, 0), \
                           -10204.6, 3511, 3511, -nan)
reports[-1].sigmax = ValErr(0.87468, 0.0104384, 0)
reports[-1].sigmay = ValErr(1.22444, 0.0146123, 0)
reports[-1].sigmadxdz = ValErr(0, 0, 0)
reports[-1].sigmadydz = ValErr(0, 0, 0)
reports[-1].add_stats(-0.12842, 0.0854514, 0.000297979, 0.0011502, -0.120042, 0.109795, 0.000333362, -0.000685013, -0.120042, 0.109795, 0.000333362, -0.000685013, -0.123856, 0.103529, 0.000352472, -0.000692358, -0.123856, 0.103529, 0.000352472, -0.000692358, 0.874638, 1.22487, 0.00366568, 0.0265129, 0.874638, 1.22487, 0.00366568, 0.0265129)
reports[-1].CovMatrix = ['0.00025448','-0.000672179','0.000652091','-1.17077e-06','2.49659e-07','-4.43145e-07','2.83685e-07','-2.35648e-07','0','0','0','0','-0.000672179','0.0157813','-0.0149248','2.66182e-05','3.75887e-06','1.43543e-06','-1.49576e-06','2.73595e-06','0','0','0','0','0.000652091','-0.0149248','0.0145147','-2.47816e-05','-3.9042e-06','-1.45219e-06','1.25255e-06','-2.10368e-06','0','0','0','0','-1.17077e-06','2.66182e-05','-2.47816e-05','2.11573e-07','-3.98497e-09','-5.42936e-09','-3.04983e-08','4.80855e-08','0','0','0','0','2.49659e-07','3.75887e-06','-3.9042e-06','-3.98497e-09','1.90747e-07','8.64941e-08','8.93631e-09','-7.59334e-10','0','0','0','0','-4.43145e-07','1.43543e-06','-1.45219e-06','-5.42936e-09','8.64941e-08','9.09591e-08','-2.05122e-09','1.04944e-08','0','0','0','0','2.83685e-07','-1.49576e-06','1.25255e-06','-3.04983e-08','8.93631e-09','-2.05122e-09','0.00010896','-9.08134e-09','0','0','0','0','-2.35648e-07','2.73595e-06','-2.10368e-06','4.80855e-08','-7.59334e-10','1.04944e-08','-9.08134e-09','0.00021352','0','0','0','0','0','0','0','0','0','0','0','0','0','0','0','0','0','0','0','0','0','0','0','0','0','0','0','0','0','0','0','0','0','0','0','0','0','0','0','0','0','0','0','0','0','0','0','0','0','0','0','0']

reports.append(Report(579371008, ("DT", -2, 2, 2), "MBwhAst2sec02"))
reports[-1].posNum = 3298
reports[-1].negNum = 0
reports[-1].fittype = "6DOF"
reports[-1].add_parameters(ValErr(0.0533104, 0.0158211, 0), \
                           ValErr(-0.0295675, 0.0226553, 0), \
                           ValErr(-0.0537094, 0.0208764, 0), \
                           ValErr(4.68745e-05, 0.000448391, 0), \
                           ValErr(3.88999e-05, 0.000461274, 0), \
                           ValErr(-0.00014836, 0.000328072, 0), \
                           -9689.56, 3298, 3298, -nan)
reports[-1].sigmax = ValErr(0.895158, 0.0109107, 0)
reports[-1].sigmay = ValErr(1.23477, 0.0150005, 0)
reports[-1].sigmadxdz = ValErr(0, 0, 0)
reports[-1].sigmadydz = ValErr(0, 0, 0)
reports[-1].add_stats(0.0712193, -0.0840379, 2.99772e-05, 0.00036154, 0.0535272, -0.0839087, 8.12551e-05, -0.000685075, 0.0535272, -0.0839087, 8.12551e-05, -0.000685075, 0.0647884, -0.0806327, 4.66616e-05, -0.000802192, 0.0647884, -0.0806327, 4.66616e-05, -0.000802192, 0.895239, 1.23479, 0.00373537, 0.0261027, 0.895239, 1.23479, 0.00373537, 0.0261027)
reports[-1].CovMatrix = ['0.000250308','3.72527e-05','-2.93328e-05','3.55607e-08','2.68806e-07','-6.40985e-07','8.20561e-07','-1.12295e-07','0','0','0','0','3.72527e-05','0.000513261','-0.000245184','1.31281e-06','-2.44467e-06','-2.07176e-06','4.71923e-07','-7.77031e-06','0','0','0','0','-2.93328e-05','-0.000245184','0.000435823','3.81983e-07','1.70024e-06','1.80376e-06','3.05431e-06','-1.07193e-07','0','0','0','0','3.55607e-08','1.31281e-06','3.81983e-07','2.01055e-07','-2.49033e-08','-1.31743e-08','-5.13345e-08','4.951e-08','0','0','0','0','2.68806e-07','-2.44467e-06','1.70024e-06','-2.49033e-08','2.12773e-07','1.0216e-07','-1.55382e-08','2.26687e-08','0','0','0','0','-6.40985e-07','-2.07176e-06','1.80376e-06','-1.31743e-08','1.0216e-07','1.07631e-07','-2.21319e-09','-1.02371e-08','0','0','0','0','8.20561e-07','4.71923e-07','3.05431e-06','-5.13345e-08','-1.55382e-08','-2.21319e-09','0.000119044','3.27892e-06','0','0','0','0','-1.12295e-07','-7.77031e-06','-1.07193e-07','4.951e-08','2.26687e-08','-1.02371e-08','3.27892e-06','0.000225017','0','0','0','0','0','0','0','0','0','0','0','0','0','0','0','0','0','0','0','0','0','0','0','0','0','0','0','0','0','0','0','0','0','0','0','0','0','0','0','0','0','0','0','0','0','0','0','0','0','0','0','0']

reports.append(Report(579633152, ("DT", -2, 2, 3), "MBwhAst2sec03"))
reports[-1].posNum = 2905
reports[-1].negNum = 0
reports[-1].fittype = "6DOF"
reports[-1].add_parameters(ValErr(-0.0796499, 0.017776, 0), \
                           ValErr(-0.376868, 0.137985, 0), \
                           ValErr(0.219795, 0.132185, 0), \
                           ValErr(-0.000734409, 0.000531178, 0), \
                           ValErr(0.000230136, 0.000506546, 0), \
                           ValErr(1.69091e-05, 0.000354886, 0), \
                           -8451.96, 2905, 2905, -nan)
reports[-1].sigmax = ValErr(0.880075, 0.0115462, 0)
reports[-1].sigmay = ValErr(1.22058, 0.0160135, 0)
reports[-1].sigmadxdz = ValErr(0, 0, 0)
reports[-1].sigmadydz = ValErr(0, 0, 0)
reports[-1].add_stats(-0.0498213, -0.156524, 0.000220971, 0.000392046, -0.0902257, -0.146067, 0.000261342, -0.00029129, -0.0902257, -0.146067, 0.000261342, -0.00029129, -0.092595, -0.140614, 0.00032867, -4.56314e-07, -0.092595, -0.140614, 0.00032867, -4.56314e-07, 0.880437, 1.22088, 0.00375972, 0.0251726, 0.880437, 1.22088, 0.00375972, 0.0251726)
reports[-1].CovMatrix = ['0.000315987','-0.000708836','0.000689573','-1.20569e-06','-4.97542e-07','-1.38408e-06','6.28476e-07','-7.41643e-07','0','0','0','0','-0.000708836','0.01904','-0.0179701','3.28788e-05','2.86211e-06','-3.06313e-07','-7.92357e-06','1.18158e-05','0','0','0','0','0.000689573','-0.0179701','0.0174728','-2.87998e-05','-2.52714e-06','2.1916e-07','7.82132e-06','-1.12348e-05','0','0','0','0','-1.20569e-06','3.28788e-05','-2.87998e-05','2.8215e-07','6.10849e-09','-7.47109e-09','-5.79177e-09','1.6971e-08','0','0','0','0','-4.97542e-07','2.86211e-06','-2.52714e-06','6.10849e-09','2.56589e-07','1.22e-07','7.37013e-09','5.53942e-09','0','0','0','0','-1.38408e-06','-3.06313e-07','2.1916e-07','-7.47109e-09','1.22e-07','1.25944e-07','-6.06702e-09','1.81729e-08','0','0','0','0','6.28476e-07','-7.92357e-06','7.82132e-06','-5.79177e-09','7.37013e-09','-6.06702e-09','0.000133316','-7.36724e-09','0','0','0','0','-7.41643e-07','1.18158e-05','-1.12348e-05','1.6971e-08','5.53942e-09','1.81729e-08','-7.36724e-09','0.000256433','0','0','0','0','0','0','0','0','0','0','0','0','0','0','0','0','0','0','0','0','0','0','0','0','0','0','0','0','0','0','0','0','0','0','0','0','0','0','0','0','0','0','0','0','0','0','0','0','0','0','0','0']

reports.append(Report(579895296, ("DT", -2, 2, 4), "MBwhAst2sec04"))
reports[-1].posNum = 3519
reports[-1].negNum = 0
reports[-1].fittype = "6DOF"
reports[-1].add_parameters(ValErr(0.00664164, 0.0158524, 0), \
                           ValErr(-0.106941, 0.126901, 0), \
                           ValErr(0.135723, 0.121508, 0), \
                           ValErr(-0.000706205, 0.00047997, 0), \
                           ValErr(0.000301293, 0.000449851, 0), \
                           ValErr(-0.000326134, 0.000311383, 0), \
                           -10281.9, 3519, 3519, -nan)
reports[-1].sigmax = ValErr(0.875205, 0.0104329, 0)
reports[-1].sigmay = ValErr(1.24264, 0.0148131, 0)
reports[-1].sigmadxdz = ValErr(0, 0, 0)
reports[-1].sigmadydz = ValErr(0, 0, 0)
reports[-1].add_stats(-0.00795741, 0.0342666, 7.7284e-05, -0.00038552, -0.00503124, 0.0360993, 9.1225e-05, -0.0014008, -0.00503124, 0.0360993, 9.1225e-05, -0.0014008, -0.0161317, 0.0283716, 0.000148326, -0.0012449, -0.0161317, 0.0283716, 0.000148326, -0.0012449, 0.875773, 1.2431, 0.00365982, 0.0255846, 0.875773, 1.2431, 0.00365982, 0.0255846)
