nan = None;  NAN = None
nan = 0
reports = []
class ValErr:
    def __init__(self, value, error, antisym):
        self.value, self.error, self.antisym = value, error, antisym

    def __repr__(self):
        if self.antisym == 0.:
            return "%g +- %g" % (self.value, self.error)
        else:
            return "%g +- %g ~ %g" % (self.value, self.error, self.antisym)

class Report:
    def __init__(self, chamberId, postal_address, name):
        self.chamberId, self.postal_address, self.name = chamberId, postal_address, name
        self.status = "NOFIT"
        self.fittype = None
        self.CovMatrix = None

    def add_parameters(self, deltax, deltay, deltaz, deltaphix, deltaphiy, deltaphiz, loglikelihood, numsegments, sumofweights, redchi2):
        self.status = "PASS"
        self.deltax, self.deltay, self.deltaz, self.deltaphix, self.deltaphiy, self.deltaphiz = deltax, deltay, deltaz, deltaphix, deltaphiy, deltaphiz
        self.loglikelihood, self.numsegments, self.sumofweights, self.redchi2 = loglikelihood, numsegments, sumofweights, redchi2

    def add_stats(self, median_x, median_y, median_dxdz, median_dydz, mean30_x, mean30_y, mean20_dxdz, mean50_dydz, mean15_x, mean15_y, mean10_dxdz, mean25_dydz, wmean30_x, wmean30_y, wmean20_dxdz, wmean50_dydz, wmean15_x, wmean15_y, wmean10_dxdz, wmean25_dydz, stdev30_x, stdev30_y, stdev20_dxdz, stdev50_dydz, stdev15_x, stdev15_y, stdev10_dxdz, stdev25_dydz):
        self.median_x, self.median_y, self.median_dxdz, self.median_dydz, self.mean30_x, self.mean30_y, self.mean20_dxdz, self.mean50_dydz, self.mean15_x, self.mean15_y, self.mean10_dxdz, self.mean25_dydz, self.wmean30_x, self.wmean30_y, self.wmean20_dxdz, self.wmean50_dydz, self.wmean15_x, self.wmean15_y, self.wmean10_dxdz, self.wmean25_dydz, self.stdev30_x, self.stdev30_y, self.stdev20_dxdz, self.stdev50_dydz, self.stdev15_x, self.stdev15_y, self.stdev10_dxdz, self.stdev25_dydz = median_x, median_y, median_dxdz, median_dydz, mean30_x, mean30_y, mean20_dxdz, mean50_dydz, mean15_x, mean15_y, mean10_dxdz, mean25_dydz, wmean30_x, wmean30_y, wmean20_dxdz, wmean50_dydz, wmean15_x, wmean15_y, wmean10_dxdz, wmean25_dydz, stdev30_x, stdev30_y, stdev20_dxdz, stdev50_dydz, stdev15_x, stdev15_y, stdev10_dxdz, stdev25_dydz

    def __repr__(self):
        return "<Report %s %s %s>" % (self.postal_address[0], " ".join(map(str, self.postal_address[1:])), self.status)

reports.append(Report(574914560, ("DT", -2, 1, 1), "MBwhAst1sec01"))
reports[-1].posNum = 11404
reports[-1].negNum = 0
reports[-1].fittype = "6DOF"
reports[-1].add_parameters(ValErr(-0.0840751, 0.00826913, 0), \
                           ValErr(0.207304, 0.067488, 0), \
                           ValErr(0.0112964, 0.0547225, 0), \
                           ValErr(1.79932e-05, 0.000186624, 0), \
                           ValErr(0.000307214, 0.000197168, 0), \
                           ValErr(0.000174349, 0.000134802, 0), \
                           -27769.6, 11404, 11404, -nan)
reports[-1].sigmax = ValErr(0.678608, 0.00449341, 0)
reports[-1].sigmay = ValErr(0.985024, 0.00652235, 0)
reports[-1].sigmadxdz = ValErr(0, 0, 0)
reports[-1].sigmadydz = ValErr(0, 0, 0)
reports[-1].add_stats(-0.0813599, 0.222194, 0.000126059, -0.00230155, -0.0813711, 0.220704, 9.05656e-05, -0.00139429, -0.0813711, 0.220704, 9.05656e-05, -0.00139429, -0.076365, 0.22825, 6.67626e-05, -0.00148548, -0.076365, 0.22825, 6.67626e-05, -0.00148548, 0.678664, 0.985061, 0.00348972, 0.031247, 0.678664, 0.985061, 0.00348972, 0.031247)
reports[-1].CovMatrix = ['6.83785e-05','0.000323627','-0.000265076','4.69328e-07','-1.35745e-07','-2.38505e-07','5.22527e-08','-2.15033e-08','0','0','0','0','0.000323627','0.00455463','-0.0036553','6.75087e-06','-7.66321e-07','3.70695e-07','5.12856e-07','-2.15272e-07','0','0','0','0','-0.000265076','-0.0036553','0.00299456','-5.16576e-06','5.97779e-07','-2.77701e-07','-4.21377e-07','2.31196e-07','0','0','0','0','4.69328e-07','6.75087e-06','-5.16576e-06','3.48286e-08','-8.56108e-10','2.48284e-09','5.96326e-10','9.79076e-10','0','0','0','0','-1.35745e-07','-7.66321e-07','5.97779e-07','-8.56108e-10','3.88753e-08','1.46213e-08','-4.28955e-10','2.3405e-09','0','0','0','0','-2.38505e-07','3.70695e-07','-2.77701e-07','2.48284e-09','1.46213e-08','1.81717e-08','2.97894e-10','7.78002e-10','0','0','0','0','5.22527e-08','5.12856e-07','-4.21377e-07','5.96326e-10','-4.28955e-10','2.97894e-10','2.01908e-05','-6.52595e-11','0','0','0','0','-2.15033e-08','-2.15272e-07','2.31196e-07','9.79076e-10','2.3405e-09','7.78002e-10','-6.52595e-11','4.25411e-05','0','0','0','0','0','0','0','0','0','0','0','0','0','0','0','0','0','0','0','0','0','0','0','0','0','0','0','0','0','0','0','0','0','0','0','0','0','0','0','0','0','0','0','0','0','0','0','0','0','0','0','0']

reports.append(Report(575176704, ("DT", -2, 1, 2), "MBwhAst1sec02"))
reports[-1].posNum = 7681
reports[-1].negNum = 0
reports[-1].fittype = "6DOF"
reports[-1].add_parameters(ValErr(0.0143519, 0.00982533, 0), \
                           ValErr(-0.0501161, 0.0818489, 0), \
                           ValErr(-0.00344107, 0.0662543, 0), \
                           ValErr(-0.000111323, 0.000219911, 0), \
                           ValErr(0.000542974, 0.000245031, 0), \
                           ValErr(0.000105105, 0.000156606, 0), \
                           -18651.4, 7681, 7681, -nan)
reports[-1].sigmax = ValErr(0.668908, 0.00539688, 0)
reports[-1].sigmay = ValErr(0.992518, 0.0080079, 0)
reports[-1].sigmadxdz = ValErr(0, 0, 0)
reports[-1].sigmadydz = ValErr(0, 0, 0)
reports[-1].add_stats(0.0249799, -0.0422132, 0.000878645, -0.00348396, 0.0141106, -0.0497246, 0.000907326, -0.00204387, 0.0141106, -0.0497246, 0.000907326, -0.00204387, 0.0162641, -0.0537115, 0.000901493, -0.00250021, 0.0162641, -0.0537115, 0.000901493, -0.00250021, 0.668949, 0.992826, 0.00343814, 0.0329578, 0.668949, 0.992826, 0.00343814, 0.0329578)
reports[-1].CovMatrix = ['9.65371e-05','0.000438746','-0.000359633','6.15781e-07','-2.80924e-07','-4.41954e-07','-2.35927e-08','1.05071e-07','0','0','0','0','0.000438746','0.00669925','-0.00536411','9.7162e-06','-1.85735e-06','7.81531e-09','-7.87759e-07','1.91021e-06','0','0','0','0','-0.000359633','-0.00536411','0.00438964','-7.34777e-06','1.37402e-06','3.84441e-08','6.29571e-07','-1.45938e-06','0','0','0','0','6.15781e-07','9.7162e-06','-7.34777e-06','4.83608e-08','-9.0072e-10','2.45361e-09','-2.18628e-09','5.91825e-09','0','0','0','0','-2.80924e-07','-1.85735e-06','1.37402e-06','-9.0072e-10','6.00402e-08','2.0187e-08','-8.85969e-10','3.7308e-09','0','0','0','0','-4.41954e-07','7.81531e-09','3.84441e-08','2.45361e-09','2.0187e-08','2.45254e-08','-1.5537e-10','1.79497e-09','0','0','0','0','-2.35927e-08','-7.87759e-07','6.29571e-07','-2.18628e-09','-8.85969e-10','-1.5537e-10','2.91264e-05','-3.86121e-10','0','0','0','0','1.05071e-07','1.91021e-06','-1.45938e-06','5.91825e-09','3.7308e-09','1.79497e-09','-3.86121e-10','6.41266e-05','0','0','0','0','0','0','0','0','0','0','0','0','0','0','0','0','0','0','0','0','0','0','0','0','0','0','0','0','0','0','0','0','0','0','0','0','0','0','0','0','0','0','0','0','0','0','0','0','0','0','0','0']

reports.append(Report(575438848, ("DT", -2, 1, 3), "MBwhAst1sec03"))
reports[-1].posNum = 8429
reports[-1].negNum = 0
reports[-1].fittype = "6DOF"
reports[-1].add_parameters(ValErr(-0.0102885, 0.0100857, 0), \
                           ValErr(-0.0218276, 0.0764313, 0), \
                           ValErr(-0.0570767, 0.0620772, 0), \
                           ValErr(-0.000203653, 0.0002093, 0), \
                           ValErr(0.000267519, 0.000223134, 0), \
                           ValErr(-0.000131554, 0.000154277, 0), \
                           -20424.7, 8429, 8429, -nan)
reports[-1].sigmax = ValErr(0.677544, 0.00521838, 0)
reports[-1].sigmay = ValErr(0.974878, 0.00750841, 0)
reports[-1].sigmadxdz = ValErr(0, 0, 0)
reports[-1].sigmadydz = ValErr(0, 0, 0)
reports[-1].add_stats(-0.0169878, -0.0941332, 3.2837e-05, -0.00260354, -0.0199137, -0.0858745, 8.3787e-05, -0.00184278, -0.0199137, -0.0858745, 8.3787e-05, -0.00184278, -0.013406, -0.0769358, 6.03605e-05, -0.00185242, -0.013406, -0.0769358, 6.03605e-05, -0.00185242, 0.677597, 0.975289, 0.00348747, 0.0324155, 0.677597, 0.975289, 0.00348747, 0.0324155)
reports[-1].CovMatrix = ['0.000101721','0.000466022','-0.000381916','6.5114e-07','-2.9663e-07','-4.45216e-07','4.29967e-08','1.05435e-08','0','0','0','0','0.000466022','0.00584175','-0.0046917','8.51053e-06','-1.35059e-06','2.28349e-08','3.79338e-07','1.57805e-07','0','0','0','0','-0.000381916','-0.0046917','0.00385357','-6.3807e-06','1.22589e-06','3.23403e-08','-3.21967e-07','-2.95021e-08','0','0','0','0','6.5114e-07','8.51053e-06','-6.3807e-06','4.38065e-08','-2.02876e-10','2.84958e-09','-5.22058e-11','2.62247e-09','0','0','0','0','-2.9663e-07','-1.35059e-06','1.22589e-06','-2.02876e-10','4.97888e-08','1.94274e-08','8.47497e-10','1.12416e-09','0','0','0','0','-4.45216e-07','2.28349e-08','3.23403e-08','2.84958e-09','1.94274e-08','2.38013e-08','9.39852e-10','1.96866e-10','0','0','0','0','4.29967e-08','3.79338e-07','-3.21967e-07','-5.22058e-11','8.47497e-10','9.39852e-10','2.72315e-05','-3.88788e-11','0','0','0','0','1.05435e-08','1.57805e-07','-2.95021e-08','2.62247e-09','1.12416e-09','1.96866e-10','-3.88788e-11','5.63764e-05','0','0','0','0','0','0','0','0','0','0','0','0','0','0','0','0','0','0','0','0','0','0','0','0','0','0','0','0','0','0','0','0','0','0','0','0','0','0','0','0','0','0','0','0','0','0','0','0','0','0','0','0']

reports.append(Report(575700992, ("DT", -2, 1, 4), "MBwhAst1sec04"))
reports[-1].posNum = 11824
reports[-1].negNum = 0
reports[-1].fittype = "6DOF"
reports[-1].add_parameters(ValErr(-0.0993373, 0.00793697, 0), \
                           ValErr(0.0651805, 0.0679242, 0), \
                           ValErr(-0.0349718, 0.0549474, 0), \
                           ValErr(1.64253e-05, 0.000183286, 0), \
                           ValErr(8.35573e-05, 0.000197767, 0), \
                           ValErr(0.000611798, 0.000130067, 0), \
                           -29043.3, 11824, 11824, -nan)
reports[-1].sigmax = ValErr(0.67898, 0.00441534, 0)
reports[-1].sigmay = ValErr(1.00561, 0.00653934, 0)
reports[-1].sigmadxdz = ValErr(0, 0, 0)
reports[-1].sigmadydz = ValErr(0, 0, 0)
reports[-1].add_stats(-0.102873, 0.012259, 0.000530764, -0.00343931, -0.0931525, 0.0212437, 0.00052553, -0.00225371, -0.0931525, 0.0212437, 0.00052553, -0.00225371, -0.0965365, 0.0133862, 0.000547362, -0.00211748, -0.0965365, 0.0133862, 0.000547362, -0.00211748, 0.679619, 1.00588, 0.00345508, 0.034136, 0.679619, 1.00588, 0.00345508, 0.034136)
reports[-1].CovMatrix = ['6.29955e-05','0.000308392','-0.000252295','4.45428e-07','-8.93465e-08','-1.74889e-07','5.44802e-08','-2.62937e-08','0','0','0','0','0.000308392','0.0046137','-0.00369545','6.7248e-06','-9.07215e-07','3.57101e-07','5.44111e-07','-2.95468e-07','0','0','0','0','-0.000252295','-0.00369545','0.00301922','-5.22253e-06','6.4094e-07','-2.73091e-07','-4.18884e-07','2.49936e-07','0','0','0','0','4.45428e-07','6.7248e-06','-5.22253e-06','3.35939e-08','-1.13809e-09','2.2637e-09','2.9763e-09','-2.68627e-09','0','0','0','0','-8.93465e-08','-9.07215e-07','6.4094e-07','-1.13809e-09','3.91119e-08','1.36242e-08','-1.88817e-10','1.93478e-09','0','0','0','0','-1.74889e-07','3.57101e-07','-2.73091e-07','2.2637e-09','1.36242e-08','1.69174e-08','3.444e-10','6.56516e-10','0','0','0','0','5.44802e-08','5.44111e-07','-4.18884e-07','2.9763e-09','-1.88817e-10','3.444e-10','1.94952e-05','-2.43305e-10','0','0','0','0','-2.62937e-08','-2.95468e-07','2.49936e-07','-2.68627e-09','1.93478e-09','6.56516e-10','-2.43305e-10','4.2763e-05','0','0','0','0','0','0','0','0','0','0','0','0','0','0','0','0','0','0','0','0','0','0','0','0','0','0','0','0','0','0','0','0','0','0','0','0','0','0','0','0','0','0','0','0','0','0','0','0','0','0','0','0']

reports.append(Report(575963136, ("DT", -2, 1, 5), "MBwhAst1sec05"))
reports[-1].posNum = 10496
reports[-1].negNum = 0
reports[-1].fittype = "6DOF"
reports[-1].add_parameters(ValErr(0.0200185, 0.00877526, 0), \
                           ValErr(-0.0697783, 0.0717631, 0), \
                           ValErr(-0.00585239, 0.0582548, 0), \
                           ValErr(-0.000503742, 0.000190439, 0), \
                           ValErr(0.000108379, 0.000208551, 0), \
                           ValErr(-0.000196935, 0.000134041, 0), \
                           -25566.4, 10496, 10496, -nan)
reports[-1].sigmax = ValErr(0.673134, 0.00464597, 0)
reports[-1].sigmay = ValErr(0.993773, 0.006859, 0)
reports[-1].sigmadxdz = ValErr(0, 0, 0)
reports[-1].sigmadydz = ValErr(0, 0, 0)
reports[-1].add_stats(0.0159965, -0.0503133, -0.000152763, -0.00139443, 0.0163165, -0.0691923, -0.000143704, -0.000747322, 0.0163165, -0.0691923, -0.000143704, -0.000747322, 0.017929, -0.0759391, -0.000165138, -0.00102554, 0.017929, -0.0759391, -0.000165138, -0.00102554, 0.673204, 0.994316, 0.00345629, 0.0340723, 0.673204, 0.994316, 0.00345629, 0.0340723)
reports[-1].CovMatrix = ['7.70051e-05','0.000388186','-0.000318015','5.59094e-07','-1.50905e-07','-2.4358e-07','6.65567e-08','-3.39299e-08','0','0','0','0','0.000388186','0.00514995','-0.00413965','7.53274e-06','-1.33926e-06','9.42746e-09','6.52174e-07','-3.82046e-07','0','0','0','0','-0.000318015','-0.00413965','0.00339362','-5.84583e-06','1.13327e-06','1.9739e-08','-5.21291e-07','3.51221e-07','0','0','0','0','5.59094e-07','7.53274e-06','-5.84583e-06','3.62669e-08','-3.64863e-10','2.14214e-09','1.97643e-09','-9.43241e-10','0','0','0','0','-1.50905e-07','-1.33926e-06','1.13327e-06','-3.64863e-10','4.34937e-08','1.44838e-08','-3.09753e-10','2.33141e-09','0','0','0','0','-2.4358e-07','9.42746e-09','1.9739e-08','2.14214e-09','1.44838e-08','1.79671e-08','3.74189e-10','6.3417e-10','0','0','0','0','6.65567e-08','6.52174e-07','-5.21291e-07','1.97643e-09','-3.09753e-10','3.74189e-10','2.1585e-05','-8.06145e-11','0','0','0','0','-3.39299e-08','-3.82046e-07','3.51221e-07','-9.43241e-10','2.33141e-09','6.3417e-10','-8.06145e-11','4.7046e-05','0','0','0','0','0','0','0','0','0','0','0','0','0','0','0','0','0','0','0','0','0','0','0','0','0','0','0','0','0','0','0','0','0','0','0','0','0','0','0','0','0','0','0','0','0','0','0','0','0','0','0','0']

reports.append(Report(576225280, ("DT", -2, 1, 6), "MBwhAst1sec06"))
reports[-1].posNum = 8961
reports[-1].negNum = 0
reports[-1].fittype = "6DOF"
reports[-1].add_parameters(ValErr(0.00435468, 0.0101111, 0), \
                           ValErr(-0.121394, 0.0766895, 0), \
                           ValErr(0.152954, 0.0622254, 0), \
                           ValErr(8.14733e-05, 0.000207116, 0), \
                           ValErr(7.36245e-05, 0.000224905, 0), \
                           ValErr(-0.00012052, 0.000151068, 0), \
                           -21890.3, 8961, 8961, -nan)
reports[-1].sigmax = ValErr(0.681535, 0.00509091, 0)
reports[-1].sigmay = ValErr(0.988443, 0.00738345, 0)
reports[-1].sigmadxdz = ValErr(0, 0, 0)
reports[-1].sigmadydz = ValErr(0, 0, 0)
reports[-1].add_stats(0.00996431, 0.0597719, -2.05106e-05, -0.00332325, 0.0163405, 0.0570011, -6.31443e-05, -0.00256211, 0.0163405, 0.0570011, -6.31443e-05, -0.00256211, 0.0148736, 0.0554007, -6.13019e-05, -0.00277226, 0.0148736, 0.0554007, -6.13019e-05, -0.00277226, 0.681743, 0.988745, 0.00348262, 0.0322865, 0.681743, 0.988745, 0.00348262, 0.0322865)
reports[-1].CovMatrix = ['0.000102235','0.000488882','-0.000399891','6.8045e-07','-2.99755e-07','-4.40482e-07','4.7666e-08','6.21934e-09','0','0','0','0','0.000488882','0.00588127','-0.00472067','8.54555e-06','-1.45089e-06','-1.14904e-07','1.85759e-07','4.4451e-07','0','0','0','0','-0.000399891','-0.00472067','0.003872','-6.41812e-06','1.37174e-06','1.4667e-07','-1.30134e-07','-3.11232e-07','0','0','0','0','6.8045e-07','8.54555e-06','-6.41812e-06','4.28972e-08','2.81811e-10','2.75172e-09','1.41702e-09','5.30244e-10','0','0','0','0','-2.99755e-07','-1.45089e-06','1.37174e-06','2.81811e-10','5.05823e-08','1.85973e-08','-1.33966e-10','2.5167e-09','0','0','0','0','-4.40482e-07','-1.14904e-07','1.4667e-07','2.75172e-09','1.85973e-08','2.28215e-08','-1.76916e-10','1.70612e-09','0','0','0','0','4.7666e-08','1.85759e-07','-1.30134e-07','1.41702e-09','-1.33966e-10','-1.76916e-10','2.59174e-05','-8.89721e-12','0','0','0','0','6.21934e-09','4.4451e-07','-3.11232e-07','5.30244e-10','2.5167e-09','1.70612e-09','-8.89721e-12','5.45155e-05','0','0','0','0','0','0','0','0','0','0','0','0','0','0','0','0','0','0','0','0','0','0','0','0','0','0','0','0','0','0','0','0','0','0','0','0','0','0','0','0','0','0','0','0','0','0','0','0','0','0','0','0']

reports.append(Report(576487424, ("DT", -2, 1, 7), "MBwhAst1sec07"))
reports[-1].posNum = 12202
reports[-1].negNum = 0
reports[-1].fittype = "6DOF"
reports[-1].add_parameters(ValErr(-0.0363527, 0.00793898, 0), \
                           ValErr(-0.0383676, 0.0663433, 0), \
                           ValErr(0.186738, 0.0537873, 0), \
                           ValErr(-5.69451e-08, 0.000182177, 0), \
                           ValErr(0.000231232, 0.000195918, 0), \
                           ValErr(-0.000240867, 0.000131044, 0), \
                           -29774.6, 12202, 12202, -nan)
reports[-1].sigmax = ValErr(0.677439, 0.00433652, 0)
reports[-1].sigmay = ValErr(0.991733, 0.00634841, 0)
reports[-1].sigmadxdz = ValErr(0, 0, 0)
reports[-1].sigmadydz = ValErr(0, 0, 0)
reports[-1].add_stats(-0.0308543, 0.199177, 0.000175519, -0.00143043, -0.0257835, 0.185467, 0.000188075, -0.00204427, -0.0257835, 0.185467, 0.000188075, -0.00204427, -0.0209909, 0.184453, 0.000166056, -0.00215013, -0.0209909, 0.184453, 0.000166056, -0.00215013, 0.677817, 0.992222, 0.00344901, 0.0319649, 0.677817, 0.992222, 0.00344901, 0.0319649)
reports[-1].CovMatrix = ['6.30274e-05','0.000304157','-0.00024921','4.36058e-07','-1.31961e-07','-2.25318e-07','6.58741e-08','-4.63381e-08','0','0','0','0','0.000304157','0.00440143','-0.00353283','6.44854e-06','-9.06682e-07','2.22538e-07','6.27856e-07','-4.2902e-07','0','0','0','0','-0.00024921','-0.00353283','0.00289308','-4.95016e-06','6.91023e-07','-1.57427e-07','-5.12514e-07','3.98219e-07','0','0','0','0','4.36058e-07','6.44854e-06','-4.95016e-06','3.31885e-08','-5.87343e-10','2.18037e-09','1.19188e-09','-8.7649e-12','0','0','0','0','-1.31961e-07','-9.06682e-07','6.91023e-07','-5.87343e-10','3.8384e-08','1.3954e-08','1.28721e-09','-2.64885e-10','0','0','0','0','-2.25318e-07','2.22538e-07','-1.57427e-07','2.18037e-09','1.3954e-08','1.71724e-08','3.4363e-10','6.21294e-10','0','0','0','0','6.58741e-08','6.27856e-07','-5.12514e-07','1.19188e-09','1.28721e-09','3.4363e-10','1.88054e-05','-8.92396e-11','0','0','0','0','-4.63381e-08','-4.2902e-07','3.98219e-07','-8.7649e-12','-2.64885e-10','6.21294e-10','-8.92396e-11','4.03023e-05','0','0','0','0','0','0','0','0','0','0','0','0','0','0','0','0','0','0','0','0','0','0','0','0','0','0','0','0','0','0','0','0','0','0','0','0','0','0','0','0','0','0','0','0','0','0','0','0','0','0','0','0']

reports.append(Report(576749568, ("DT", -2, 1, 8), "MBwhAst1sec08"))
reports[-1].posNum = 10749
reports[-1].negNum = 0
reports[-1].fittype = "6DOF"
reports[-1].add_parameters(ValErr(0.0323639, 0.00844547, 0), \
                           ValErr(0.0704989, 0.070494, 0), \
                           ValErr(-0.0529622, 0.0571636, 0), \
                           ValErr(2.86376e-05, 0.000190823, 0), \
                           ValErr(0.000616276, 0.000207459, 0), \
                           ValErr(-3.47102e-06, 0.000135146, 0), \
                           -26325.1, 10749, 10749, -nan)
reports[-1].sigmax = ValErr(0.675054, 0.00460408, 0)
reports[-1].sigmay = ValErr(1.00417, 0.00684871, 0)
reports[-1].sigmadxdz = ValErr(0, 0, 0)
reports[-1].sigmadydz = ValErr(0, 0, 0)
reports[-1].add_stats(0.0298552, 0.0210103, 0.000887567, -0.00149781, 0.024916, 0.00863822, 0.000892352, -0.0012254, 0.024916, 0.00863822, 0.000892352, -0.0012254, 0.0250668, 0.00810937, 0.000880295, -0.000912966, 0.0250668, 0.00810937, 0.000880295, -0.000912966, 0.675084, 1.00479, 0.00345877, 0.033321, 0.675084, 1.00479, 0.00345877, 0.033321)
reports[-1].CovMatrix = ['7.13259e-05','0.000344178','-0.000282231','4.86185e-07','-1.67005e-07','-2.77123e-07','1.41659e-08','3.50553e-08','0','0','0','0','0.000344178','0.0049694','-0.00398833','7.19102e-06','-1.38942e-06','-1.38286e-07','-1.17967e-07','7.17042e-07','0','0','0','0','-0.000282231','-0.00398833','0.00326768','-5.5238e-06','1.10229e-06','1.46267e-07','1.18809e-07','-5.62959e-07','0','0','0','0','4.86185e-07','7.19102e-06','-5.5238e-06','3.64133e-08','4.62006e-10','1.97076e-09','1.69793e-09','-5.50191e-10','0','0','0','0','-1.67005e-07','-1.38942e-06','1.10229e-06','4.62006e-10','4.30394e-08','1.4875e-08','2.18263e-09','-1.37651e-09','0','0','0','0','-2.77123e-07','-1.38286e-07','1.46267e-07','1.97076e-09','1.4875e-08','1.82645e-08','6.00229e-10','2.941e-10','0','0','0','0','1.41659e-08','-1.17967e-07','1.18809e-07','1.69793e-09','2.18263e-09','6.00229e-10','2.11976e-05','-1.90145e-10','0','0','0','0','3.50553e-08','7.17042e-07','-5.62959e-07','-5.50191e-10','-1.37651e-09','2.941e-10','-1.90145e-10','4.6905e-05','0','0','0','0','0','0','0','0','0','0','0','0','0','0','0','0','0','0','0','0','0','0','0','0','0','0','0','0','0','0','0','0','0','0','0','0','0','0','0','0','0','0','0','0','0','0','0','0','0','0','0','0']

reports.append(Report(577011712, ("DT", -2, 1, 9), "MBwhAst1sec09"))
reports[-1].posNum = 7252
reports[-1].negNum = 0
reports[-1].fittype = "6DOF"
reports[-1].add_parameters(ValErr(-0.0330949, 0.00984054, 0), \
                           ValErr(-0.0535903, 0.0838279, 0), \
                           ValErr(0.00322952, 0.0679514, 0), \
                           ValErr(0.000194683, 0.000226111, 0), \
                           ValErr(-0.000470044, 0.000240855, 0), \
                           ValErr(4.4692e-05, 0.000161046, 0), \
                           -17589.3, 7252, 7252, -nan)
reports[-1].sigmax = ValErr(0.672382, 0.00558308, 0)
reports[-1].sigmay = ValErr(0.984602, 0.00817556, 0)
reports[-1].sigmadxdz = ValErr(0, 0, 0)
reports[-1].sigmadydz = ValErr(0, 0, 0)
reports[-1].add_stats(-0.0190845, -0.0562787, 2.61209e-05, -0.00394958, -0.0302225, -0.0551551, 5.33479e-05, -0.00281761, -0.0302225, -0.0551551, 5.33479e-05, -0.00281761, -0.0315634, -0.0624768, 5.32755e-05, -0.00321807, -0.0315634, -0.0624768, 5.32755e-05, -0.00321807, 0.672396, 0.98505, 0.00342724, 0.0332567, 0.672396, 0.98505, 0.00342724, 0.0332567)
reports[-1].CovMatrix = ['9.68362e-05','0.000450897','-0.000369852','6.62967e-07','-9.07343e-08','-2.32061e-07','1.33936e-07','-1.11521e-07','0','0','0','0','0.000450897','0.00702712','-0.00563809','1.04087e-05','-6.57645e-07','1.30337e-06','1.40281e-06','-1.22248e-06','0','0','0','0','-0.000369852','-0.00563809','0.0046174','-8.08343e-06','3.18267e-07','-1.04543e-06','-1.11714e-06','1.02566e-06','0','0','0','0','6.62967e-07','1.04087e-05','-8.08343e-06','5.11262e-08','-3.34906e-09','4.32462e-09','5.23906e-09','-5.02967e-09','0','0','0','0','-9.07343e-08','-6.57645e-07','3.18267e-07','-3.34906e-09','5.80112e-08','2.05988e-08','1.25667e-09','6.26337e-10','0','0','0','0','-2.32061e-07','1.30337e-06','-1.04543e-06','4.32462e-09','2.05988e-08','2.59358e-08','3.4715e-10','1.35752e-09','0','0','0','0','1.33936e-07','1.40281e-06','-1.11714e-06','5.23906e-09','1.25667e-09','3.4715e-10','3.11709e-05','-5.92602e-10','0','0','0','0','-1.11521e-07','-1.22248e-06','1.02566e-06','-5.02967e-09','6.26337e-10','1.35752e-09','-5.92602e-10','6.684e-05','0','0','0','0','0','0','0','0','0','0','0','0','0','0','0','0','0','0','0','0','0','0','0','0','0','0','0','0','0','0','0','0','0','0','0','0','0','0','0','0','0','0','0','0','0','0','0','0','0','0','0','0']

reports.append(Report(577273856, ("DT", -2, 1, 10), "MBwhAst1sec10"))
reports[-1].posNum = 7970
reports[-1].negNum = 0
reports[-1].fittype = "6DOF"
reports[-1].add_parameters(ValErr(0.051983, 0.00924589, 0), \
                           ValErr(0.140572, 0.0813304, 0), \
                           ValErr(-0.0314537, 0.0660649, 0), \
                           ValErr(-3.06547e-05, 0.000209008, 0), \
                           ValErr(-0.000106934, 0.000231205, 0), \
                           ValErr(9.81996e-05, 0.000143894, 0), \
                           -19246.5, 7970, 7970, -nan)
reports[-1].sigmax = ValErr(0.663189, 0.00525284, 0)
reports[-1].sigmay = ValErr(0.98776, 0.00782369, 0)
reports[-1].sigmadxdz = ValErr(0, 0, 0)
reports[-1].sigmadydz = ValErr(0, 0, 0)
reports[-1].add_stats(0.0402612, 0.117755, 2.36487e-05, -0.002108, 0.0509615, 0.101808, 5.20212e-06, -0.000135297, 0.0509615, 0.101808, 5.20212e-06, -0.000135297, 0.0607155, 0.10354, -3.44701e-05, -3.21598e-05, 0.0607155, 0.10354, -3.44701e-05, -3.21598e-05, 0.663218, 0.987828, 0.00340042, 0.0327269, 0.663218, 0.987828, 0.00340042, 0.0327269)
reports[-1].CovMatrix = ['8.54865e-05','0.00043017','-0.000353465','6.37316e-07','2.29234e-08','-7.34271e-08','-1.50114e-08','1.07215e-07','0','0','0','0','0.00043017','0.00661464','-0.00532214','9.65161e-06','-8.66539e-07','9.15886e-07','-5.45201e-07','1.55533e-06','0','0','0','0','-0.000353465','-0.00532214','0.00436458','-7.75322e-06','5.26941e-07','-7.44384e-07','4.57718e-07','-1.2362e-06','0','0','0','0','6.37316e-07','9.65161e-06','-7.75322e-06','4.36844e-08','-2.06207e-09','3.48427e-09','2.88304e-10','1.77561e-09','0','0','0','0','2.29234e-08','-8.66539e-07','5.26941e-07','-2.06207e-09','5.34556e-08','1.66407e-08','-7.51525e-10','3.3706e-09','0','0','0','0','-7.34271e-08','9.15886e-07','-7.44384e-07','3.48427e-09','1.66407e-08','2.07054e-08','3.83864e-10','1.00181e-09','0','0','0','0','-1.50114e-08','-5.45201e-07','4.57718e-07','2.88304e-10','-7.51525e-10','3.83864e-10','2.75924e-05','-2.07049e-10','0','0','0','0','1.07215e-07','1.55533e-06','-1.2362e-06','1.77561e-09','3.3706e-09','1.00181e-09','-2.07049e-10','6.12102e-05','0','0','0','0','0','0','0','0','0','0','0','0','0','0','0','0','0','0','0','0','0','0','0','0','0','0','0','0','0','0','0','0','0','0','0','0','0','0','0','0','0','0','0','0','0','0','0','0','0','0','0','0']

reports.append(Report(577536000, ("DT", -2, 1, 11), "MBwhAst1sec11"))
reports[-1].posNum = 7997
reports[-1].negNum = 0
reports[-1].fittype = "6DOF"
reports[-1].add_parameters(ValErr(0.0609581, 0.00997688, 0), \
                           ValErr(0.14616, 0.0849594, 0), \
                           ValErr(-0.0767015, 0.0688693, 0), \
                           ValErr(0.000541159, 0.000216424, 0), \
                           ValErr(-0.000357748, 0.0002403, 0), \
                           ValErr(1.54588e-05, 0.000152883, 0), \
                           -19640.2, 7997, 7997, -nan)
reports[-1].sigmax = ValErr(0.683408, 0.00540384, 0)
reports[-1].sigmay = ValErr(0.998739, 0.00789723, 0)
reports[-1].sigmadxdz = ValErr(0, 0, 0)
reports[-1].sigmadydz = ValErr(0, 0, 0)
reports[-1].add_stats(0.0487852, 0.0518161, -0.000648381, -0.00264375, 0.0553043, 0.0502992, -0.000620801, -0.00239932, 0.0553043, 0.0502992, -0.000620801, -0.00239932, 0.0545565, 0.0525787, -0.000611142, -0.00264546, 0.0545565, 0.0525787, -0.000611142, -0.00264546, 0.683439, 0.999264, 0.00347268, 0.0342965, 0.683439, 0.999264, 0.00347268, 0.0342965)
reports[-1].CovMatrix = ['9.95381e-05','0.000529299','-0.000432702','7.69959e-07','-3.15237e-08','-1.16799e-07','5.50952e-08','1.50973e-08','0','0','0','0','0.000529299','0.00721809','-0.0057999','1.03658e-05','-1.62454e-06','1.85108e-07','3.38046e-07','2.63597e-07','0','0','0','0','-0.000432702','-0.0057999','0.00474298','-8.32939e-06','1.35818e-06','-1.38298e-07','-2.68661e-07','-1.65045e-07','0','0','0','0','7.69959e-07','1.03658e-05','-8.32939e-06','4.68393e-08','-4.10319e-10','3.10198e-09','2.16127e-09','-7.90984e-10','0','0','0','0','-3.15237e-08','-1.62454e-06','1.35818e-06','-4.10319e-10','5.77441e-08','1.88222e-08','4.3409e-10','1.94603e-09','0','0','0','0','-1.16799e-07','1.85108e-07','-1.38298e-07','3.10198e-09','1.88222e-08','2.33731e-08','5.3598e-10','8.91721e-10','0','0','0','0','5.50952e-08','3.38046e-07','-2.68661e-07','2.16127e-09','4.3409e-10','5.3598e-10','2.92015e-05','-2.81879e-11','0','0','0','0','1.50973e-08','2.63597e-07','-1.65045e-07','-7.90984e-10','1.94603e-09','8.91721e-10','-2.81879e-11','6.23663e-05','0','0','0','0','0','0','0','0','0','0','0','0','0','0','0','0','0','0','0','0','0','0','0','0','0','0','0','0','0','0','0','0','0','0','0','0','0','0','0','0','0','0','0','0','0','0','0','0','0','0','0','0']

reports.append(Report(577798144, ("DT", -2, 1, 12), "MBwhAst1sec12"))
reports[-1].posNum = 10408
reports[-1].negNum = 0
reports[-1].fittype = "6DOF"
reports[-1].add_parameters(ValErr(-0.00782373, 0.00882489, 0), \
                           ValErr(0.172594, 0.0738951, 0), \
                           ValErr(-0.0251889, 0.0599874, 0), \
                           ValErr(9.06102e-05, 0.00019528, 0), \
                           ValErr(0.000502657, 0.000211807, 0), \
                           ValErr(0.000246102, 0.000140675, 0), \
                           -25465.1, 10408, 10408, -nan)
reports[-1].sigmax = ValErr(0.685725, 0.00475288, 0)
reports[-1].sigmay = ValErr(0.986191, 0.00683536, 0)
reports[-1].sigmadxdz = ValErr(0, 0, 0)
reports[-1].sigmadydz = ValErr(0, 0, 0)
reports[-1].add_stats(-0.0143271, 0.138807, 0.000774257, -0.00342649, -0.00750179, 0.141789, 0.000761978, -0.00146534, -0.00750179, 0.141789, 0.000761978, -0.00146534, -0.0001995, 0.146579, 0.000744929, -0.00168024, -0.0001995, 0.146579, 0.000744929, -0.00168024, 0.685805, 0.986371, 0.0034831, 0.0319424, 0.685805, 0.986371, 0.0034831, 0.0319424)
reports[-1].CovMatrix = ['7.78787e-05','0.00037968','-0.000311314','5.44798e-07','-1.99154e-07','-3.14019e-07','3.49102e-08','9.7153e-09','0','0','0','0','0.00037968','0.00546049','-0.00439079','8.03582e-06','-1.21961e-06','7.23021e-08','1.21199e-07','4.36691e-07','0','0','0','0','-0.000311314','-0.00439079','0.00359848','-6.17121e-06','9.48598e-07','-2.78133e-08','-9.65901e-08','-3.02218e-07','0','0','0','0','5.44798e-07','8.03582e-06','-6.17121e-06','3.81344e-08','-5.34133e-10','2.11248e-09','7.22997e-10','1.04241e-09','0','0','0','0','-1.99154e-07','-1.21961e-06','9.48598e-07','-5.34133e-10','4.4862e-08','1.61129e-08','3.13889e-09','-2.63653e-09','0','0','0','0','-3.14019e-07','7.23021e-08','-2.78133e-08','2.11248e-09','1.61129e-08','1.97895e-08','6.6793e-10','2.95601e-10','0','0','0','0','3.49102e-08','1.21199e-07','-9.65901e-08','7.22997e-10','3.13889e-09','6.6793e-10','2.25899e-05','-2.061e-10','0','0','0','0','9.7153e-09','4.36691e-07','-3.02218e-07','1.04241e-09','-2.63653e-09','2.95601e-10','-2.061e-10','4.67223e-05','0','0','0','0','0','0','0','0','0','0','0','0','0','0','0','0','0','0','0','0','0','0','0','0','0','0','0','0','0','0','0','0','0','0','0','0','0','0','0','0','0','0','0','0','0','0','0','0','0','0','0','0']

reports.append(Report(579108864, ("DT", -2, 2, 1), "MBwhAst2sec01"))
reports[-1].posNum = 13976
reports[-1].negNum = 0
reports[-1].fittype = "6DOF"
reports[-1].add_parameters(ValErr(-0.0954113, 0.00808575, 0), \
                           ValErr(0.0350056, 0.0642308, 0), \
                           ValErr(0.0324981, 0.0616152, 0), \
                           ValErr(0.000195363, 0.000231793, 0), \
                           ValErr(0.000143303, 0.000221647, 0), \
                           ValErr(4.46716e-05, 0.000156857, 0), \
                           -40712.6, 13976, 13976, -nan)
reports[-1].sigmax = ValErr(0.893125, 0.00534202, 0)
reports[-1].sigmay = ValErr(1.20707, 0.00721993, 0)
reports[-1].sigmadxdz = ValErr(0, 0, 0)
reports[-1].sigmadydz = ValErr(0, 0, 0)
reports[-1].add_stats(-0.098981, 0.0803428, 0.000186375, 0.000460646, -0.0972061, 0.0667316, 0.000196326, -0.000497784, -0.0972061, 0.0667316, 0.000196326, -0.000497784, -0.0945083, 0.0728696, 0.000206247, -0.000491294, -0.0945083, 0.0728696, 0.000206247, -0.000491294, 0.89314, 1.20714, 0.00370931, 0.0259955, 0.89314, 1.20714, 0.00370931, 0.0259955)
reports[-1].CovMatrix = ['6.53793e-05','-0.000162','0.000157421','-2.82047e-07','5.97934e-08','-1.10907e-07','3.85373e-08','-1.11717e-08','0','0','0','0','-0.000162','0.00412559','-0.00390633','6.98486e-06','8.2319e-07','2.31159e-07','-2.4931e-07','5.02025e-07','0','0','0','0','0.000157421','-0.00390633','0.00379643','-6.51071e-06','-8.02908e-07','-2.36171e-07','2.49969e-07','-4.30432e-07','0','0','0','0','-2.82047e-07','6.98486e-06','-6.51071e-06','5.3728e-08','-2.35464e-10','-1.31442e-09','7.98484e-10','3.39685e-10','0','0','0','0','5.97934e-08','8.2319e-07','-8.02908e-07','-2.35464e-10','4.91272e-08','2.3514e-08','-1.92336e-09','5.71753e-09','0','0','0','0','-1.10907e-07','2.31159e-07','-2.36171e-07','-1.31442e-09','2.3514e-08','2.46042e-08','-7.81077e-10','3.09945e-09','0','0','0','0','3.85373e-08','-2.4931e-07','2.49969e-07','7.98484e-10','-1.92336e-09','-7.81077e-10','2.85372e-05','-2.44796e-10','0','0','0','0','-1.11717e-08','5.02025e-07','-4.30432e-07','3.39685e-10','5.71753e-09','3.09945e-09','-2.44796e-10','5.21275e-05','0','0','0','0','0','0','0','0','0','0','0','0','0','0','0','0','0','0','0','0','0','0','0','0','0','0','0','0','0','0','0','0','0','0','0','0','0','0','0','0','0','0','0','0','0','0','0','0','0','0','0','0']

reports.append(Report(579371008, ("DT", -2, 2, 2), "MBwhAst2sec02"))
reports[-1].posNum = 12765
reports[-1].negNum = 0
reports[-1].fittype = "6DOF"
reports[-1].add_parameters(ValErr(0.0550605, 0.0087297, 0), \
                           ValErr(-0.0918694, 0.0671837, 0), \
                           ValErr(-0.00965491, 0.0644294, 0), \
                           ValErr(-8.88964e-05, 0.000249221, 0), \
                           ValErr(-2.44715e-05, 0.000234329, 0), \
                           ValErr(-0.00016292, 0.000168803, 0), \
                           -37299.6, 12765, 12765, -nan)
reports[-1].sigmax = ValErr(0.897523, 0.00561724, 0)
reports[-1].sigmay = ValErr(1.21199, 0.00758538, 0)
reports[-1].sigmadxdz = ValErr(0, 0, 0)
reports[-1].sigmadydz = ValErr(0, 0, 0)
reports[-1].add_stats(0.0634022, -0.0900601, 6.81981e-05, -0.000382641, 0.0537374, -0.100369, 6.97838e-05, -0.00141384, 0.0537374, -0.100369, 6.97838e-05, -0.00141384, 0.0463229, -0.0938251, 9.07917e-05, -0.00150462, 0.0463229, -0.0938251, 9.07917e-05, -0.00150462, 0.897565, 1.21201, 0.00368991, 0.0258878, 0.897565, 1.21201, 0.00368991, 0.0258878)
reports[-1].CovMatrix = ['7.62077e-05','-0.000218716','0.000211441','-3.78071e-07','3.71847e-09','-1.86743e-07','9.53855e-10','3.89459e-08','0','0','0','0','-0.000218716','0.00451364','-0.00427107','7.65309e-06','1.45689e-06','9.2715e-07','2.37051e-07','-1.16371e-07','0','0','0','0','0.000211441','-0.00427107','0.00415115','-7.03222e-06','-1.59075e-06','-9.25426e-07','-2.43959e-07','2.02581e-07','0','0','0','0','-3.78071e-07','7.65309e-06','-7.03222e-06','6.21111e-08','-2.27535e-09','-1.0452e-09','-2.76104e-09','5.28953e-09','0','0','0','0','3.71847e-09','1.45689e-06','-1.59075e-06','-2.27535e-09','5.49103e-08','2.72107e-08','-1.30452e-09','5.10076e-09','0','0','0','0','-1.86743e-07','9.2715e-07','-9.25426e-07','-1.0452e-09','2.72107e-08','2.84946e-08','1.22741e-09','6.75887e-10','0','0','0','0','9.53855e-10','2.37051e-07','-2.43959e-07','-2.76104e-09','-1.30452e-09','1.22741e-09','3.15535e-05','-7.75621e-10','0','0','0','0','3.89459e-08','-1.16371e-07','2.02581e-07','5.28953e-09','5.10076e-09','6.75887e-10','-7.75621e-10','5.75381e-05','0','0','0','0','0','0','0','0','0','0','0','0','0','0','0','0','0','0','0','0','0','0','0','0','0','0','0','0','0','0','0','0','0','0','0','0','0','0','0','0','0','0','0','0','0','0','0','0','0','0','0','0']

reports.append(Report(579633152, ("DT", -2, 2, 3), "MBwhAst2sec03"))
reports[-1].posNum = 11457
reports[-1].negNum = 0
reports[-1].fittype = "6DOF"
reports[-1].add_parameters(ValErr(-0.0528766, 0.00897413, 0), \
                           ValErr(-0.26791, 0.0697036, 0), \
                           ValErr(0.142757, 0.0668515, 0), \
                           ValErr(-0.000126213, 0.00026128, 0), \
                           ValErr(-0.000211819, 0.000250112, 0), \
                           ValErr(-4.78563e-05, 0.000177422, 0), \
                           -33135.1, 11457, 11457, -nan)
reports[-1].sigmax = ValErr(0.884812, 0.00582636, 0)
reports[-1].sigmay = ValErr(1.19319, 0.0078541, 0)
reports[-1].sigmadxdz = ValErr(0, 0, 0)
reports[-1].sigmadydz = ValErr(0, 0, 0)
reports[-1].add_stats(-0.0646, -0.116567, 0.000215577, -0.000136326, -0.0580384, -0.122396, 0.000221609, -0.000875991, -0.0580384, -0.122396, 0.000221609, -0.000875991, -0.0520945, -0.123527, 0.000206406, -0.000983507, -0.0520945, -0.123527, 0.000206406, -0.000983507, 0.884974, 1.19325, 0.00375806, 0.0250478, 0.884974, 1.19325, 0.00375806, 0.0250478)
reports[-1].CovMatrix = ['8.05351e-05','-0.000185802','0.000180479','-3.15472e-07','-1.17131e-07','-3.27797e-07','-7.14087e-08','-3.30178e-07','0','0','0','0','-0.000185802','0.00485859','-0.00459539','8.40018e-06','9.96566e-07','1.33025e-07','3.65043e-06','2.34399e-06','0','0','0','0','0.000180479','-0.00459539','0.00446912','-7.46558e-06','-9.43751e-07','-1.5315e-07','-3.68216e-06','-2.10471e-06','0','0','0','0','-3.15472e-07','8.40018e-06','-7.46558e-06','6.82671e-08','7.5151e-10','-1.71884e-09','1.05847e-08','2.38556e-09','0','0','0','0','-1.17131e-07','9.96566e-07','-9.43751e-07','7.5151e-10','6.25562e-08','3.05766e-08','-5.22783e-09','9.43383e-09','0','0','0','0','-3.27797e-07','1.33025e-07','-1.5315e-07','-1.71884e-09','3.05766e-08','3.14785e-08','-4.9897e-09','4.31445e-09','0','0','0','0','-7.14087e-08','3.65043e-06','-3.68216e-06','1.05847e-08','-5.22783e-09','-4.9897e-09','3.39466e-05','-1.82406e-07','0','0','0','0','-3.30178e-07','2.34399e-06','-2.10471e-06','2.38556e-09','9.43383e-09','4.31445e-09','-1.82406e-07','6.1687e-05','0','0','0','0','0','0','0','0','0','0','0','0','0','0','0','0','0','0','0','0','0','0','0','0','0','0','0','0','0','0','0','0','0','0','0','0','0','0','0','0','0','0','0','0','0','0','0','0','0','0','0','0']

reports.append(Report(579895296, ("DT", -2, 2, 4), "MBwhAst2sec04"))
reports[-1].posNum = 13806
reports[-1].negNum = 0
reports[-1].fittype = "6DOF"
reports[-1].add_parameters(ValErr(0.0106416, 0.00799168, 0), \
                           ValErr(0.0261846, 0.0638652, 0), \
                           ValErr(0.0127001, 0.0611798, 0), \
                           ValErr(-0.000160934, 0.000239375, 0), \
                           ValErr(0.000259714, 0.000224599, 0), \
                           ValErr(-2.78006e-05, 0.000158969, 0), \
                           -40024.5, 13806, 13806, -nan)
reports[-1].sigmax = ValErr(0.876545, 0.00527504, 0)
reports[-1].sigmay = ValErr(1.21283, 0.00729881, 0)
reports[-1].sigmadxdz = ValErr(0, 0, 0)
reports[-1].sigmadydz = ValErr(0, 0, 0)
reports[-1].add_stats(0.010581, 0.0414334, 8.6613e-05, -0.000586865, 0.00789092, 0.0401581, 9.48178e-05, -0.00114696, 0.00789092, 0.0401581, 9.48178e-05, -0.00114696, 0.00331235, 0.0538555, 0.000118649, -0.00124103, 0.00331235, 0.0538555, 0.000118649, -0.00124103, 0.876541, 1.21299, 0.00367623, 0.025428, 0.876541, 1.21299, 0.00367623, 0.025428)
