nan = None;  NAN = None
nan = 0
reports = []
class ValErr:
    def __init__(self, value, error, antisym):
        self.value, self.error, self.antisym = value, error, antisym

    def __repr__(self):
        if self.antisym == 0.:
            return "%g +- %g" % (self.value, self.error)
        else:
            return "%g +- %g ~ %g" % (self.value, self.error, self.antisym)

class Report:
    def __init__(self, chamberId, postal_address, name):
        self.chamberId, self.postal_address, self.name = chamberId, postal_address, name
        self.status = "NOFIT"
        self.fittype = None
        self.CovMatrix = None

    def add_parameters(self, deltax, deltay, deltaz, deltaphix, deltaphiy, deltaphiz, loglikelihood, numsegments, sumofweights, redchi2):
        self.status = "PASS"
        self.deltax, self.deltay, self.deltaz, self.deltaphix, self.deltaphiy, self.deltaphiz = deltax, deltay, deltaz, deltaphix, deltaphiy, deltaphiz
        self.loglikelihood, self.numsegments, self.sumofweights, self.redchi2 = loglikelihood, numsegments, sumofweights, redchi2

    def add_stats(self, median_x, median_y, median_dxdz, median_dydz, mean30_x, mean30_y, mean20_dxdz, mean50_dydz, mean15_x, mean15_y, mean10_dxdz, mean25_dydz, wmean30_x, wmean30_y, wmean20_dxdz, wmean50_dydz, wmean15_x, wmean15_y, wmean10_dxdz, wmean25_dydz, stdev30_x, stdev30_y, stdev20_dxdz, stdev50_dydz, stdev15_x, stdev15_y, stdev10_dxdz, stdev25_dydz):
        self.median_x, self.median_y, self.median_dxdz, self.median_dydz, self.mean30_x, self.mean30_y, self.mean20_dxdz, self.mean50_dydz, self.mean15_x, self.mean15_y, self.mean10_dxdz, self.mean25_dydz, self.wmean30_x, self.wmean30_y, self.wmean20_dxdz, self.wmean50_dydz, self.wmean15_x, self.wmean15_y, self.wmean10_dxdz, self.wmean25_dydz, self.stdev30_x, self.stdev30_y, self.stdev20_dxdz, self.stdev50_dydz, self.stdev15_x, self.stdev15_y, self.stdev10_dxdz, self.stdev25_dydz = median_x, median_y, median_dxdz, median_dydz, mean30_x, mean30_y, mean20_dxdz, mean50_dydz, mean15_x, mean15_y, mean10_dxdz, mean25_dydz, wmean30_x, wmean30_y, wmean20_dxdz, wmean50_dydz, wmean15_x, wmean15_y, wmean10_dxdz, wmean25_dydz, stdev30_x, stdev30_y, stdev20_dxdz, stdev50_dydz, stdev15_x, stdev15_y, stdev10_dxdz, stdev25_dydz

    def __repr__(self):
        return "<Report %s %s %s>" % (self.postal_address[0], " ".join(map(str, self.postal_address[1:])), self.status)

reports.append(Report(574914560, ("DT", -2, 1, 1), "MBwhAst1sec01"))
reports[-1].posNum = 2681
reports[-1].negNum = 0
reports[-1].fittype = "6DOF"
reports[-1].add_parameters(ValErr(-0.080133, 0.0168655, 0), \
                           ValErr(0.368922, 0.137292, 0), \
                           ValErr(-0.117716, 0.111283, 0), \
                           ValErr(0.000325308, 0.00038673, 0), \
                           ValErr(0.000801337, 0.000408967, 0), \
                           ValErr(0.000168735, 0.000272887, 0), \
                           -6583.16, 2681, 2681, -nan)
reports[-1].sigmax = ValErr(0.671853, 0.00917512, 0)
reports[-1].sigmay = ValErr(1.01544, 0.0138673, 0)
reports[-1].sigmadxdz = ValErr(0, 0, 0)
reports[-1].sigmadydz = ValErr(0, 0, 0)
reports[-1].add_stats(-0.0711603, 0.231788, 0.000119417, -0.00354006, -0.0925206, 0.223661, 0.000165494, -0.00246766, -0.0925206, 0.223661, 0.000165494, -0.00246766, -0.0865873, 0.260821, 0.000156902, -0.00280867, -0.0865873, 0.260821, 0.000156902, -0.00280867, 0.672076, 1.01621, 0.0035062, 0.0314546, 0.672076, 1.01621, 0.0035062, 0.0314546)
reports[-1].CovMatrix = ['0.000284445','0.00136727','-0.00112','1.95866e-06','-4.68651e-07','-8.70455e-07','1.92909e-07','-5.10728e-08','0','0','0','0','0.00136727','0.0188491','-0.0151115','2.74981e-05','-4.22188e-06','8.60338e-07','1.92886e-06','-7.61965e-07','0','0','0','0','-0.00112','-0.0151115','0.0123839','-2.11613e-05','3.46222e-06','-5.98528e-07','-1.54524e-06','8.02655e-07','0','0','0','0','1.95866e-06','2.74981e-05','-2.11613e-05','1.4956e-07','-3.02501e-09','1.03678e-08','5.65163e-09','-7.26834e-10','0','0','0','0','-4.68651e-07','-4.22188e-06','3.46222e-06','-3.02501e-09','1.67254e-07','6.01429e-08','5.74892e-09','-1.02613e-09','0','0','0','0','-8.70455e-07','8.60338e-07','-5.98528e-07','1.03678e-08','6.01429e-08','7.44675e-08','4.51812e-09','-1.63989e-09','0','0','0','0','1.92909e-07','1.92886e-06','-1.54524e-06','5.65163e-09','5.74892e-09','4.51812e-09','8.41831e-05','-1.75437e-10','0','0','0','0','-5.10728e-08','-7.61965e-07','8.02655e-07','-7.26834e-10','-1.02613e-09','-1.63989e-09','-1.75437e-10','0.000192302','0','0','0','0','0','0','0','0','0','0','0','0','0','0','0','0','0','0','0','0','0','0','0','0','0','0','0','0','0','0','0','0','0','0','0','0','0','0','0','0','0','0','0','0','0','0','0','0','0','0','0','0']

reports.append(Report(575176704, ("DT", -2, 1, 2), "MBwhAst1sec02"))
reports[-1].posNum = 1756
reports[-1].negNum = 0
reports[-1].fittype = "6DOF"
reports[-1].add_parameters(ValErr(-0.000664017, 0.0204428, 0), \
                           ValErr(-0.102376, 0.168326, 0), \
                           ValErr(0.0787433, 0.13624, 0), \
                           ValErr(0.000378883, 0.000462072, 0), \
                           ValErr(0.000109227, 0.00051687, 0), \
                           ValErr(0.000224069, 0.000324778, 0), \
                           -4216.76, 1756, 1756, -nan)
reports[-1].sigmax = ValErr(0.651122, 0.0109873, 0)
reports[-1].sigmay = ValErr(0.992561, 0.0167489, 0)
reports[-1].sigmadxdz = ValErr(0, 0, 0)
reports[-1].sigmadydz = ValErr(0, 0, 0)
reports[-1].add_stats(0.00796097, 0.00499767, 0.00100113, -0.00422757, 0.00988294, -0.0181911, 0.000932363, -0.00169412, 0.00988294, -0.0181911, 0.000932363, -0.00169412, 0.0086032, -0.0402703, 0.000968324, -0.0013331, 0.0086032, -0.0402703, 0.000968324, -0.0013331, 0.651242, 0.993019, 0.00335766, 0.0330911, 0.651242, 0.993019, 0.00335766, 0.0330911)
reports[-1].CovMatrix = ['0.00041791','0.00190055','-0.00155805','2.62304e-06','-1.34182e-06','-2.06142e-06','5.16153e-07','4.80904e-07','0','0','0','0','0.00190055','0.0283338','-0.0226682','4.08119e-05','-7.52084e-06','6.79179e-07','1.35835e-06','-1.19951e-06','0','0','0','0','-0.00155805','-0.0226682','0.0185613','-3.0358e-05','5.57821e-06','-3.29154e-07','-1.07888e-06','6.51243e-07','0','0','0','0','2.62304e-06','4.08119e-05','-3.0358e-05','2.1351e-07','-3.7636e-09','1.21381e-08','8.3536e-09','6.94288e-10','0','0','0','0','-1.34182e-06','-7.52084e-06','5.57821e-06','-3.7636e-09','2.67154e-07','8.66476e-08','1.74537e-08','1.6329e-08','0','0','0','0','-2.06142e-06','6.79179e-07','-3.29154e-07','1.21381e-08','8.66476e-08','1.05481e-07','-8.53941e-09','-1.95231e-08','0','0','0','0','5.16153e-07','1.35835e-06','-1.07888e-06','8.3536e-09','1.74537e-08','-8.53941e-09','0.000120722','5.88712e-09','0','0','0','0','4.80904e-07','-1.19951e-06','6.51243e-07','6.94288e-10','1.6329e-08','-1.95231e-08','5.88712e-09','0.000280529','0','0','0','0','0','0','0','0','0','0','0','0','0','0','0','0','0','0','0','0','0','0','0','0','0','0','0','0','0','0','0','0','0','0','0','0','0','0','0','0','0','0','0','0','0','0','0','0','0','0','0','0']

reports.append(Report(575438848, ("DT", -2, 1, 3), "MBwhAst1sec03"))
reports[-1].posNum = 1957
reports[-1].negNum = 0
reports[-1].fittype = "6DOF"
reports[-1].add_parameters(ValErr(0.00237912, 0.0210328, 0), \
                           ValErr(0.311252, 0.158962, 0), \
                           ValErr(-0.323465, 0.129108, 0), \
                           ValErr(0.000628378, 0.000445881, 0), \
                           ValErr(-0.000575733, 0.000475198, 0), \
                           ValErr(-0.00110668, 0.000322535, 0), \
                           -4785.49, 1957, 1957, -nan)
reports[-1].sigmax = ValErr(0.675399, 0.0107963, 0)
reports[-1].sigmay = ValErr(0.999898, 0.0159827, 0)
reports[-1].sigmadxdz = ValErr(0, 0, 0)
reports[-1].sigmadydz = ValErr(0, 0, 0)
reports[-1].add_stats(-0.0552542, -0.0879952, 0.00016533, -0.00298937, -0.0534712, -0.0859305, 0.000229541, -0.00140945, -0.0534712, -0.0859305, 0.000229541, -0.00140945, -0.0600951, -0.095722, 0.000254786, -0.00141273, -0.0600951, -0.095722, 0.000254786, -0.00141273, 0.678536, 1.00014, 0.00352658, 0.0314969, 0.678536, 1.00014, 0.00352658, 0.0314969)
reports[-1].CovMatrix = ['0.000442377','0.00203031','-0.00166509','2.78765e-06','-1.41576e-06','-2.08909e-06','-1.86256e-07','5.9141e-07','0','0','0','0','0.00203031','0.0252688','-0.0202804','3.64648e-05','-7.28129e-06','-1.07133e-06','-5.43567e-06','1.10777e-05','0','0','0','0','-0.00166509','-0.0202804','0.0166688','-2.70412e-05','6.66964e-06','1.155e-06','4.84657e-06','-9.2648e-06','0','0','0','0','2.78765e-06','3.64648e-05','-2.70412e-05','1.9881e-07','4.98443e-09','1.24419e-08','8.4687e-09','-6.9131e-10','0','0','0','0','-1.41576e-06','-7.28129e-06','6.66964e-06','4.98443e-09','2.25813e-07','8.50077e-08','3.15967e-08','-3.63501e-08','0','0','0','0','-2.08909e-06','-1.07133e-06','1.155e-06','1.24419e-08','8.50077e-08','1.04029e-07','1.55734e-09','4.4349e-09','0','0','0','0','-1.86256e-07','-5.43567e-06','4.84657e-06','8.4687e-09','3.15967e-08','1.55734e-09','0.000116561','-1.10152e-08','0','0','0','0','5.9141e-07','1.10777e-05','-9.2648e-06','-6.9131e-10','-3.63501e-08','4.4349e-09','-1.10152e-08','0.000255448','0','0','0','0','0','0','0','0','0','0','0','0','0','0','0','0','0','0','0','0','0','0','0','0','0','0','0','0','0','0','0','0','0','0','0','0','0','0','0','0','0','0','0','0','0','0','0','0','0','0','0','0']

reports.append(Report(575700992, ("DT", -2, 1, 4), "MBwhAst1sec04"))
reports[-1].posNum = 2648
reports[-1].negNum = 0
reports[-1].fittype = "6DOF"
reports[-1].add_parameters(ValErr(-0.0918869, 0.0169593, 0), \
                           ValErr(-0.0191448, 0.144305, 0), \
                           ValErr(0.0284757, 0.11676, 0), \
                           ValErr(-0.00013417, 0.000389103, 0), \
                           ValErr(-0.000166844, 0.000420964, 0), \
                           ValErr(0.000440256, 0.000273229, 0), \
                           -6592.35, 2648, 2648, -nan)
reports[-1].sigmax = ValErr(0.68522, 0.00941578, 0)
reports[-1].sigmay = ValErr(1.03014, 0.0141554, 0)
reports[-1].sigmadxdz = ValErr(0, 0, 0)
reports[-1].sigmadydz = ValErr(0, 0, 0)
reports[-1].add_stats(-0.103776, -0.00292457, 0.000472285, -0.00292595, -0.0819919, 0.014981, 0.000452956, -0.00289095, -0.0819919, 0.014981, 0.000452956, -0.00289095, -0.0774768, 0.00360377, 0.000416989, -0.00284214, -0.0774768, 0.00360377, 0.000416989, -0.00284214, 0.685585, 1.03058, 0.00348283, 0.0341045, 0.685585, 1.03058, 0.00348283, 0.0341045)
reports[-1].CovMatrix = ['0.000287617','0.00141611','-0.00115876','2.03015e-06','-3.35506e-07','-7.35803e-07','-5.04438e-08','3.31735e-07','0','0','0','0','0.00141611','0.0208239','-0.0166786','3.00778e-05','-4.32771e-06','1.22921e-06','-1.94097e-06','5.23214e-06','0','0','0','0','-0.00115876','-0.0166786','0.013633','-2.34582e-05','3.22471e-06','-9.13291e-07','1.62596e-06','-4.11783e-06','0','0','0','0','2.03015e-06','3.00778e-05','-2.34582e-05','1.51401e-07','-2.01193e-09','1.06269e-08','5.1133e-10','7.1706e-09','0','0','0','0','-3.35506e-07','-4.32771e-06','3.22471e-06','-2.01193e-09','1.77211e-07','5.96959e-08','-1.67466e-09','1.03188e-08','0','0','0','0','-7.35803e-07','1.22921e-06','-9.13291e-07','1.06269e-08','5.96959e-08','7.46539e-08','1.40035e-10','5.06516e-09','0','0','0','0','-5.04438e-08','-1.94097e-06','1.62596e-06','5.1133e-10','-1.67466e-09','1.40035e-10','8.86573e-05','-6.14403e-10','0','0','0','0','3.31735e-07','5.23214e-06','-4.11783e-06','7.1706e-09','1.03188e-08','5.06516e-09','-6.14403e-10','0.000200377','0','0','0','0','0','0','0','0','0','0','0','0','0','0','0','0','0','0','0','0','0','0','0','0','0','0','0','0','0','0','0','0','0','0','0','0','0','0','0','0','0','0','0','0','0','0','0','0','0','0','0','0']

reports.append(Report(575963136, ("DT", -2, 1, 5), "MBwhAst1sec05"))
reports[-1].posNum = 2386
reports[-1].negNum = 0
reports[-1].fittype = "6DOF"
reports[-1].add_parameters(ValErr(0.00708124, 0.0186546, 0), \
                           ValErr(-0.0414814, 0.149815, 0), \
                           ValErr(0.0692219, 0.121726, 0), \
                           ValErr(-8.58535e-07, 0.000392283, 0), \
                           ValErr(2.65964e-05, 0.000428788, 0), \
                           ValErr(-0.000314863, 0.000278262, 0), \
                           -5779.44, 2386, 2386, -nan)
reports[-1].sigmax = ValErr(0.674392, 0.00976282, 0)
reports[-1].sigmay = ValErr(0.978541, 0.0141657, 0)
reports[-1].sigmadxdz = ValErr(0, 0, 0)
reports[-1].sigmadydz = ValErr(0, 0, 0)
reports[-1].add_stats(0.0113428, 0.0391976, -0.000211539, -3.33927e-05, 0.00768381, 0.0405435, -0.0001852, 0.000551465, 0.00768381, 0.0405435, -0.0001852, 0.000551465, 0.00854745, 0.0342161, -0.000225808, 0.000503951, 0.00854745, 0.0342161, -0.000225808, 0.000503951, 0.674597, 0.978714, 0.00342408, 0.0336695, 0.674597, 0.978714, 0.00342408, 0.0336695)
reports[-1].CovMatrix = ['0.000347994','0.00174528','-0.00143031','2.51682e-06','-7.37878e-07','-1.14941e-06','4.93413e-07','-4.22709e-07','0','0','0','0','0.00174528','0.0224444','-0.0180604','3.29213e-05','-6.01502e-06','-4.05358e-07','4.69499e-06','-4.2704e-06','0','0','0','0','-0.00143031','-0.0180604','0.0148173','-2.55341e-05','5.26518e-06','4.6715e-07','-3.69127e-06','3.52309e-06','0','0','0','0','2.51682e-06','3.29213e-05','-2.55341e-05','1.53886e-07','1.22326e-09','8.92875e-09','1.59935e-08','-1.46125e-08','0','0','0','0','-7.37878e-07','-6.01502e-06','5.26518e-06','1.22326e-09','1.83859e-07','6.23177e-08','2.59584e-08','-2.93971e-08','0','0','0','0','-1.14941e-06','-4.05358e-07','4.6715e-07','8.92875e-09','6.23177e-08','7.74299e-08','6.60432e-09','-4.38463e-09','0','0','0','0','4.93413e-07','4.69499e-06','-3.69127e-06','1.59935e-08','2.59584e-08','6.60432e-09','9.53132e-05','-6.32181e-09','0','0','0','0','-4.22709e-07','-4.2704e-06','3.52309e-06','-1.46125e-08','-2.93971e-08','-4.38463e-09','-6.32181e-09','0.000200669','0','0','0','0','0','0','0','0','0','0','0','0','0','0','0','0','0','0','0','0','0','0','0','0','0','0','0','0','0','0','0','0','0','0','0','0','0','0','0','0','0','0','0','0','0','0','0','0','0','0','0','0']

reports.append(Report(576225280, ("DT", -2, 1, 6), "MBwhAst1sec06"))
reports[-1].posNum = 2023
reports[-1].negNum = 0
reports[-1].fittype = "6DOF"
reports[-1].add_parameters(ValErr(0.00153839, 0.0215622, 0), \
                           ValErr(-0.0489559, 0.161116, 0), \
                           ValErr(0.0772988, 0.130804, 0), \
                           ValErr(0.000553226, 0.000434788, 0), \
                           ValErr(-5.02606e-05, 0.000475596, 0), \
                           ValErr(0.000153235, 0.000326571, 0), \
                           -4925.54, 2023, 2023, -nan)
reports[-1].sigmax = ValErr(0.687437, 0.0108078, 0)
reports[-1].sigmay = ValErr(0.972076, 0.0152827, 0)
reports[-1].sigmadxdz = ValErr(0, 0, 0)
reports[-1].sigmadydz = ValErr(0, 0, 0)
reports[-1].add_stats(0.016573, 0.0340769, 3.48814e-05, -0.00460413, 0.0120098, 0.0290506, 7.75761e-07, -0.00287673, 0.0120098, 0.0290506, 7.75761e-07, -0.00287673, 0.0317491, 0.0105616, -8.578e-05, -0.0031996, 0.0317491, 0.0105616, -8.578e-05, -0.0031996, 0.687367, 0.973112, 0.00343837, 0.0328123, 0.687367, 0.973112, 0.00343837, 0.0328123)
reports[-1].CovMatrix = ['0.00046493','0.00214353','-0.00175468','2.94937e-06','-1.65039e-06','-2.30893e-06','1.81815e-07','5.30266e-08','0','0','0','0','0.00214353','0.0259583','-0.0208462','3.75882e-05','-6.49067e-06','-7.53863e-07','6.83058e-07','2.16103e-06','0','0','0','0','-0.00175468','-0.0208462','0.0171097','-2.79003e-05','6.05541e-06','8.75704e-07','1.82578e-07','-2.43908e-06','0','0','0','0','2.94937e-06','3.75882e-05','-2.79003e-05','1.89041e-07','8.11934e-10','1.1287e-08','3.21441e-08','-3.40979e-08','0','0','0','0','-1.65039e-06','-6.49067e-06','6.05541e-06','8.11934e-10','2.26192e-07','8.85354e-08','2.75986e-08','-2.86037e-08','0','0','0','0','-2.30893e-06','-7.53863e-07','8.75704e-07','1.1287e-08','8.85354e-08','1.06649e-07','5.97916e-09','-1.90284e-09','0','0','0','0','1.81815e-07','6.83058e-07','1.82578e-07','3.21441e-08','2.75986e-08','5.97916e-09','0.00011681','-1.25012e-08','0','0','0','0','5.30266e-08','2.16103e-06','-2.43908e-06','-3.40979e-08','-2.86037e-08','-1.90284e-09','-1.25012e-08','0.000233562','0','0','0','0','0','0','0','0','0','0','0','0','0','0','0','0','0','0','0','0','0','0','0','0','0','0','0','0','0','0','0','0','0','0','0','0','0','0','0','0','0','0','0','0','0','0','0','0','0','0','0','0']

reports.append(Report(576487424, ("DT", -2, 1, 7), "MBwhAst1sec07"))
reports[-1].posNum = 2781
reports[-1].negNum = 0
reports[-1].fittype = "6DOF"
reports[-1].add_parameters(ValErr(-0.0322126, 0.0167426, 0), \
                           ValErr(0.210228, 0.136088, 0), \
                           ValErr(0.0142456, 0.110379, 0), \
                           ValErr(0.000137418, 0.000385389, 0), \
                           ValErr(0.000253778, 0.000413762, 0), \
                           ValErr(8.34316e-05, 0.000275565, 0), \
                           -6768.67, 2781, 2781, -nan)
reports[-1].sigmax = ValErr(0.668136, 0.00895906, 0)
reports[-1].sigmay = ValErr(0.999293, 0.0133995, 0)
reports[-1].sigmadxdz = ValErr(0, 0, 0)
reports[-1].sigmadydz = ValErr(0, 0, 0)
reports[-1].add_stats(-0.0347862, 0.231704, 0.000151095, -0.0016816, -0.0307716, 0.224759, 0.000171283, -0.00241032, -0.0307716, 0.224759, 0.000171283, -0.00241032, -0.0166987, 0.216552, 0.000114628, -0.0027967, -0.0166987, 0.216552, 0.000114628, -0.0027967, 0.668151, 0.999369, 0.00345293, 0.031342, 0.668151, 0.999369, 0.00345293, 0.031342)
reports[-1].CovMatrix = ['0.000280314','0.00133355','-0.001093','1.88649e-06','-6.98564e-07','-1.1162e-06','4.05662e-07','-3.87805e-07','0','0','0','0','0.00133355','0.0185199','-0.0148586','2.70906e-05','-3.91764e-06','1.17328e-06','1.59574e-06','-2.15186e-07','0','0','0','0','-0.001093','-0.0148586','0.0121836','-2.04656e-05','3.16045e-06','-8.26064e-07','-1.49284e-06','6.90534e-07','0','0','0','0','1.88649e-06','2.70906e-05','-2.04656e-05','1.48524e-07','-2.67323e-09','1.07071e-08','-9.07127e-09','2.15286e-08','0','0','0','0','-6.98564e-07','-3.91764e-06','3.16045e-06','-2.67323e-09','1.71199e-07','6.20071e-08','2.96164e-09','2.94467e-09','0','0','0','0','-1.1162e-06','1.17328e-06','-8.26064e-07','1.07071e-08','6.20071e-08','7.59358e-08','-9.55522e-09','1.9269e-08','0','0','0','0','4.05662e-07','1.59574e-06','-1.49284e-06','-9.07127e-09','2.96164e-09','-9.55522e-09','8.0265e-05','-5.51546e-09','0','0','0','0','-3.87805e-07','-2.15186e-07','6.90534e-07','2.15286e-08','2.94467e-09','1.9269e-08','-5.51546e-09','0.000179548','0','0','0','0','0','0','0','0','0','0','0','0','0','0','0','0','0','0','0','0','0','0','0','0','0','0','0','0','0','0','0','0','0','0','0','0','0','0','0','0','0','0','0','0','0','0','0','0','0','0','0','0']

reports.append(Report(576749568, ("DT", -2, 1, 8), "MBwhAst1sec08"))
reports[-1].posNum = 2545
reports[-1].negNum = 0
reports[-1].fittype = "6DOF"
reports[-1].add_parameters(ValErr(0.0542173, 0.0179736, 0), \
                           ValErr(0.194726, 0.149201, 0), \
                           ValErr(-0.156152, 0.121178, 0), \
                           ValErr(0.000167383, 0.000393333, 0), \
                           ValErr(0.000604847, 0.00042977, 0), \
                           ValErr(-0.00031077, 0.000281877, 0), \
                           -6219.82, 2545, 2545, -nan)
reports[-1].sigmax = ValErr(0.683447, 0.00957998, 0)
reports[-1].sigmay = ValErr(0.986757, 0.0138313, 0)
reports[-1].sigmadxdz = ValErr(0, 0, 0)
reports[-1].sigmadydz = ValErr(0, 0, 0)
reports[-1].add_stats(0.0166422, 0.0242109, 0.000885032, -0.00039203, 0.0316174, 0.00761572, 0.00086342, -0.00078181, 0.0316174, 0.00761572, 0.00086342, -0.00078181, 0.0478889, 0.00986113, 0.000774273, -0.00110589, 0.0478889, 0.00986113, 0.000774273, -0.00110589, 0.683654, 0.988223, 0.00347869, 0.0336294, 0.683654, 0.988223, 0.00347869, 0.0336294)
reports[-1].CovMatrix = ['0.000323049','0.00159009','-0.00130441','2.24137e-06','-9.47712e-07','-1.44116e-06','3.23427e-07','2.31432e-07','0','0','0','0','0.00159009','0.022261','-0.017908','3.23665e-05','-6.89893e-06','-2.03247e-06','2.65745e-07','-1.94266e-06','0','0','0','0','-0.00130441','-0.017908','0.014684','-2.48392e-05','5.73867e-06','1.8331e-06','-2.67479e-07','1.27032e-06','0','0','0','0','2.24137e-06','3.23665e-05','-2.48392e-05','1.54711e-07','5.85179e-09','6.58307e-09','-2.08406e-10','-8.93466e-09','0','0','0','0','-9.47712e-07','-6.89893e-06','5.73867e-06','5.85179e-09','1.84702e-07','6.52202e-08','2.59474e-08','2.94832e-08','0','0','0','0','-1.44116e-06','-2.03247e-06','1.8331e-06','6.58307e-09','6.52202e-08','7.94547e-08','-4.17485e-09','-1.09174e-08','0','0','0','0','3.23427e-07','2.65745e-07','-2.67479e-07','-2.08406e-10','2.59474e-08','-4.17485e-09','9.17765e-05','9.29235e-09','0','0','0','0','2.31432e-07','-1.94266e-06','1.27032e-06','-8.93466e-09','2.94832e-08','-1.09174e-08','9.29235e-09','0.000191306','0','0','0','0','0','0','0','0','0','0','0','0','0','0','0','0','0','0','0','0','0','0','0','0','0','0','0','0','0','0','0','0','0','0','0','0','0','0','0','0','0','0','0','0','0','0','0','0','0','0','0','0']

reports.append(Report(577011712, ("DT", -2, 1, 9), "MBwhAst1sec09"))
reports[-1].posNum = 1653
reports[-1].negNum = 0
reports[-1].fittype = "6DOF"
reports[-1].add_parameters(ValErr(-0.0611387, 0.0201678, 0), \
                           ValErr(-0.3287, 0.166621, 0), \
                           ValErr(0.21816, 0.13513, 0), \
                           ValErr(-0.000880621, 0.000458275, 0), \
                           ValErr(-0.000319179, 0.000495058, 0), \
                           ValErr(-0.000429954, 0.000325908, 0), \
                           -3915.5, 1653, 1653, -nan)
reports[-1].sigmax = ValErr(0.646939, 0.0112515, 0)
reports[-1].sigmay = ValErr(0.966906, 0.0168166, 0)
reports[-1].sigmadxdz = ValErr(0, 0, 0)
reports[-1].sigmadydz = ValErr(0, 0, 0)
reports[-1].add_stats(-0.0614858, -0.0510678, 0.00014612, -0.00336612, -0.0467598, -0.0551872, 0.000133286, -0.00235837, -0.0467598, -0.0551872, 0.000133286, -0.00235837, -0.0449035, -0.0501125, 0.000120379, -0.00221641, -0.0449035, -0.0501125, 0.000120379, -0.00221641, 0.647661, 0.967442, 0.00333268, 0.0336157, 0.647661, 0.967442, 0.00333268, 0.0336157)
reports[-1].CovMatrix = ['0.000406739','0.00188406','-0.0015457','2.71732e-06','-5.03412e-07','-1.1223e-06','-1.61916e-07','5.85899e-07','0','0','0','0','0.00188406','0.0277625','-0.0222691','4.04915e-05','-3.88246e-06','3.89481e-06','-5.8783e-06','1.20647e-05','0','0','0','0','-0.0015457','-0.0222691','0.0182601','-3.12255e-05','2.64282e-06','-3.08353e-06','4.91837e-06','-9.72119e-06','0','0','0','0','2.71732e-06','4.04915e-05','-3.12255e-05','2.10016e-07','-1.21055e-08','1.60867e-08','-8.35676e-10','1.21147e-08','0','0','0','0','-5.03412e-07','-3.88246e-06','2.64282e-06','-1.21055e-08','2.45082e-07','8.51991e-08','-7.21703e-09','2.12591e-08','0','0','0','0','-1.1223e-06','3.89481e-06','-3.08353e-06','1.60867e-08','8.51991e-08','1.06216e-07','-9.29228e-09','2.1345e-08','0','0','0','0','-1.61916e-07','-5.8783e-06','4.91837e-06','-8.35676e-10','-7.21703e-09','-9.29228e-09','0.000126598','-4.55631e-09','0','0','0','0','5.85899e-07','1.20647e-05','-9.72119e-06','1.21147e-08','2.12591e-08','2.1345e-08','-4.55631e-09','0.000282801','0','0','0','0','0','0','0','0','0','0','0','0','0','0','0','0','0','0','0','0','0','0','0','0','0','0','0','0','0','0','0','0','0','0','0','0','0','0','0','0','0','0','0','0','0','0','0','0','0','0','0','0']

reports.append(Report(577273856, ("DT", -2, 1, 10), "MBwhAst1sec10"))
reports[-1].posNum = 1830
reports[-1].negNum = 0
reports[-1].fittype = "6DOF"
reports[-1].add_parameters(ValErr(0.0685449, 0.0197047, 0), \
                           ValErr(0.177111, 0.172143, 0), \
                           ValErr(-0.0255555, 0.139846, 0), \
                           ValErr(0.00042051, 0.000445055, 0), \
                           ValErr(0.000137687, 0.000484915, 0), \
                           ValErr(-9.1726e-05, 0.000298675, 0), \
                           -4452.53, 1830, 1830, -nan)
reports[-1].sigmax = ValErr(0.663362, 0.0109654, 0)
reports[-1].sigmay = ValErr(1.00565, 0.0166235, 0)
reports[-1].sigmadxdz = ValErr(0, 0, 0)
reports[-1].sigmadydz = ValErr(0, 0, 0)
reports[-1].add_stats(0.0798365, 0.146787, -9.89139e-05, -0.00218376, 0.0642477, 0.144311, -5.80443e-05, -0.000354977, 0.0642477, 0.144311, -5.80443e-05, -0.000354977, 0.064223, 0.138535, -3.90479e-05, -0.000109388, 0.064223, 0.138535, -3.90479e-05, -0.000109388, 0.663476, 1.00592, 0.00340877, 0.0336071, 0.663476, 1.00592, 0.00340877, 0.0336071)
reports[-1].CovMatrix = ['0.000388275','0.00201409','-0.00165405','3.02054e-06','9.20057e-08','-3.24804e-07','5.24942e-07','3.99278e-07','0','0','0','0','0.00201409','0.0296332','-0.0238444','4.38889e-05','-3.73709e-06','4.16779e-06','4.39305e-06','3.23944e-06','0','0','0','0','-0.00165405','-0.0238444','0.0195569','-3.52427e-05','2.48467e-06','-3.37688e-06','-3.81211e-06','-3.23113e-06','0','0','0','0','3.02054e-06','4.38889e-05','-3.52427e-05','1.98074e-07','-8.03714e-09','1.68455e-08','-2.5434e-08','-4.89099e-08','0','0','0','0','9.20057e-08','-3.73709e-06','2.48467e-06','-8.03714e-09','2.35142e-07','7.03971e-08','5.17954e-09','-2.21872e-09','0','0','0','0','-3.24804e-07','4.16779e-06','-3.37688e-06','1.68455e-08','7.03971e-08','8.92065e-08','-7.6466e-09','-1.85492e-08','0','0','0','0','5.24942e-07','4.39305e-06','-3.81211e-06','-2.5434e-08','5.17954e-09','-7.6466e-09','0.000120242','1.51921e-08','0','0','0','0','3.99278e-07','3.23944e-06','-3.23113e-06','-4.89099e-08','-2.21872e-09','-1.85492e-08','1.51921e-08','0.000276344','0','0','0','0','0','0','0','0','0','0','0','0','0','0','0','0','0','0','0','0','0','0','0','0','0','0','0','0','0','0','0','0','0','0','0','0','0','0','0','0','0','0','0','0','0','0','0','0','0','0','0','0']

reports.append(Report(577536000, ("DT", -2, 1, 11), "MBwhAst1sec11"))
reports[-1].posNum = 1894
reports[-1].negNum = 0
reports[-1].fittype = "6DOF"
reports[-1].add_parameters(ValErr(0.0356329, 0.0210312, 0), \
                           ValErr(0.131234, 0.17453, 0), \
                           ValErr(-0.0639596, 0.141572, 0), \
                           ValErr(-0.000128886, 0.000444446, 0), \
                           ValErr(-0.000917038, 0.000502657, 0), \
                           ValErr(0.00029775, 0.000310615, 0), \
                           -4696.15, 1894, 1894, -nan)
reports[-1].sigmax = ValErr(0.686259, 0.0111508, 0)
reports[-1].sigmay = ValErr(1.01827, 0.0165453, 0)
reports[-1].sigmadxdz = ValErr(0, 0, 0)
reports[-1].sigmadydz = ValErr(0, 0, 0)
reports[-1].add_stats(0.0285349, 0.0834977, -0.000496324, -0.00230406, 0.0371145, 0.0578831, -0.000495902, -0.00278858, 0.0371145, 0.0578831, -0.000495902, -0.00278858, 0.0370905, 0.0375849, -0.000485677, -0.00312767, 0.0370905, 0.0375849, -0.000485677, -0.00312767, 0.686549, 1.02015, 0.00359346, 0.0339864, 0.686549, 1.02015, 0.00359346, 0.0339864)
reports[-1].CovMatrix = ['0.000442313','0.00235739','-0.00192743','3.42466e-06','-6.55178e-08','-4.12147e-07','3.1514e-07','-2.69605e-08','0','0','0','0','0.00235739','0.0304606','-0.0244825','4.36146e-05','-5.59259e-06','2.48398e-06','2.42423e-06','-1.11742e-07','0','0','0','0','-0.00192743','-0.0244825','0.0200425','-3.4988e-05','5.05639e-06','-1.96727e-06','-1.76016e-06','4.94045e-08','0','0','0','0','3.42466e-06','4.36146e-05','-3.4988e-05','1.97533e-07','2.28943e-10','1.69453e-08','4.38522e-08','-5.4394e-08','0','0','0','0','-6.55178e-08','-5.59259e-06','5.05639e-06','2.28943e-10','2.52664e-07','7.74413e-08','1.04369e-08','-3.97462e-09','0','0','0','0','-4.12147e-07','2.48398e-06','-1.96727e-06','1.69453e-08','7.74413e-08','9.64819e-08','8.73306e-09','-5.72244e-09','0','0','0','0','3.1514e-07','2.42423e-06','-1.76016e-06','4.38522e-08','1.04369e-08','8.73306e-09','0.00012434','-1.6253e-08','0','0','0','0','-2.69605e-08','-1.11742e-07','4.94045e-08','-5.4394e-08','-3.97462e-09','-5.72244e-09','-1.6253e-08','0.00027375','0','0','0','0','0','0','0','0','0','0','0','0','0','0','0','0','0','0','0','0','0','0','0','0','0','0','0','0','0','0','0','0','0','0','0','0','0','0','0','0','0','0','0','0','0','0','0','0','0','0','0','0']

reports.append(Report(577798144, ("DT", -2, 1, 12), "MBwhAst1sec12"))
reports[-1].posNum = 2350
reports[-1].negNum = 0
reports[-1].fittype = "6DOF"
reports[-1].add_parameters(ValErr(0.00015518, 0.0175355, 0), \
                           ValErr(0.26517, 0.144394, 0), \
                           ValErr(-0.095706, 0.117347, 0), \
                           ValErr(0.000379203, 0.00039878, 0), \
                           ValErr(0.000524496, 0.000435657, 0), \
                           ValErr(0.000472956, 0.000279553, 0), \
                           -5685.79, 2350, 2350, -nan)
reports[-1].sigmax = ValErr(0.656041, 0.00952585, 0)
reports[-1].sigmay = ValErr(1.00315, 0.0146383, 0)
reports[-1].sigmadxdz = ValErr(0, 0, 0)
reports[-1].sigmadydz = ValErr(0, 0, 0)
reports[-1].add_stats(0.00826263, 0.15413, 0.000735106, -0.00210741, -0.00287863, 0.145, 0.000735562, -0.000751439, -0.00287863, 0.145, 0.000735562, -0.000751439, -0.00146798, 0.151623, 0.000721715, -0.000778475, -0.00146798, 0.151623, 0.000721715, -0.000778475, 0.656558, 1.00319, 0.0034197, 0.0320486, 0.656558, 1.00319, 0.0034197, 0.0320486)
reports[-1].CovMatrix = ['0.000307493','0.001473','-0.00121277','2.04595e-06','-6.99927e-07','-1.03727e-06','-8.0327e-07','-4.66806e-07','0','0','0','0','0.001473','0.0208496','-0.0167594','2.97777e-05','-5.77387e-06','9.11159e-07','-1.15037e-05','1.09989e-06','0','0','0','0','-0.00121277','-0.0167594','0.0137703','-2.28539e-05','4.618e-06','-6.07749e-07','9.74728e-06','-1.18376e-06','0','0','0','0','2.04595e-06','2.97777e-05','-2.28539e-05','1.59026e-07','-2.95562e-09','1.09523e-08','-9.85414e-09','-1.10752e-08','0','0','0','0','-6.99927e-07','-5.77387e-06','4.618e-06','-2.95562e-09','1.89797e-07','6.4037e-08','-5.25305e-09','-2.25039e-08','0','0','0','0','-1.03727e-06','9.11159e-07','-6.07749e-07','1.09523e-08','6.4037e-08','7.81501e-08','-1.02229e-08','7.66206e-09','0','0','0','0','-8.0327e-07','-1.15037e-05','9.74728e-06','-9.85414e-09','-5.25305e-09','-1.02229e-08','9.07423e-05','6.62829e-07','0','0','0','0','-4.66806e-07','1.09989e-06','-1.18376e-06','-1.10752e-08','-2.25039e-08','7.66206e-09','6.62829e-07','0.000214281','0','0','0','0','0','0','0','0','0','0','0','0','0','0','0','0','0','0','0','0','0','0','0','0','0','0','0','0','0','0','0','0','0','0','0','0','0','0','0','0','0','0','0','0','0','0','0','0','0','0','0','0']

reports.append(Report(579108864, ("DT", -2, 2, 1), "MBwhAst2sec01"))
reports[-1].posNum = 3157
reports[-1].negNum = 0
reports[-1].fittype = "6DOF"
reports[-1].add_parameters(ValErr(-0.083081, 0.0168914, 0), \
                           ValErr(0.14675, 0.135613, 0), \
                           ValErr(-0.0429824, 0.130041, 0), \
                           ValErr(0.000131141, 0.000499737, 0), \
                           ValErr(0.00120214, 0.000474186, 0), \
                           ValErr(0.000206842, 0.000331304, 0), \
                           -9223.47, 3157, 3157, -nan)
reports[-1].sigmax = ValErr(0.886877, 0.0111614, 0)
reports[-1].sigmay = ValErr(1.22601, 0.0154292, 0)
reports[-1].sigmadxdz = ValErr(0, 0, 0)
reports[-1].sigmadydz = ValErr(0, 0, 0)
reports[-1].add_stats(-0.0696322, 0.0694956, 0.000115613, 0.000802927, -0.0871761, 0.100978, 0.000198662, -0.000199919, -0.0871761, 0.100978, 0.000198662, -0.000199919, -0.0799611, 0.0965439, 0.000183373, -5.45125e-05, -0.0799611, 0.0965439, 0.000183373, -5.45125e-05, 0.886908, 1.22762, 0.00368722, 0.0257141, 0.886908, 1.22762, 0.00368722, 0.0257141)
reports[-1].CovMatrix = ['0.000285321','-0.000693464','0.000674649','-1.20117e-06','1.16347e-07','-6.81639e-07','3.68863e-08','1.16736e-07','0','0','0','0','-0.000693464','0.0183909','-0.0173993','3.12927e-05','4.84954e-06','2.18442e-06','2.5344e-06','-2.63205e-06','0','0','0','0','0.000674649','-0.0173993','0.0169107','-2.88773e-05','-4.6614e-06','-2.18979e-06','-2.25031e-06','2.58795e-06','0','0','0','0','-1.20117e-06','3.12927e-05','-2.88773e-05','2.49737e-07','-9.6496e-10','-2.76528e-09','3.10735e-08','-3.59898e-08','0','0','0','0','1.16347e-07','4.84954e-06','-4.6614e-06','-9.6496e-10','2.24853e-07','1.04551e-07','1.28449e-08','-3.85193e-09','0','0','0','0','-6.81639e-07','2.18442e-06','-2.18979e-06','-2.76528e-09','1.04551e-07','1.09763e-07','8.24498e-09','-2.40753e-09','0','0','0','0','3.68863e-08','2.5344e-06','-2.25031e-06','3.10735e-08','1.28449e-08','8.24498e-09','0.000124577','-4.94922e-09','0','0','0','0','1.16736e-07','-2.63205e-06','2.58795e-06','-3.59898e-08','-3.85193e-09','-2.40753e-09','-4.94922e-09','0.000238063','0','0','0','0','0','0','0','0','0','0','0','0','0','0','0','0','0','0','0','0','0','0','0','0','0','0','0','0','0','0','0','0','0','0','0','0','0','0','0','0','0','0','0','0','0','0','0','0','0','0','0','0']

reports.append(Report(579371008, ("DT", -2, 2, 2), "MBwhAst2sec02"))
reports[-1].posNum = 2882
reports[-1].negNum = 0
reports[-1].fittype = "6DOF"
reports[-1].add_parameters(ValErr(0.047669, 0.0175166, 0), \
                           ValErr(-0.0636414, 0.135043, 0), \
                           ValErr(-0.0687014, 0.129236, 0), \
                           ValErr(0.00029204, 0.000522695, 0), \
                           ValErr(0.000537018, 0.000481096, 0), \
                           ValErr(0.000612266, 0.000345303, 0), \
                           -8299.2, 2882, 2882, -nan)
reports[-1].sigmax = ValErr(0.861812, 0.0113515, 0)
reports[-1].sigmay = ValErr(1.20987, 0.015936, 0)
reports[-1].sigmadxdz = ValErr(0, 0, 0)
reports[-1].sigmadydz = ValErr(0, 0, 0)
reports[-1].add_stats(0.040628, -0.135758, 0.000109892, -0.000601435, 0.0539458, -0.135799, 8.73089e-05, -0.0013226, 0.0539458, -0.135799, 8.73089e-05, -0.0013226, 0.0620472, -0.112493, 5.04609e-05, -0.00116104, 0.0620472, -0.112493, 5.04609e-05, -0.00116104, 0.862375, 1.20982, 0.00369422, 0.0258202, 0.862375, 1.20982, 0.00369422, 0.0258202)
reports[-1].CovMatrix = ['0.000306831','-0.00084478','0.000816454','-1.45227e-06','1.7402e-07','-6.66783e-07','3.07641e-07','-2.48178e-07','0','0','0','0','-0.00084478','0.0182366','-0.0172005','3.0524e-05','5.82408e-06','3.67884e-06','-2.81782e-06','4.75862e-06','0','0','0','0','0.000816454','-0.0172005','0.016702','-2.79579e-05','-6.26694e-06','-3.67709e-06','2.65841e-06','-4.19965e-06','0','0','0','0','-1.45227e-06','3.0524e-05','-2.79579e-05','2.7321e-07','-1.14835e-08','-5.43552e-09','-1.50512e-08','2.77907e-08','0','0','0','0','1.7402e-07','5.82408e-06','-6.26694e-06','-1.14835e-08','2.31454e-07','1.13427e-07','-5.27702e-09','2.17305e-08','0','0','0','0','-6.66783e-07','3.67884e-06','-3.67709e-06','-5.43552e-09','1.13427e-07','1.19234e-07','-5.65376e-09','1.78457e-08','0','0','0','0','3.07641e-07','-2.81782e-06','2.65841e-06','-1.50512e-08','-5.27702e-09','-5.65376e-09','0.000128856','-2.49798e-09','0','0','0','0','-2.48178e-07','4.75862e-06','-4.19965e-06','2.77907e-08','2.17305e-08','1.78457e-08','-2.49798e-09','0.000253958','0','0','0','0','0','0','0','0','0','0','0','0','0','0','0','0','0','0','0','0','0','0','0','0','0','0','0','0','0','0','0','0','0','0','0','0','0','0','0','0','0','0','0','0','0','0','0','0','0','0','0','0']

reports.append(Report(579633152, ("DT", -2, 2, 3), "MBwhAst2sec03"))
reports[-1].posNum = 2721
reports[-1].negNum = 0
reports[-1].fittype = "6DOF"
reports[-1].add_parameters(ValErr(-0.102107, 0.0183855, 0), \
                           ValErr(0.197358, 0.144518, 0), \
                           ValErr(-0.257168, 0.138568, 0), \
                           ValErr(6.98178e-05, 0.00053026, 0), \
                           ValErr(0.000425304, 0.000509128, 0), \
                           ValErr(-1.83023e-05, 0.000363629, 0), \
                           -7826.91, 2721, 2721, -nan)
reports[-1].sigmax = ValErr(0.886876, 0.0120223, 0)
reports[-1].sigmay = ValErr(1.17194, 0.0158863, 0)
reports[-1].sigmadxdz = ValErr(0, 0, 0)
reports[-1].sigmadydz = ValErr(0, 0, 0)
reports[-1].add_stats(-0.0757022, -0.083051, 0.000303271, -0.000826161, -0.0957039, -0.0635071, 0.000415418, -0.00105124, -0.0957039, -0.0635071, 0.000415418, -0.00105124, -0.100738, -0.0432012, 0.000395562, -0.00191317, -0.100738, -0.0432012, 0.000395562, -0.00191317, 0.887383, 1.17241, 0.0036809, 0.0255779, 0.887383, 1.17241, 0.0036809, 0.0255779)
reports[-1].CovMatrix = ['0.000338026','-0.00074272','0.000723142','-1.28838e-06','-5.24432e-07','-1.41739e-06','1.5476e-08','1.10785e-07','0','0','0','0','-0.00074272','0.0208855','-0.0197621','3.66141e-05','2.85633e-06','-1.48163e-07','2.0488e-06','-1.7179e-06','0','0','0','0','0.000723142','-0.0197621','0.019201','-3.26463e-05','-2.4255e-06','6.33996e-08','-1.76483e-06','1.77817e-06','0','0','0','0','-1.28838e-06','3.66141e-05','-3.26463e-05','2.81176e-07','4.29949e-09','-6.78514e-09','2.11812e-08','-1.91942e-08','0','0','0','0','-5.24432e-07','2.85633e-06','-2.4255e-06','4.29949e-09','2.59212e-07','1.27068e-07','1.02626e-09','1.44237e-08','0','0','0','0','-1.41739e-06','-1.48163e-07','6.33996e-08','-6.78514e-09','1.27068e-07','1.32226e-07','4.57383e-09','3.98645e-09','0','0','0','0','1.5476e-08','2.0488e-06','-1.76483e-06','2.11812e-08','1.02626e-09','4.57383e-09','0.000144537','-1.6724e-09','0','0','0','0','1.10785e-07','-1.7179e-06','1.77817e-06','-1.91942e-08','1.44237e-08','3.98645e-09','-1.6724e-09','0.000252377','0','0','0','0','0','0','0','0','0','0','0','0','0','0','0','0','0','0','0','0','0','0','0','0','0','0','0','0','0','0','0','0','0','0','0','0','0','0','0','0','0','0','0','0','0','0','0','0','0','0','0','0']

reports.append(Report(579895296, ("DT", -2, 2, 4), "MBwhAst2sec04"))
reports[-1].posNum = 3191
reports[-1].negNum = 0
reports[-1].fittype = "6DOF"
reports[-1].add_parameters(ValErr(0.0247773, 0.0171896, 0), \
                           ValErr(-0.0334064, 0.136103, 0), \
                           ValErr(0.0884541, 0.130482, 0), \
                           ValErr(-9.25849e-05, 0.000491187, 0), \
                           ValErr(-0.000110598, 0.000467562, 0), \
                           ValErr(6.7036e-06, 0.000336595, 0), \
                           -9334.3, 3191, 3191, -nan)
reports[-1].sigmax = ValErr(0.905863, 0.0113397, 0)
reports[-1].sigmay = ValErr(1.20465, 0.0150798, 0)
reports[-1].sigmadxdz = ValErr(0, 0, 0)
reports[-1].sigmadydz = ValErr(0, 0, 0)
reports[-1].add_stats(0.0309686, 0.06175, 5.21588e-05, -7.53013e-05, 0.0218151, 0.0572881, 3.72822e-05, -0.000877049, 0.0218151, 0.0572881, 3.72822e-05, -0.000877049, 0.0224213, 0.0792192, -5.17896e-06, -0.00103348, 0.0224213, 0.0792192, -5.17896e-06, -0.00103348, 0.905957, 1.20463, 0.00374346, 0.0252903, 0.905957, 1.20463, 0.00374346, 0.0252903)
