nan = None;  NAN = None
nan = 0
reports = []
class ValErr:
    def __init__(self, value, error, antisym):
        self.value, self.error, self.antisym = value, error, antisym

    def __repr__(self):
        if self.antisym == 0.:
            return "%g +- %g" % (self.value, self.error)
        else:
            return "%g +- %g ~ %g" % (self.value, self.error, self.antisym)

class Report:
    def __init__(self, chamberId, postal_address, name):
        self.chamberId, self.postal_address, self.name = chamberId, postal_address, name
        self.status = "NOFIT"
        self.fittype = None
        self.CovMatrix = None

    def add_parameters(self, deltax, deltay, deltaz, deltaphix, deltaphiy, deltaphiz, loglikelihood, numsegments, sumofweights, redchi2):
        self.status = "PASS"
        self.deltax, self.deltay, self.deltaz, self.deltaphix, self.deltaphiy, self.deltaphiz = deltax, deltay, deltaz, deltaphix, deltaphiy, deltaphiz
        self.loglikelihood, self.numsegments, self.sumofweights, self.redchi2 = loglikelihood, numsegments, sumofweights, redchi2

    def add_stats(self, median_x, median_y, median_dxdz, median_dydz, mean30_x, mean30_y, mean20_dxdz, mean50_dydz, mean15_x, mean15_y, mean10_dxdz, mean25_dydz, wmean30_x, wmean30_y, wmean20_dxdz, wmean50_dydz, wmean15_x, wmean15_y, wmean10_dxdz, wmean25_dydz, stdev30_x, stdev30_y, stdev20_dxdz, stdev50_dydz, stdev15_x, stdev15_y, stdev10_dxdz, stdev25_dydz):
        self.median_x, self.median_y, self.median_dxdz, self.median_dydz, self.mean30_x, self.mean30_y, self.mean20_dxdz, self.mean50_dydz, self.mean15_x, self.mean15_y, self.mean10_dxdz, self.mean25_dydz, self.wmean30_x, self.wmean30_y, self.wmean20_dxdz, self.wmean50_dydz, self.wmean15_x, self.wmean15_y, self.wmean10_dxdz, self.wmean25_dydz, self.stdev30_x, self.stdev30_y, self.stdev20_dxdz, self.stdev50_dydz, self.stdev15_x, self.stdev15_y, self.stdev10_dxdz, self.stdev25_dydz = median_x, median_y, median_dxdz, median_dydz, mean30_x, mean30_y, mean20_dxdz, mean50_dydz, mean15_x, mean15_y, mean10_dxdz, mean25_dydz, wmean30_x, wmean30_y, wmean20_dxdz, wmean50_dydz, wmean15_x, wmean15_y, wmean10_dxdz, wmean25_dydz, stdev30_x, stdev30_y, stdev20_dxdz, stdev50_dydz, stdev15_x, stdev15_y, stdev10_dxdz, stdev25_dydz

    def __repr__(self):
        return "<Report %s %s %s>" % (self.postal_address[0], " ".join(map(str, self.postal_address[1:])), self.status)

reports.append(Report(574914560, ("DT", -2, 1, 1), "MBwhAst1sec01"))
reports[-1].posNum = 5957
reports[-1].negNum = 0
reports[-1].fittype = "6DOF"
reports[-1].add_parameters(ValErr(-0.0969481, 0.0114659, 0), \
                           ValErr(0.132979, 0.0938599, 0), \
                           ValErr(0.0674637, 0.0761437, 0), \
                           ValErr(-8.42797e-05, 0.000253661, 0), \
                           ValErr(0.000303584, 0.000269846, 0), \
                           ValErr(0.000198086, 0.000183775, 0), \
                           -14488.6, 5957, 5957, -nan)
reports[-1].sigmax = ValErr(0.680972, 0.00623885, 0)
reports[-1].sigmay = ValErr(0.978778, 0.00896719, 0)
reports[-1].sigmadxdz = ValErr(0, 0, 0)
reports[-1].sigmadydz = ValErr(0, 0, 0)
reports[-1].add_stats(-0.0869517, 0.226228, 0.000158052, -0.00265999, -0.0888543, 0.214951, 0.000136553, -0.00179544, -0.0888543, 0.214951, 0.000136553, -0.00179544, -0.0928925, 0.224409, 0.000153326, -0.00187739, -0.0928925, 0.224409, 0.000153326, -0.00187739, 0.681078, 0.978817, 0.0035026, 0.0309877, 0.681078, 0.978817, 0.0035026, 0.0309877)
reports[-1].CovMatrix = ['0.000131467','0.00063215','-0.000517808','9.16271e-07','-2.26641e-07','-4.14101e-07','1.59208e-07','-1.21637e-07','0','0','0','0','0.00063215','0.00880969','-0.00707656','1.29799e-05','-1.52621e-06','5.57021e-07','1.40797e-06','-1.01854e-06','0','0','0','0','-0.000517808','-0.00707656','0.00579786','-1.0031e-05','1.22492e-06','-4.10892e-07','-1.15391e-06','9.31964e-07','0','0','0','0','9.16271e-07','1.29799e-05','-1.0031e-05','6.43438e-08','-9.67368e-10','4.48716e-09','2.2517e-09','1.77117e-10','0','0','0','0','-2.26641e-07','-1.52621e-06','1.22492e-06','-9.67368e-10','7.28167e-08','2.72259e-08','5.0964e-09','-4.04369e-09','0','0','0','0','-4.14101e-07','5.57021e-07','-4.10892e-07','4.48716e-09','2.72259e-08','3.37731e-08','8.21649e-10','1.09444e-09','0','0','0','0','1.59208e-07','1.40797e-06','-1.15391e-06','2.2517e-09','5.0964e-09','8.21649e-10','3.89233e-05','-6.35773e-10','0','0','0','0','-1.21637e-07','-1.01854e-06','9.31964e-07','1.77117e-10','-4.04369e-09','1.09444e-09','-6.35773e-10','8.04107e-05','0','0','0','0','0','0','0','0','0','0','0','0','0','0','0','0','0','0','0','0','0','0','0','0','0','0','0','0','0','0','0','0','0','0','0','0','0','0','0','0','0','0','0','0','0','0','0','0','0','0','0','0']

reports.append(Report(575176704, ("DT", -2, 1, 2), "MBwhAst1sec02"))
reports[-1].posNum = 3901
reports[-1].negNum = 0
reports[-1].fittype = "6DOF"
reports[-1].add_parameters(ValErr(0.00855759, 0.013507, 0), \
                           ValErr(0.198558, 0.111835, 0), \
                           ValErr(-0.171329, 0.0902783, 0), \
                           ValErr(0.000341278, 0.00030451, 0), \
                           ValErr(0.000432084, 0.000338779, 0), \
                           ValErr(0.000142035, 0.000214918, 0), \
                           -9384.9, 3901, 3901, -nan)
reports[-1].sigmax = ValErr(0.655376, 0.00739844, 0)
reports[-1].sigmay = ValErr(0.990478, 0.0111851, 0)
reports[-1].sigmadxdz = ValErr(0, 0, 0)
reports[-1].sigmadydz = ValErr(0, 0, 0)
reports[-1].add_stats(-0.00556707, -0.01177, 0.000942778, -0.00328183, -0.00489175, -0.0104196, 0.000991808, -0.0020051, -0.00489175, -0.0104196, 0.000991808, -0.0020051, -0.0101368, -0.0153383, 0.00101454, -0.00190274, -0.0101368, -0.0153383, 0.00101454, -0.00190274, 0.655717, 0.990674, 0.00338289, 0.0334159, 0.655717, 0.990674, 0.00338289, 0.0334159)
reports[-1].CovMatrix = ['0.00018244','0.000820912','-0.000668243','1.11121e-06','-6.16651e-07','-9.03554e-07','-2.02093e-07','1.67103e-06','0','0','0','0','0.000820912','0.012507','-0.00998441','1.80033e-05','-3.877e-06','-2.8668e-09','-3.81406e-06','1.23252e-05','0','0','0','0','-0.000668243','-0.00998441','0.00815017','-1.33961e-05','2.98735e-06','1.28307e-07','2.28063e-06','-1.23805e-05','0','0','0','0','1.11121e-06','1.80033e-05','-1.33961e-05','9.27264e-08','-3.90842e-09','4.39125e-09','-4.89196e-09','4.03248e-08','0','0','0','0','-6.16651e-07','-3.877e-06','2.98735e-06','-3.90842e-09','1.14772e-07','3.72982e-08','1.22069e-08','1.90638e-08','0','0','0','0','-9.03554e-07','-2.8668e-09','1.28307e-07','4.39125e-09','3.72982e-08','4.61897e-08','2.88144e-09','1.92227e-08','0','0','0','0','-2.02093e-07','-3.81406e-06','2.28063e-06','-4.89196e-09','1.22069e-08','2.88144e-09','5.47371e-05','2.12072e-07','0','0','0','0','1.67103e-06','1.23252e-05','-1.23805e-05','4.03248e-08','1.90638e-08','1.92227e-08','2.12072e-07','0.000125106','0','0','0','0','0','0','0','0','0','0','0','0','0','0','0','0','0','0','0','0','0','0','0','0','0','0','0','0','0','0','0','0','0','0','0','0','0','0','0','0','0','0','0','0','0','0','0','0','0','0','0','0']

reports.append(Report(575438848, ("DT", -2, 1, 3), "MBwhAst1sec03"))
reports[-1].posNum = 4228
reports[-1].negNum = 0
reports[-1].fittype = "6DOF"
reports[-1].add_parameters(ValErr(-0.00545842, 0.0140139, 0), \
                           ValErr(-0.0415549, 0.10733, 0), \
                           ValErr(-0.0505374, 0.087119, 0), \
                           ValErr(-6.88553e-06, 0.00030168, 0), \
                           ValErr(0.000246433, 0.000320545, 0), \
                           ValErr(-0.000156273, 0.000215748, 0), \
                           -10293.9, 4228, 4228, -nan)
reports[-1].sigmax = ValErr(0.667843, 0.00726259, 0)
reports[-1].sigmay = ValErr(1.00052, 0.0108804, 0)
reports[-1].sigmadxdz = ValErr(0, 0, 0)
reports[-1].sigmadydz = ValErr(0, 0, 0)
reports[-1].add_stats(-0.0104637, -0.100467, 6.83406e-05, -0.00436425, -0.0152865, -0.102152, 7.92749e-05, -0.0027929, -0.0152865, -0.102152, 7.92749e-05, -0.0027929, -0.0222684, -0.0975899, 9.78682e-05, -0.0024353, -0.0222684, -0.0975899, 9.78682e-05, -0.0024353, 0.667905, 1.00079, 0.00344318, 0.0333342, 0.667905, 1.00079, 0.00344318, 0.0333342)
reports[-1].CovMatrix = ['0.000196389','0.000904013','-0.000740899','1.25876e-06','-5.45656e-07','-8.47602e-07','1.23651e-07','-3.87071e-08','0','0','0','0','0.000904013','0.0115198','-0.00923936','1.67722e-05','-2.54498e-06','3.60422e-07','7.57433e-07','2.94113e-07','0','0','0','0','-0.000740899','-0.00923936','0.00758972','-1.24878e-05','2.30123e-06','-1.90243e-07','-5.92807e-07','-1.08638e-07','0','0','0','0','1.25876e-06','1.67722e-05','-1.24878e-05','9.10107e-08','-7.36301e-10','6.41376e-09','2.27028e-09','1.88806e-09','0','0','0','0','-5.45656e-07','-2.54498e-06','2.30123e-06','-7.36301e-10','1.02749e-07','3.78162e-08','2.67396e-09','7.63846e-10','0','0','0','0','-8.47602e-07','3.60422e-07','-1.90243e-07','6.41376e-09','3.78162e-08','4.65473e-08','4.25367e-10','2.47215e-09','0','0','0','0','1.23651e-07','7.57433e-07','-5.92807e-07','2.27028e-09','2.67396e-09','4.25367e-10','5.27454e-05','1.28083e-11','0','0','0','0','-3.87071e-08','2.94113e-07','-1.08638e-07','1.88806e-09','7.63846e-10','2.47215e-09','1.28083e-11','0.000118383','0','0','0','0','0','0','0','0','0','0','0','0','0','0','0','0','0','0','0','0','0','0','0','0','0','0','0','0','0','0','0','0','0','0','0','0','0','0','0','0','0','0','0','0','0','0','0','0','0','0','0','0']

reports.append(Report(575700992, ("DT", -2, 1, 4), "MBwhAst1sec04"))
reports[-1].posNum = 5977
reports[-1].negNum = 0
reports[-1].fittype = "6DOF"
reports[-1].add_parameters(ValErr(-0.11515, 0.0112698, 0), \
                           ValErr(0.154839, 0.0973899, 0), \
                           ValErr(-0.138607, 0.0787522, 0), \
                           ValErr(-8.3384e-05, 0.000262596, 0), \
                           ValErr(-4.81313e-05, 0.000282796, 0), \
                           ValErr(0.000563542, 0.000185093, 0), \
                           -14763, 5977, 5977, -nan)
reports[-1].sigmax = ValErr(0.683348, 0.0062501, 0)
reports[-1].sigmay = ValErr(1.01293, 0.00926861, 0)
reports[-1].sigmadxdz = ValErr(0, 0, 0)
reports[-1].sigmadydz = ValErr(0, 0, 0)
reports[-1].add_stats(-0.118987, -0.0145949, 0.000643661, -0.00251319, -0.116915, -0.0123226, 0.000596838, -0.00167584, -0.116915, -0.0123226, 0.000596838, -0.00167584, -0.115657, -0.0112835, 0.000604671, -0.00165285, -0.115657, -0.0112835, 0.000604671, -0.00165285, 0.684036, 1.01352, 0.00342618, 0.0342523, 0.684036, 1.01352, 0.00342618, 0.0342523)
reports[-1].CovMatrix = ['0.000127009','0.000625372','-0.000511426','9.14286e-07','-2.01695e-07','-3.81256e-07','2.94581e-08','-1.55322e-07','0','0','0','0','0.000625372','0.00948479','-0.00759498','1.39673e-05','-1.7263e-06','8.88287e-07','-8.21219e-07','-2.52784e-06','0','0','0','0','-0.000511426','-0.00759498','0.00620191','-1.08003e-05','1.17228e-06','-6.87638e-07','6.88327e-07','2.11617e-06','0','0','0','0','9.14286e-07','1.39673e-05','-1.08003e-05','6.89565e-08','-2.9499e-09','4.64405e-09','1.87987e-10','-3.26066e-09','0','0','0','0','-2.01695e-07','-1.7263e-06','1.17228e-06','-2.9499e-09','7.99733e-08','2.73672e-08','-1.84576e-09','4.12444e-09','0','0','0','0','-3.81256e-07','8.88287e-07','-6.87638e-07','4.64405e-09','2.73672e-08','3.42595e-08','-1.54625e-09','2.16369e-09','0','0','0','0','2.94581e-08','-8.21219e-07','6.88327e-07','1.87987e-10','-1.84576e-09','-1.54625e-09','3.90638e-05','-2.18171e-08','0','0','0','0','-1.55322e-07','-2.52784e-06','2.11617e-06','-3.26066e-09','4.12444e-09','2.16369e-09','-2.18171e-08','8.59073e-05','0','0','0','0','0','0','0','0','0','0','0','0','0','0','0','0','0','0','0','0','0','0','0','0','0','0','0','0','0','0','0','0','0','0','0','0','0','0','0','0','0','0','0','0','0','0','0','0','0','0','0','0']

reports.append(Report(575963136, ("DT", -2, 1, 5), "MBwhAst1sec05"))
reports[-1].posNum = 5399
reports[-1].negNum = 0
reports[-1].fittype = "6DOF"
reports[-1].add_parameters(ValErr(0.0162007, 0.0123463, 0), \
                           ValErr(0.0371506, 0.100702, 0), \
                           ValErr(-0.0637597, 0.0817642, 0), \
                           ValErr(-0.000235386, 0.000267573, 0), \
                           ValErr(-0.000127433, 0.000291455, 0), \
                           ValErr(-0.000394454, 0.000190082, 0), \
                           -13163.1, 5399, 5399, -nan)
reports[-1].sigmax = ValErr(0.678011, 0.0065248, 0)
reports[-1].sigmay = ValErr(0.988837, 0.00951602, 0)
reports[-1].sigmadxdz = ValErr(0, 0, 0)
reports[-1].sigmadydz = ValErr(0, 0, 0)
reports[-1].add_stats(-0.00673008, -0.0192332, -0.000116007, -0.00154994, 0.00409076, -0.0349879, -9.0027e-05, -0.00149353, 0.00409076, -0.0349879, -9.0027e-05, -0.00149353, 0.00495329, -0.040251, -0.000105366, -0.0019206, 0.00495329, -0.040251, -0.000105366, -0.0019206, 0.678293, 0.989098, 0.00347863, 0.0343424, 0.678293, 0.989098, 0.00347863, 0.0343424)
reports[-1].CovMatrix = ['0.000152432','0.000762226','-0.000624554','1.10223e-06','-3.37805e-07','-5.3005e-07','4.46276e-08','5.8213e-08','0','0','0','0','0.000762226','0.0101409','-0.00815425','1.49386e-05','-2.64547e-06','-8.61022e-08','-2.06311e-07','1.4413e-06','0','0','0','0','-0.000624554','-0.00815425','0.00668538','-1.15515e-05','2.22847e-06','1.28146e-07','2.31066e-07','-1.15778e-06','0','0','0','0','1.10223e-06','1.49386e-05','-1.15515e-05','7.15952e-08','-5.70992e-10','3.98412e-09','4.13736e-09','-2.12259e-09','0','0','0','0','-3.37805e-07','-2.64547e-06','2.22847e-06','-5.70992e-10','8.49461e-08','2.92095e-08','3.37575e-09','-1.27072e-09','0','0','0','0','-5.3005e-07','-8.61022e-08','1.28146e-07','3.98412e-09','2.92095e-08','3.6131e-08','1.59624e-10','2.09857e-09','0','0','0','0','4.46276e-08','-2.06311e-07','2.31066e-07','4.13736e-09','3.37575e-09','1.59624e-10','4.25732e-05','-5.53779e-10','0','0','0','0','5.8213e-08','1.4413e-06','-1.15778e-06','-2.12259e-09','-1.27072e-09','2.09857e-09','-5.53779e-10','9.05549e-05','0','0','0','0','0','0','0','0','0','0','0','0','0','0','0','0','0','0','0','0','0','0','0','0','0','0','0','0','0','0','0','0','0','0','0','0','0','0','0','0','0','0','0','0','0','0','0','0','0','0','0','0']

reports.append(Report(576225280, ("DT", -2, 1, 6), "MBwhAst1sec06"))
reports[-1].posNum = 4645
reports[-1].negNum = 0
reports[-1].fittype = "6DOF"
reports[-1].add_parameters(ValErr(-0.0203935, 0.014241, 0), \
                           ValErr(-0.139074, 0.106835, 0), \
                           ValErr(0.185058, 0.086737, 0), \
                           ValErr(0.000358231, 0.000289994, 0), \
                           ValErr(0.000377907, 0.000314279, 0), \
                           ValErr(0.000302339, 0.000208403, 0), \
                           -11355.4, 4645, 4645, -nan)
reports[-1].sigmax = ValErr(0.676574, 0.00701947, 0)
reports[-1].sigmay = ValErr(0.997479, 0.0103491, 0)
reports[-1].sigmadxdz = ValErr(0, 0, 0)
reports[-1].sigmadydz = ValErr(0, 0, 0)
reports[-1].add_stats(0.000956779, 0.0740306, 1.23455e-05, -0.00428418, 0.00298867, 0.0711145, 2.21346e-05, -0.00311399, 0.00298867, 0.0711145, 2.21346e-05, -0.00311399, -0.00694889, 0.0654025, 7.34821e-05, -0.00328458, -0.00694889, 0.0654025, 7.34821e-05, -0.00328458, 0.676865, 0.998402, 0.00346692, 0.0321697, 0.676865, 0.998402, 0.00346692, 0.0321697)
reports[-1].CovMatrix = ['0.000202807','0.000988217','-0.000808397','1.3664e-06','-6.24176e-07','-8.93427e-07','8.2388e-08','3.21375e-08','0','0','0','0','0.000988217','0.0114137','-0.00916456','1.65134e-05','-3.43252e-06','-8.63474e-07','7.32342e-07','3.16299e-07','0','0','0','0','-0.000808397','-0.00916456','0.0075233','-1.23733e-05','3.3225e-06','8.16798e-07','-4.90616e-07','-2.5072e-07','0','0','0','0','1.3664e-06','1.65134e-05','-1.23733e-05','8.40968e-08','1.64552e-09','4.7583e-09','6.86785e-09','-5.00179e-09','0','0','0','0','-6.24176e-07','-3.43252e-06','3.3225e-06','1.64552e-09','9.87712e-08','3.5308e-08','1.24453e-09','2.77082e-09','0','0','0','0','-8.93427e-07','-8.63474e-07','8.16798e-07','4.7583e-09','3.5308e-08','4.34317e-08','1.89827e-09','-8.56985e-11','0','0','0','0','8.2388e-08','7.32342e-07','-4.90616e-07','6.86785e-09','1.24453e-09','1.89827e-09','4.92731e-05','-4.97888e-10','0','0','0','0','3.21375e-08','3.16299e-07','-2.5072e-07','-5.00179e-09','2.77082e-09','-8.56985e-11','-4.97888e-10','0.000107104','0','0','0','0','0','0','0','0','0','0','0','0','0','0','0','0','0','0','0','0','0','0','0','0','0','0','0','0','0','0','0','0','0','0','0','0','0','0','0','0','0','0','0','0','0','0','0','0','0','0','0','0']

reports.append(Report(576487424, ("DT", -2, 1, 7), "MBwhAst1sec07"))
reports[-1].posNum = 6256
reports[-1].negNum = 0
reports[-1].fittype = "6DOF"
reports[-1].add_parameters(ValErr(-0.0354143, 0.0110954, 0), \
                           ValErr(0.164957, 0.0926561, 0), \
                           ValErr(0.029248, 0.0751187, 0), \
                           ValErr(0.000191055, 0.000254305, 0), \
                           ValErr(0.000239779, 0.000272906, 0), \
                           ValErr(-0.000246948, 0.000182524, 0), \
                           -15259.3, 6256, 6256, -nan)
reports[-1].sigmax = ValErr(0.677189, 0.00605418, 0)
reports[-1].sigmay = ValErr(0.991107, 0.0088606, 0)
reports[-1].sigmadxdz = ValErr(0, 0, 0)
reports[-1].sigmadydz = ValErr(0, 0, 0)
reports[-1].add_stats(-0.0370893, 0.200028, 0.000234776, -0.00135229, -0.0386767, 0.197935, 0.000202279, -0.00157465, -0.0386767, 0.197935, 0.000202279, -0.00157465, -0.029538, 0.191369, 0.000158993, -0.00130752, -0.029538, 0.191369, 0.000158993, -0.00130752, 0.677242, 0.991608, 0.00344916, 0.0318335, 0.677242, 0.991608, 0.00344916, 0.0318335)
reports[-1].CovMatrix = ['0.000123108','0.000597196','-0.000489232','8.63498e-07','-2.4989e-07','-4.22403e-07','8.1599e-08','-2.03075e-08','0','0','0','0','0.000597196','0.00858515','-0.00689112','1.26561e-05','-1.77932e-06','4.88549e-07','3.66275e-07','4.24669e-07','0','0','0','0','-0.000489232','-0.00689112','0.00564281','-9.73753e-06','1.35474e-06','-3.54976e-07','-3.14951e-07','-2.32001e-07','0','0','0','0','8.63498e-07','1.26561e-05','-9.73753e-06','6.46713e-08','-1.6828e-09','4.26065e-09','7.90915e-10','2.19627e-09','0','0','0','0','-2.4989e-07','-1.77932e-06','1.35474e-06','-1.6828e-09','7.44779e-08','2.70951e-08','1.00894e-08','-1.16e-08','0','0','0','0','-4.22403e-07','4.88549e-07','-3.54976e-07','4.26065e-09','2.70951e-08','3.33152e-08','1.88655e-09','-5.65466e-10','0','0','0','0','8.1599e-08','3.66275e-07','-3.14951e-07','7.90915e-10','1.00894e-08','1.88655e-09','3.66531e-05','-1.84818e-09','0','0','0','0','-2.03075e-08','4.24669e-07','-2.32001e-07','2.19627e-09','-1.16e-08','-5.65466e-10','-1.84818e-09','7.85105e-05','0','0','0','0','0','0','0','0','0','0','0','0','0','0','0','0','0','0','0','0','0','0','0','0','0','0','0','0','0','0','0','0','0','0','0','0','0','0','0','0','0','0','0','0','0','0','0','0','0','0','0','0']

reports.append(Report(576749568, ("DT", -2, 1, 8), "MBwhAst1sec08"))
reports[-1].posNum = 5605
reports[-1].negNum = 0
reports[-1].fittype = "6DOF"
reports[-1].add_parameters(ValErr(0.0348153, 0.011671, 0), \
                           ValErr(0.00873182, 0.0985175, 0), \
                           ValErr(-0.0109378, 0.0798496, 0), \
                           ValErr(-0.000635148, 0.000269393, 0), \
                           ValErr(0.000373268, 0.000291668, 0), \
                           ValErr(-2.96432e-05, 0.000188541, 0), \
                           -13741.5, 5605, 5605, -nan)
reports[-1].sigmax = ValErr(0.672187, 0.00634882, 0)
reports[-1].sigmay = ValErr(1.01105, 0.00954929, 0)
reports[-1].sigmadxdz = ValErr(0, 0, 0)
reports[-1].sigmadydz = ValErr(0, 0, 0)
reports[-1].add_stats(0.0310378, 0.0108703, 0.00087637, -0.000530422, 0.0326243, 0.00695488, 0.000847854, -0.000780137, 0.0326243, 0.00695488, 0.000847854, -0.000780137, 0.0283932, 0.00280814, 0.000876287, -0.000701046, 0.0283932, 0.00280814, 0.000876287, -0.000701046, 0.672199, 1.01198, 0.00348104, 0.0333734, 0.672199, 1.01198, 0.00348104, 0.0333734)
reports[-1].CovMatrix = ['0.000136212','0.000670267','-0.000549291','9.5451e-07','-2.90038e-07','-4.95621e-07','6.57572e-08','1.18675e-08','0','0','0','0','0.000670267','0.00970571','-0.00778646','1.41454e-05','-2.43834e-06','7.71673e-08','6.60067e-08','9.67404e-07','0','0','0','0','-0.000549291','-0.00778646','0.00637595','-1.08746e-05','1.90136e-06','-3.00412e-09','-2.14353e-08','-7.31345e-07','0','0','0','0','9.5451e-07','1.41454e-05','-1.08746e-05','7.25725e-08','2.67442e-11','4.38071e-09','3.72692e-09','-1.74702e-09','0','0','0','0','-2.90038e-07','-2.43834e-06','1.90136e-06','2.67442e-11','8.50703e-08','2.87987e-08','7.80401e-09','-8.13041e-09','0','0','0','0','-4.95621e-07','7.71673e-08','-3.00412e-09','4.38071e-09','2.87987e-08','3.55478e-08','1.14536e-09','6.1723e-10','0','0','0','0','6.57572e-08','6.60067e-08','-2.14353e-08','3.72692e-09','7.80401e-09','1.14536e-09','4.03076e-05','-1.13223e-09','0','0','0','0','1.18675e-08','9.67404e-07','-7.31345e-07','-1.74702e-09','-8.13041e-09','6.1723e-10','-1.13223e-09','9.11893e-05','0','0','0','0','0','0','0','0','0','0','0','0','0','0','0','0','0','0','0','0','0','0','0','0','0','0','0','0','0','0','0','0','0','0','0','0','0','0','0','0','0','0','0','0','0','0','0','0','0','0','0','0']

reports.append(Report(577011712, ("DT", -2, 1, 9), "MBwhAst1sec09"))
reports[-1].posNum = 3590
reports[-1].negNum = 0
reports[-1].fittype = "6DOF"
reports[-1].add_parameters(ValErr(-0.0316672, 0.0139104, 0), \
                           ValErr(0.0997835, 0.117638, 0), \
                           ValErr(-0.140062, 0.0953003, 0), \
                           ValErr(0.000222164, 0.000321917, 0), \
                           ValErr(-0.000512062, 0.00034059, 0), \
                           ValErr(0.000129611, 0.000224572, 0), \
                           -8723.43, 3590, 3590, -nan)
reports[-1].sigmax = ValErr(0.663767, 0.0078335, 0)
reports[-1].sigmay = ValErr(1.00187, 0.0118237, 0)
reports[-1].sigmadxdz = ValErr(0, 0, 0)
reports[-1].sigmadydz = ValErr(0, 0, 0)
reports[-1].add_stats(-0.0485544, -0.0787054, 5.55616e-05, -0.00290161, -0.039102, -0.073493, 0.000106595, -0.00219815, -0.039102, -0.073493, 0.000106595, -0.00219815, -0.0499958, -0.100356, 0.000162973, -0.00212452, -0.0499958, -0.100356, 0.000162973, -0.00212452, 0.663991, 1.00244, 0.00339749, 0.0333629, 0.663991, 1.00244, 0.00339749, 0.0333629)
reports[-1].CovMatrix = ['0.000193499','0.000914665','-0.000750089','1.34118e-06','-1.69551e-07','-4.67045e-07','-1.69166e-07','4.29377e-07','0','0','0','0','0.000914665','0.0138388','-0.0110909','2.04334e-05','-1.9993e-06','1.7471e-06','-3.26928e-06','6.54686e-06','0','0','0','0','-0.000750089','-0.0110909','0.00908215','-1.59006e-05','1.31247e-06','-1.37491e-06','2.71324e-06','-5.26581e-06','0','0','0','0','1.34118e-06','2.04334e-05','-1.59006e-05','1.0363e-07','-3.8428e-09','8.14294e-09','-1.12164e-09','7.09234e-09','0','0','0','0','-1.69551e-07','-1.9993e-06','1.31247e-06','-3.8428e-09','1.16002e-07','3.97352e-08','2.50684e-09','1.31509e-09','0','0','0','0','-4.67045e-07','1.7471e-06','-1.37491e-06','8.14294e-09','3.97352e-08','5.04324e-08','1.36555e-09','1.57439e-09','0','0','0','0','-1.69166e-07','-3.26928e-06','2.71324e-06','-1.12164e-09','2.50684e-09','1.36555e-09','6.13639e-05','-1.63173e-09','0','0','0','0','4.29377e-07','6.54686e-06','-5.26581e-06','7.09234e-09','1.31509e-09','1.57439e-09','-1.63173e-09','0.000139801','0','0','0','0','0','0','0','0','0','0','0','0','0','0','0','0','0','0','0','0','0','0','0','0','0','0','0','0','0','0','0','0','0','0','0','0','0','0','0','0','0','0','0','0','0','0','0','0','0','0','0','0']

reports.append(Report(577273856, ("DT", -2, 1, 10), "MBwhAst1sec10"))
reports[-1].posNum = 3968
reports[-1].negNum = 0
reports[-1].fittype = "6DOF"
reports[-1].add_parameters(ValErr(0.0180796, 0.013219, 0), \
                           ValErr(0.199175, 0.119056, 0), \
                           ValErr(-0.0879445, 0.0967367, 0), \
                           ValErr(0.000232933, 0.000297826, 0), \
                           ValErr(-0.000384584, 0.000329014, 0), \
                           ValErr(0.000121691, 0.000207034, 0), \
                           -9627.86, 3968, 3968, -nan)
reports[-1].sigmax = ValErr(0.67646, 0.0075935, 0)
reports[-1].sigmay = ValErr(0.979592, 0.0109963, 0)
reports[-1].sigmadxdz = ValErr(0, 0, 0)
reports[-1].sigmadydz = ValErr(0, 0, 0)
reports[-1].add_stats(0.0157927, 0.0984569, 8.55512e-05, -0.00163387, 0.0138618, 0.0883029, 0.000199746, -4.57055e-05, 0.0138618, 0.0883029, 0.000199746, -4.57055e-05, 0.0160734, 0.0995325, 0.000195718, 3.4734e-05, 0.0160734, 0.0995325, 0.000195718, 3.4734e-05, 0.676527, 0.979964, 0.00347774, 0.0331944, 0.676527, 0.979964, 0.00347774, 0.0331944)
reports[-1].CovMatrix = ['0.000174743','0.000882615','-0.000725301','1.31328e-06','3.99977e-08','-1.64264e-07','1.51922e-07','-5.01387e-08','0','0','0','0','0.000882615','0.0141743','-0.0114159','2.07853e-05','-1.79719e-06','1.69429e-06','1.32933e-06','-4.16526e-07','0','0','0','0','-0.000725301','-0.0114159','0.00935798','-1.6739e-05','1.01233e-06','-1.37415e-06','-1.06334e-06','4.08033e-07','0','0','0','0','1.31328e-06','2.07853e-05','-1.6739e-05','8.87004e-08','-3.14421e-09','6.63356e-09','7.4681e-09','-6.37726e-09','0','0','0','0','3.99977e-08','-1.79719e-06','1.01233e-06','-3.14421e-09','1.08251e-07','3.43659e-08','-4.32896e-10','5.13595e-09','0','0','0','0','-1.64264e-07','1.69429e-06','-1.37415e-06','6.63356e-09','3.43659e-08','4.2863e-08','-1.42413e-10','3.39287e-09','0','0','0','0','1.51922e-07','1.32933e-06','-1.06334e-06','7.4681e-09','-4.32896e-10','-1.42413e-10','5.76615e-05','-6.3597e-10','0','0','0','0','-5.01387e-08','-4.16526e-07','4.08033e-07','-6.37726e-09','5.13595e-09','3.39287e-09','-6.3597e-10','0.000120919','0','0','0','0','0','0','0','0','0','0','0','0','0','0','0','0','0','0','0','0','0','0','0','0','0','0','0','0','0','0','0','0','0','0','0','0','0','0','0','0','0','0','0','0','0','0','0','0','0','0','0','0']

reports.append(Report(577536000, ("DT", -2, 1, 11), "MBwhAst1sec11"))
reports[-1].posNum = 4166
reports[-1].negNum = 0
reports[-1].fittype = "6DOF"
reports[-1].add_parameters(ValErr(0.0565968, 0.0139132, 0), \
                           ValErr(0.160095, 0.117727, 0), \
                           ValErr(-0.0710022, 0.0954129, 0), \
                           ValErr(0.00059058, 0.000304062, 0), \
                           ValErr(-0.000985717, 0.000339207, 0), \
                           ValErr(-0.000137322, 0.000211562, 0), \
                           -10292.8, 4166, 4166, -nan)
reports[-1].sigmax = ValErr(0.680274, 0.00745281, 0)
reports[-1].sigmay = ValErr(1.01822, 0.0111551, 0)
reports[-1].sigmadxdz = ValErr(0, 0, 0)
reports[-1].sigmadydz = ValErr(0, 0, 0)
reports[-1].add_stats(0.0633586, 0.0920376, -0.000570633, -0.00263224, 0.0527681, 0.0720414, -0.000569413, -0.00266409, 0.0527681, 0.0720414, -0.000569413, -0.00266409, 0.0455076, 0.0549135, -0.00053941, -0.00284922, 0.0455076, 0.0549135, -0.00053941, -0.00284922, 0.680428, 1.01958, 0.00346326, 0.0344601, 0.680428, 1.01958, 0.00346326, 0.0344601)
reports[-1].CovMatrix = ['0.000193577','0.00103953','-0.000849627','1.51078e-06','-4.1435e-08','-1.92035e-07','-2.58129e-08','2.32522e-07','0','0','0','0','0.00103953','0.0138597','-0.0111305','1.98321e-05','-3.1048e-06','6.4268e-07','-1.50714e-06','3.80426e-06','0','0','0','0','-0.000849627','-0.0111305','0.00910363','-1.59349e-05','2.66119e-06','-5.00038e-07','1.28514e-06','-3.06689e-06','0','0','0','0','1.51078e-06','1.98321e-05','-1.59349e-05','9.2454e-08','-6.25316e-10','6.84515e-09','6.87949e-09','-5.48141e-09','0','0','0','0','-4.1435e-08','-3.1048e-06','2.66119e-06','-6.25316e-10','1.15061e-07','3.5906e-08','1.30066e-08','-1.42875e-08','0','0','0','0','-1.92035e-07','6.4268e-07','-5.00038e-07','6.84515e-09','3.5906e-08','4.47585e-08','3.48746e-09','-1.90949e-09','0','0','0','0','-2.58129e-08','-1.50714e-06','1.28514e-06','6.87949e-09','1.30066e-08','3.48746e-09','5.55446e-05','-3.40493e-09','0','0','0','0','2.32522e-07','3.80426e-06','-3.06689e-06','-5.48141e-09','-1.42875e-08','-1.90949e-09','-3.40493e-09','0.000124437','0','0','0','0','0','0','0','0','0','0','0','0','0','0','0','0','0','0','0','0','0','0','0','0','0','0','0','0','0','0','0','0','0','0','0','0','0','0','0','0','0','0','0','0','0','0','0','0','0','0','0','0']

reports.append(Report(577798144, ("DT", -2, 1, 12), "MBwhAst1sec12"))
reports[-1].posNum = 5403
reports[-1].negNum = 0
reports[-1].fittype = "6DOF"
reports[-1].add_parameters(ValErr(-0.00621024, 0.0121559, 0), \
                           ValErr(0.106809, 0.101402, 0), \
                           ValErr(0.0386673, 0.0822824, 0), \
                           ValErr(-2.77537e-05, 0.000274309, 0), \
                           ValErr(0.000626563, 0.000297201, 0), \
                           ValErr(0.000124248, 0.000193548, 0), \
                           -13232.3, 5403, 5403, -nan)
reports[-1].sigmax = ValErr(0.675162, 0.006495, 0)
reports[-1].sigmay = ValErr(1.00401, 0.00965846, 0)
reports[-1].sigmadxdz = ValErr(0, 0, 0)
reports[-1].sigmadydz = ValErr(0, 0, 0)
reports[-1].add_stats(0.000725739, 0.142308, 0.000820174, -0.00276654, -0.00323047, 0.154004, 0.000759341, -0.00108944, -0.00323047, 0.154004, 0.000759341, -0.00108944, -0.00261056, 0.15925, 0.000761933, -0.00119342, -0.00261056, 0.15925, 0.000761933, -0.00119342, 0.675221, 1.00437, 0.00346045, 0.0320752, 0.675221, 1.00437, 0.00346045, 0.0320752)
reports[-1].CovMatrix = ['0.000147765','0.000731146','-0.000599221','1.04754e-06','-3.29645e-07','-5.44817e-07','6.56049e-08','2.24574e-08','0','0','0','0','0.000731146','0.0102825','-0.00826034','1.51239e-05','-2.05764e-06','5.22702e-07','5.75024e-07','3.40989e-07','0','0','0','0','-0.000599221','-0.00826034','0.00677039','-1.15865e-05','1.63695e-06','-3.66692e-07','-5.30591e-07','-7.31877e-08','0','0','0','0','1.04754e-06','1.51239e-05','-1.15865e-05','7.52452e-08','-1.31341e-09','5.02408e-09','-3.33354e-09','9.06414e-09','0','0','0','0','-3.29645e-07','-2.05764e-06','1.63695e-06','-1.31341e-09','8.83282e-08','3.03495e-08','-2.00217e-09','6.686e-09','0','0','0','0','-5.44817e-07','5.22702e-07','-3.66692e-07','5.02408e-09','3.03495e-08','3.74606e-08','5.81579e-10','1.59593e-09','0','0','0','0','6.56049e-08','5.75024e-07','-5.30591e-07','-3.33354e-09','-2.00217e-09','5.81579e-10','4.21852e-05','-8.83508e-10','0','0','0','0','2.24574e-08','3.40989e-07','-7.31877e-08','9.06414e-09','6.686e-09','1.59593e-09','-8.83508e-10','9.32862e-05','0','0','0','0','0','0','0','0','0','0','0','0','0','0','0','0','0','0','0','0','0','0','0','0','0','0','0','0','0','0','0','0','0','0','0','0','0','0','0','0','0','0','0','0','0','0','0','0','0','0','0','0']

reports.append(Report(579108864, ("DT", -2, 2, 1), "MBwhAst2sec01"))
reports[-1].posNum = 7112
reports[-1].negNum = 0
reports[-1].fittype = "6DOF"
reports[-1].add_parameters(ValErr(-0.100187, 0.0115314, 0), \
                           ValErr(0.151798, 0.0905008, 0), \
                           ValErr(-0.0587683, 0.0868124, 0), \
                           ValErr(0.000289477, 0.000329571, 0), \
                           ValErr(0.000622633, 0.000314772, 0), \
                           ValErr(0.000153179, 0.000223994, 0), \
                           -20873.4, 7112, 7112, -nan)
reports[-1].sigmax = ValErr(0.904467, 0.00758374, 0)
reports[-1].sigmay = ValErr(1.21834, 0.0102155, 0)
reports[-1].sigmadxdz = ValErr(0, 0, 0)
reports[-1].sigmadydz = ValErr(0, 0, 0)
reports[-1].add_stats(-0.105946, 0.0937864, 0.000184727, 0.000216461, -0.100238, 0.0901995, 0.000211507, -0.000419702, -0.100238, 0.0901995, 0.000211507, -0.000419702, -0.10078, 0.0908617, 0.000227946, -0.000146356, -0.10078, 0.0908617, 0.000227946, -0.000146356, 0.904552, 1.21869, 0.00381482, 0.0263617, 0.904552, 1.21869, 0.00381482, 0.0263617)
reports[-1].CovMatrix = ['0.000132974','-0.00033553','0.000325737','-5.8346e-07','9.3427e-08','-2.51235e-07','1.11805e-07','-7.09176e-08','0','0','0','0','-0.00033553','0.00819039','-0.00775355','1.39259e-05','1.59925e-06','4.45871e-07','-8.05068e-07','1.41153e-06','0','0','0','0','0.000325737','-0.00775355','0.00753639','-1.29167e-05','-1.60275e-06','-4.56997e-07','7.42051e-07','-1.18018e-06','0','0','0','0','-5.8346e-07','1.39259e-05','-1.29167e-05','1.08617e-07','-2.58857e-10','-2.77189e-09','-6.88288e-09','1.21793e-08','0','0','0','0','9.3427e-08','1.59925e-06','-1.60275e-06','-2.58857e-10','9.90813e-08','4.79856e-08','-9.3687e-10','7.54907e-09','0','0','0','0','-2.51235e-07','4.45871e-07','-4.56997e-07','-2.77189e-09','4.79856e-08','5.01733e-08','-1.30426e-09','5.90905e-09','0','0','0','0','1.11805e-07','-8.05068e-07','7.42051e-07','-6.88288e-09','-9.3687e-10','-1.30426e-09','5.75132e-05','-9.47334e-10','0','0','0','0','-7.09176e-08','1.41153e-06','-1.18018e-06','1.21793e-08','7.54907e-09','5.90905e-09','-9.47334e-10','0.000104358','0','0','0','0','0','0','0','0','0','0','0','0','0','0','0','0','0','0','0','0','0','0','0','0','0','0','0','0','0','0','0','0','0','0','0','0','0','0','0','0','0','0','0','0','0','0','0','0','0','0','0','0']

reports.append(Report(579371008, ("DT", -2, 2, 2), "MBwhAst2sec02"))
reports[-1].posNum = 6599
reports[-1].negNum = 0
reports[-1].fittype = "6DOF"
reports[-1].add_parameters(ValErr(0.0527226, 0.0118773, 0), \
                           ValErr(-0.0388371, 0.091123, 0), \
                           ValErr(-0.0460492, 0.0873061, 0), \
                           ValErr(0.000585044, 0.00034687, 0), \
                           ValErr(-0.000307472, 0.000318969, 0), \
                           ValErr(-2.48057e-05, 0.000230462, 0), \
                           -19138.1, 6599, 6599, -nan)
reports[-1].sigmax = ValErr(0.878855, 0.00765002, 0)
reports[-1].sigmay = ValErr(1.21096, 0.0105411, 0)
reports[-1].sigmadxdz = ValErr(0, 0, 0)
reports[-1].sigmadydz = ValErr(0, 0, 0)
reports[-1].add_stats(0.058295, -0.0979942, 7.20389e-05, -0.000950757, 0.0573313, -0.0915009, 7.41387e-05, -0.00161041, 0.0573313, -0.0915009, 7.41387e-05, -0.00161041, 0.0467127, -0.0869566, 0.000114731, -0.00199622, 0.0467127, -0.0869566, 0.000114731, -0.00199622, 0.878857, 1.21136, 0.00366292, 0.025767, 0.878857, 1.21136, 0.00366292, 0.025767)
reports[-1].CovMatrix = ['0.00014107','-0.000401213','0.000387739','-7.0176e-07','5.30023e-08','-3.10784e-07','-4.58429e-08','1.46105e-07','0','0','0','0','-0.000401213','0.0083034','-0.00784484','1.41817e-05','2.36577e-06','1.32695e-06','1.31351e-06','-1.50727e-06','0','0','0','0','0.000387739','-0.00784484','0.00762235','-1.30158e-05','-2.597e-06','-1.32947e-06','-1.2522e-06','1.56619e-06','0','0','0','0','-7.0176e-07','1.41817e-05','-1.30158e-05','1.20319e-07','-3.85924e-09','-2.91706e-09','1.24272e-09','1.15942e-09','0','0','0','0','5.30023e-08','2.36577e-06','-2.597e-06','-3.85924e-09','1.01741e-07','5.01963e-08','-7.15586e-09','1.62849e-08','0','0','0','0','-3.10784e-07','1.32695e-06','-1.32947e-06','-2.91706e-09','5.01963e-08','5.31126e-08','-2.72925e-10','4.84158e-09','0','0','0','0','-4.58429e-08','1.31351e-06','-1.2522e-06','1.24272e-09','-7.15586e-09','-2.72925e-10','5.8523e-05','-1.95906e-09','0','0','0','0','1.46105e-07','-1.50727e-06','1.56619e-06','1.15942e-09','1.62849e-08','4.84158e-09','-1.95906e-09','0.000111115','0','0','0','0','0','0','0','0','0','0','0','0','0','0','0','0','0','0','0','0','0','0','0','0','0','0','0','0','0','0','0','0','0','0','0','0','0','0','0','0','0','0','0','0','0','0','0','0','0','0','0','0']

reports.append(Report(579633152, ("DT", -2, 2, 3), "MBwhAst2sec03"))
reports[-1].posNum = 5767
reports[-1].negNum = 0
reports[-1].fittype = "6DOF"
reports[-1].add_parameters(ValErr(-0.0815721, 0.0129253, 0), \
                           ValErr(-0.100955, 0.100655, 0), \
                           ValErr(-0.0176591, 0.0965394, 0), \
                           ValErr(-0.000454734, 0.000368098, 0), \
                           ValErr(0.000667369, 0.000354953, 0), \
                           ValErr(1.2505e-05, 0.000254288, 0), \
                           -16775, 5767, 5767, -nan)
reports[-1].sigmax = ValErr(0.902477, 0.00840323, 0)
reports[-1].sigmay = ValErr(1.18949, 0.0110757, 0)
reports[-1].sigmadxdz = ValErr(0, 0, 0)
reports[-1].sigmadydz = ValErr(0, 0, 0)
reports[-1].add_stats(-0.0811043, -0.113839, 0.000302788, 0.000781652, -0.085628, -0.11346, 0.000355369, -1.70074e-05, -0.085628, -0.11346, 0.000355369, -1.70074e-05, -0.0711746, -0.119426, 0.000305117, -9.98801e-05, -0.0711746, -0.119426, 0.000305117, -9.98801e-05, 0.902466, 1.19041, 0.00375895, 0.025384, 0.902466, 1.19041, 0.00375895, 0.025384)
reports[-1].CovMatrix = ['0.000167064','-0.000393408','0.000382397','-6.76899e-07','-2.63117e-07','-6.89357e-07','7.20446e-08','-3.1008e-08','0','0','0','0','-0.000393408','0.0101314','-0.00958977','1.76261e-05','1.88138e-06','4.73026e-07','7.351e-07','-4.89667e-07','0','0','0','0','0.000382397','-0.00958977','0.00931985','-1.57504e-05','-1.79996e-06','-5.08631e-07','-6.9012e-07','6.33876e-07','0','0','0','0','-6.76899e-07','1.76261e-05','-1.57504e-05','1.35496e-07','4.23183e-10','-2.90817e-09','2.82287e-09','4.2236e-10','0','0','0','0','-2.63117e-07','1.88138e-06','-1.79996e-06','4.23183e-10','1.25991e-07','6.24832e-08','4.15671e-09','2.17979e-09','0','0','0','0','-6.89357e-07','4.73026e-07','-5.08631e-07','-2.90817e-09','6.24832e-08','6.46624e-08','6.15754e-10','4.17269e-09','0','0','0','0','7.20446e-08','7.351e-07','-6.9012e-07','2.82287e-09','4.15671e-09','6.15754e-10','7.06145e-05','-7.5807e-11','0','0','0','0','-3.1008e-08','-4.89667e-07','6.33876e-07','4.2236e-10','2.17979e-09','4.17269e-09','-7.5807e-11','0.000122671','0','0','0','0','0','0','0','0','0','0','0','0','0','0','0','0','0','0','0','0','0','0','0','0','0','0','0','0','0','0','0','0','0','0','0','0','0','0','0','0','0','0','0','0','0','0','0','0','0','0','0','0']

reports.append(Report(579895296, ("DT", -2, 2, 4), "MBwhAst2sec04"))
reports[-1].posNum = 7077
reports[-1].negNum = 0
reports[-1].fittype = "6DOF"
reports[-1].add_parameters(ValErr(0.00767172, 0.0113176, 0), \
                           ValErr(-0.107753, 0.0908721, 0), \
                           ValErr(0.118028, 0.0870907, 0), \
                           ValErr(-0.000244048, 0.000336081, 0), \
                           ValErr(0.00038955, 0.000314871, 0), \
                           ValErr(0.000117502, 0.000226069, 0), \
                           -20638.7, 7077, 7077, -nan)
reports[-1].sigmax = ValErr(0.892559, 0.00739787, 0)
reports[-1].sigmay = ValErr(1.21178, 0.0101598, 0)
reports[-1].sigmadxdz = ValErr(0, 0, 0)
reports[-1].sigmadydz = ValErr(0, 0, 0)
reports[-1].add_stats(0.0046157, 0.0186346, 0.000117603, -0.00131424, 0.00118527, 0.0138053, 0.000101694, -0.00140042, 0.00118527, 0.0138053, 0.000101694, -0.00140042, -0.00657583, 0.0202816, 0.000146283, -0.00141575, -0.00657583, 0.0202816, 0.000146283, -0.00141575, 0.892701, 1.2119, 0.00369947, 0.025233, 0.892701, 1.2119, 0.00369947, 0.025233)
