nan = None;  NAN = None
nan = 0
reports = []
class ValErr:
    def __init__(self, value, error, antisym):
        self.value, self.error, self.antisym = value, error, antisym

    def __repr__(self):
        if self.antisym == 0.:
            return "%g +- %g" % (self.value, self.error)
        else:
            return "%g +- %g ~ %g" % (self.value, self.error, self.antisym)

class Report:
    def __init__(self, chamberId, postal_address, name):
        self.chamberId, self.postal_address, self.name = chamberId, postal_address, name
        self.status = "NOFIT"
        self.fittype = None
        self.CovMatrix = None

    def add_parameters(self, deltax, deltay, deltaz, deltaphix, deltaphiy, deltaphiz, loglikelihood, numsegments, sumofweights, redchi2):
        self.status = "PASS"
        self.deltax, self.deltay, self.deltaz, self.deltaphix, self.deltaphiy, self.deltaphiz = deltax, deltay, deltaz, deltaphix, deltaphiy, deltaphiz
        self.loglikelihood, self.numsegments, self.sumofweights, self.redchi2 = loglikelihood, numsegments, sumofweights, redchi2

    def add_stats(self, median_x, median_y, median_dxdz, median_dydz, mean30_x, mean30_y, mean20_dxdz, mean50_dydz, mean15_x, mean15_y, mean10_dxdz, mean25_dydz, wmean30_x, wmean30_y, wmean20_dxdz, wmean50_dydz, wmean15_x, wmean15_y, wmean10_dxdz, wmean25_dydz, stdev30_x, stdev30_y, stdev20_dxdz, stdev50_dydz, stdev15_x, stdev15_y, stdev10_dxdz, stdev25_dydz):
        self.median_x, self.median_y, self.median_dxdz, self.median_dydz, self.mean30_x, self.mean30_y, self.mean20_dxdz, self.mean50_dydz, self.mean15_x, self.mean15_y, self.mean10_dxdz, self.mean25_dydz, self.wmean30_x, self.wmean30_y, self.wmean20_dxdz, self.wmean50_dydz, self.wmean15_x, self.wmean15_y, self.wmean10_dxdz, self.wmean25_dydz, self.stdev30_x, self.stdev30_y, self.stdev20_dxdz, self.stdev50_dydz, self.stdev15_x, self.stdev15_y, self.stdev10_dxdz, self.stdev25_dydz = median_x, median_y, median_dxdz, median_dydz, mean30_x, mean30_y, mean20_dxdz, mean50_dydz, mean15_x, mean15_y, mean10_dxdz, mean25_dydz, wmean30_x, wmean30_y, wmean20_dxdz, wmean50_dydz, wmean15_x, wmean15_y, wmean10_dxdz, wmean25_dydz, stdev30_x, stdev30_y, stdev20_dxdz, stdev50_dydz, stdev15_x, stdev15_y, stdev10_dxdz, stdev25_dydz

    def __repr__(self):
        return "<Report %s %s %s>" % (self.postal_address[0], " ".join(map(str, self.postal_address[1:])), self.status)

reports.append(Report(574914560, ("DT", -2, 1, 1), "MBwhAst1sec01"))
reports[-1].posNum = 24002
reports[-1].negNum = 0
reports[-1].fittype = "6DOF"
reports[-1].add_parameters(ValErr(-0.0864885, 0.00566372, 0), \
                           ValErr(0.130423, 0.0465242, 0), \
                           ValErr(0.0698961, 0.0377164, 0), \
                           ValErr(-5.35308e-05, 0.000128533, 0), \
                           ValErr(9.03805e-05, 0.000136378, 0), \
                           ValErr(2.21959e-05, 9.17647e-05, 0), \
                           -58726.1, 24002, 24002, -nan)
reports[-1].sigmax = ValErr(0.677391, 0.00309173, 0)
reports[-1].sigmay = ValErr(0.998348, 0.00455663, 0)
reports[-1].sigmadxdz = ValErr(0, 0, 0)
reports[-1].sigmadydz = ValErr(0, 0, 0)
reports[-1].add_stats(-0.0805497, 0.214465, 0.000105275, -0.00212215, -0.0803338, 0.214755, 0.000107259, -0.00136331, -0.0803338, 0.214755, 0.000107259, -0.00136331, -0.0753661, 0.218149, 8.57652e-05, -0.00148411, -0.0753661, 0.218149, 8.57652e-05, -0.00148411, 0.67744, 0.998361, 0.00347395, 0.0316473, 0.67744, 0.998361, 0.00347395, 0.0316473)
reports[-1].CovMatrix = ['3.20777e-05','0.000153026','-0.000125354','2.20806e-07','-5.89637e-08','-1.06918e-07','1.87903e-08','-1.53624e-09','0','0','0','0','0.000153026','0.0021645','-0.0017365','3.18452e-06','-4.26195e-07','1.25228e-07','1.68873e-07','-1.5492e-09','0','0','0','0','-0.000125354','-0.0017365','0.00142253','-2.44641e-06','3.35712e-07','-9.07963e-08','-1.37959e-07','2.59287e-08','0','0','0','0','2.20806e-07','3.18452e-06','-2.44641e-06','1.65206e-08','-3.92723e-10','1.10694e-09','2.47443e-10','5.05137e-10','0','0','0','0','-5.89637e-08','-4.26195e-07','3.35712e-07','-3.92723e-10','1.85989e-08','6.77145e-09','-1.05651e-10','9.80631e-10','0','0','0','0','-1.06918e-07','1.25228e-07','-9.07963e-08','1.10694e-09','6.77145e-09','8.42077e-09','1.9577e-10','2.79467e-10','0','0','0','0','1.87903e-08','1.68873e-07','-1.37959e-07','2.47443e-10','-1.05651e-10','1.9577e-10','9.55878e-06','-1.00566e-11','0','0','0','0','-1.53624e-09','-1.5492e-09','2.59287e-08','5.05137e-10','9.80631e-10','2.79467e-10','-1.00566e-11','2.07629e-05','0','0','0','0','0','0','0','0','0','0','0','0','0','0','0','0','0','0','0','0','0','0','0','0','0','0','0','0','0','0','0','0','0','0','0','0','0','0','0','0','0','0','0','0','0','0','0','0','0','0','0','0']

reports.append(Report(575176704, ("DT", -2, 1, 2), "MBwhAst1sec02"))
reports[-1].posNum = 15584
reports[-1].negNum = 0
reports[-1].fittype = "6DOF"
reports[-1].add_parameters(ValErr(0.0252635, 0.00690683, 0), \
                           ValErr(-0.0374142, 0.0573196, 0), \
                           ValErr(-0.0147527, 0.0464016, 0), \
                           ValErr(-6.74112e-05, 0.000153487, 0), \
                           ValErr(0.000245167, 0.000171073, 0), \
                           ValErr(-7.60431e-05, 0.000109058, 0), \
                           -37863, 15584, 15584, -nan)
reports[-1].sigmax = ValErr(0.668294, 0.0037854, 0)
reports[-1].sigmay = ValErr(0.994768, 0.00563468, 0)
reports[-1].sigmadxdz = ValErr(0, 0, 0)
reports[-1].sigmadydz = ValErr(0, 0, 0)
reports[-1].add_stats(0.0286026, -0.0605108, 0.000854571, -0.00305492, 0.0214179, -0.0522463, 0.000895894, -0.00158048, 0.0214179, -0.0522463, 0.000895894, -0.00158048, 0.0234215, -0.0520368, 0.000892444, -0.00163066, 0.0234215, -0.0520368, 0.000892444, -0.00163066, 0.668324, 0.994902, 0.00343001, 0.0330137, 0.668324, 0.994902, 0.00343001, 0.0330137)
reports[-1].CovMatrix = ['4.77043e-05','0.000218227','-0.000178839','3.0605e-07','-1.29675e-07','-2.06818e-07','1.63417e-08','1.12363e-08','0','0','0','0','0.000218227','0.00328554','-0.00263081','4.75407e-06','-8.55479e-07','7.11432e-08','8.57116e-08','2.43444e-07','0','0','0','0','-0.000178839','-0.00263081','0.00215311','-3.60106e-06','6.34925e-07','-3.68022e-08','-6.42112e-08','-1.68001e-07','0','0','0','0','3.0605e-07','4.75407e-06','-3.60106e-06','2.35583e-08','-5.74964e-10','1.30827e-09','2.71166e-10','9.09074e-10','0','0','0','0','-1.29675e-07','-8.55479e-07','6.34925e-07','-5.74964e-10','2.92659e-08','9.74841e-09','-9.22337e-10','2.55906e-09','0','0','0','0','-2.06818e-07','7.11432e-08','-3.68022e-08','1.30827e-09','9.74841e-09','1.18937e-08','2.6923e-11','7.33351e-10','0','0','0','0','1.63417e-08','8.57116e-08','-6.42112e-08','2.71166e-10','-9.22337e-10','2.6923e-11','1.43293e-05','-7.68117e-11','0','0','0','0','1.12363e-08','2.43444e-07','-1.68001e-07','9.09074e-10','2.55906e-09','7.33351e-10','-7.68117e-11','3.17497e-05','0','0','0','0','0','0','0','0','0','0','0','0','0','0','0','0','0','0','0','0','0','0','0','0','0','0','0','0','0','0','0','0','0','0','0','0','0','0','0','0','0','0','0','0','0','0','0','0','0','0','0','0']

reports.append(Report(575438848, ("DT", -2, 1, 3), "MBwhAst1sec03"))
reports[-1].posNum = 17414
reports[-1].negNum = 0
reports[-1].fittype = "6DOF"
reports[-1].add_parameters(ValErr(-0.0171746, 0.00690105, 0), \
                           ValErr(0.00960752, 0.0527141, 0), \
                           ValErr(-0.0967257, 0.0427953, 0), \
                           ValErr(7.56376e-05, 0.000147002, 0), \
                           ValErr(0.000167689, 0.000155983, 0), \
                           ValErr(-0.000147309, 0.000106176, 0), \
                           -42138, 17414, 17414, -nan)
reports[-1].sigmax = ValErr(0.667615, 0.00357736, 0)
reports[-1].sigmay = ValErr(0.986036, 0.00528354, 0)
reports[-1].sigmadxdz = ValErr(0, 0, 0)
reports[-1].sigmadydz = ValErr(0, 0, 0)
reports[-1].add_stats(-0.0339074, -0.110178, 0.00010886, -0.00275714, -0.0309285, -0.107196, 0.000114878, -0.00185453, -0.0309285, -0.107196, 0.000114878, -0.00185453, -0.0285956, -0.106662, 0.000107122, -0.00182374, -0.0285956, -0.106662, 0.000107122, -0.00182374, 0.667767, 0.986194, 0.00342782, 0.0325356, 0.667767, 0.986194, 0.00342782, 0.0325356)
reports[-1].CovMatrix = ['4.76245e-05','0.000219598','-0.000179991','3.05205e-07','-1.37326e-07','-2.11279e-07','1.73503e-08','9.12036e-09','0','0','0','0','0.000219598','0.00277877','-0.00222978','4.03599e-06','-6.93861e-07','-3.51376e-08','1.35225e-07','1.31268e-07','0','0','0','0','-0.000179991','-0.00222978','0.00183144','-3.01427e-06','6.28757e-07','5.50512e-08','-1.0119e-07','-8.01961e-08','0','0','0','0','3.05205e-07','4.03599e-06','-3.01427e-06','2.16095e-08','1.8755e-10','1.38943e-09','7.36059e-10','1.76134e-10','0','0','0','0','-1.37326e-07','-6.93861e-07','6.28757e-07','1.8755e-10','2.43308e-08','9.1663e-09','9.08758e-11','1.00985e-09','0','0','0','0','-2.11279e-07','-3.51376e-08','5.50512e-08','1.38943e-09','9.1663e-09','1.12733e-08','3.68825e-10','1.95151e-10','0','0','0','0','1.73503e-08','1.35225e-07','-1.0119e-07','7.36059e-10','9.08758e-11','3.68825e-10','1.27975e-05','2.22607e-12','0','0','0','0','9.12036e-09','1.31268e-07','-8.01961e-08','1.76134e-10','1.00985e-09','1.95151e-10','2.22607e-12','2.79158e-05','0','0','0','0','0','0','0','0','0','0','0','0','0','0','0','0','0','0','0','0','0','0','0','0','0','0','0','0','0','0','0','0','0','0','0','0','0','0','0','0','0','0','0','0','0','0','0','0','0','0','0','0']

reports.append(Report(575700992, ("DT", -2, 1, 4), "MBwhAst1sec04"))
reports[-1].posNum = 24251
reports[-1].negNum = 0
reports[-1].fittype = "6DOF"
reports[-1].add_parameters(ValErr(-0.099418, 0.00557667, 0), \
                           ValErr(0.122954, 0.047953, 0), \
                           ValErr(-0.0826004, 0.0388122, 0), \
                           ValErr(0.000261357, 0.00012749, 0), \
                           ValErr(1.07742e-06, 0.000138051, 0), \
                           ValErr(0.000331763, 9.0704e-05, 0), \
                           -59485, 24251, 24251, -nan)
reports[-1].sigmax = ValErr(0.680752, 0.00309109, 0)
reports[-1].sigmay = ValErr(0.999573, 0.00453875, 0)
reports[-1].sigmadxdz = ValErr(0, 0, 0)
reports[-1].sigmadydz = ValErr(0, 0, 0)
reports[-1].add_stats(-0.108273, 0.0181797, 0.000559035, -0.002611, -0.101655, 0.0193375, 0.000553835, -0.00197926, -0.101655, 0.0193375, 0.000553835, -0.00197926, -0.103178, 0.0175983, 0.000559917, -0.00186212, -0.103178, 0.0175983, 0.000559917, -0.00186212, 0.68097, 0.999711, 0.00345397, 0.0345459, 0.68097, 0.999711, 0.00345397, 0.0345459)
reports[-1].CovMatrix = ['3.10992e-05','0.000154651','-0.000126529','2.23607e-07','-4.47931e-08','-8.54236e-08','3.55071e-08','-2.54239e-08','0','0','0','0','0.000154651','0.00229949','-0.0018435','3.34966e-06','-4.72596e-07','1.35296e-07','3.59168e-07','-2.76865e-07','0','0','0','0','-0.000126529','-0.0018435','0.00150639','-2.61215e-06','3.41408e-07','-1.01605e-07','-2.91763e-07','2.45939e-07','0','0','0','0','2.23607e-07','3.34966e-06','-2.61215e-06','1.62536e-08','-4.53781e-10','1.03425e-09','7.3583e-10','-2.477e-10','0','0','0','0','-4.47931e-08','-4.72596e-07','3.41408e-07','-4.53781e-10','1.90581e-08','6.63354e-09','1.76649e-10','5.45232e-10','0','0','0','0','-8.54236e-08','1.35296e-07','-1.01605e-07','1.03425e-09','6.63354e-09','8.22722e-09','6.89853e-11','4.5768e-10','0','0','0','0','3.55071e-08','3.59168e-07','-2.91763e-07','7.3583e-10','1.76649e-10','6.89853e-11','9.55482e-06','-4.05385e-11','0','0','0','0','-2.54239e-08','-2.76865e-07','2.45939e-07','-2.477e-10','5.45232e-10','4.5768e-10','-4.05385e-11','2.06002e-05','0','0','0','0','0','0','0','0','0','0','0','0','0','0','0','0','0','0','0','0','0','0','0','0','0','0','0','0','0','0','0','0','0','0','0','0','0','0','0','0','0','0','0','0','0','0','0','0','0','0','0','0']

reports.append(Report(575963136, ("DT", -2, 1, 5), "MBwhAst1sec05"))
reports[-1].posNum = 21664
reports[-1].negNum = 0
reports[-1].fittype = "6DOF"
reports[-1].add_parameters(ValErr(0.0175841, 0.00609245, 0), \
                           ValErr(-0.0122998, 0.0495489, 0), \
                           ValErr(-0.0252477, 0.0402265, 0), \
                           ValErr(-0.000305478, 0.000132829, 0), \
                           ValErr(-0.000101794, 0.000145371, 0), \
                           ValErr(-0.000141803, 9.33309e-05, 0), \
                           -52645.8, 21664, 21664, -nan)
reports[-1].sigmax = ValErr(0.668799, 0.003213, 0)
reports[-1].sigmay = ValErr(0.994516, 0.00477781, 0)
reports[-1].sigmadxdz = ValErr(0, 0, 0)
reports[-1].sigmadydz = ValErr(0, 0, 0)
reports[-1].add_stats(0.0116483, -0.0284066, -0.000154046, -0.000423886, 0.013681, -0.0375459, -0.000137905, -0.000470194, 0.013681, -0.0375459, -0.000137905, -0.000470194, 0.0149807, -0.0378164, -0.000154589, -0.000531814, 0.0149807, -0.0378164, -0.000154589, -0.000531814, 0.668821, 0.994742, 0.00344522, 0.0339189, 0.668821, 0.994742, 0.00344522, 0.0339189)
reports[-1].CovMatrix = ['3.7118e-05','0.000186351','-0.000152691','2.66963e-07','-7.60272e-08','-1.22028e-07','1.78985e-08','4.16228e-09','0','0','0','0','0.000186351','0.00245509','-0.00197321','3.58333e-06','-6.42941e-07','1.68149e-09','8.48398e-08','1.5243e-07','0','0','0','0','-0.000152691','-0.00197321','0.00161817','-2.76988e-06','5.49938e-07','1.28814e-08','-7.04057e-08','-9.51222e-08','0','0','0','0','2.66963e-07','3.58333e-06','-2.76988e-06','1.76437e-08','-1.16301e-10','1.07066e-09','6.76461e-11','8.63153e-10','0','0','0','0','-7.60272e-08','-6.42941e-07','5.49938e-07','-1.16301e-10','2.11327e-08','7.03787e-09','-2.65873e-10','1.30954e-09','0','0','0','0','-1.22028e-07','1.68149e-09','1.28814e-08','1.07066e-09','7.03787e-09','8.71065e-09','-7.8466e-11','6.9108e-10','0','0','0','0','1.78985e-08','8.48398e-08','-7.04057e-08','6.76461e-11','-2.65873e-10','-7.8466e-11','1.03234e-05','-1.33571e-11','0','0','0','0','4.16228e-09','1.5243e-07','-9.51222e-08','8.63153e-10','1.30954e-09','6.9108e-10','-1.33571e-11','2.28275e-05','0','0','0','0','0','0','0','0','0','0','0','0','0','0','0','0','0','0','0','0','0','0','0','0','0','0','0','0','0','0','0','0','0','0','0','0','0','0','0','0','0','0','0','0','0','0','0','0','0','0','0','0']

reports.append(Report(576225280, ("DT", -2, 1, 6), "MBwhAst1sec06"))
reports[-1].posNum = 18309
reports[-1].negNum = 0
reports[-1].fittype = "6DOF"
reports[-1].add_parameters(ValErr(0.000965606, 0.00706643, 0), \
                           ValErr(-0.083723, 0.0534492, 0), \
                           ValErr(0.116199, 0.0433584, 0), \
                           ValErr(0.000125868, 0.000146475, 0), \
                           ValErr(0.00026369, 0.000158982, 0), \
                           ValErr(0.000115724, 0.00010493, 0), \
                           -44948.6, 18309, 18309, -nan)
reports[-1].sigmax = ValErr(0.677106, 0.00353843, 0)
reports[-1].sigmay = ValErr(1.00708, 0.00526278, 0)
reports[-1].sigmadxdz = ValErr(0, 0, 0)
reports[-1].sigmadydz = ValErr(0, 0, 0)
reports[-1].add_stats(0.0146339, 0.0635001, -2.23539e-05, -0.00315563, 0.0137392, 0.050069, -3.79428e-05, -0.00239865, 0.0137392, 0.050069, -3.79428e-05, -0.00239865, 0.0155706, 0.0505072, -4.51512e-05, -0.0024254, 0.0155706, 0.0505072, -4.51512e-05, -0.0024254, 0.677202, 1.00734, 0.00346176, 0.0325719, 0.677202, 1.00734, 0.00346176, 0.0325719)
reports[-1].CovMatrix = ['4.99345e-05','0.000238931','-0.000195471','3.29846e-07','-1.5022e-07','-2.19737e-07','2.43546e-08','1.10657e-09','0','0','0','0','0.000238931','0.00285682','-0.00229122','4.13392e-06','-7.75246e-07','-9.19245e-08','1.00993e-07','2.01502e-07','0','0','0','0','-0.000195471','-0.00229122','0.00187995','-3.08512e-06','7.34031e-07','1.03154e-07','-6.64037e-08','-1.46032e-07','0','0','0','0','3.29846e-07','4.13392e-06','-3.08512e-06','2.1455e-08','2.53204e-10','1.36697e-09','8.43012e-10','3.49105e-11','0','0','0','0','-1.5022e-07','-7.75246e-07','7.34031e-07','2.53204e-10','2.52753e-08','8.96255e-09','7.20556e-10','9.39463e-11','0','0','0','0','-2.19737e-07','-9.19245e-08','1.03154e-07','1.36697e-09','8.96255e-09','1.10104e-08','7.08401e-11','6.0143e-10','0','0','0','0','2.43546e-08','1.00993e-07','-6.64037e-08','8.43012e-10','7.20556e-10','7.08401e-11','1.25205e-05','-1.66146e-11','0','0','0','0','1.10657e-09','2.01502e-07','-1.46032e-07','3.49105e-11','9.39463e-11','6.0143e-10','-1.66146e-11','2.76968e-05','0','0','0','0','0','0','0','0','0','0','0','0','0','0','0','0','0','0','0','0','0','0','0','0','0','0','0','0','0','0','0','0','0','0','0','0','0','0','0','0','0','0','0','0','0','0','0','0','0','0','0','0']

reports.append(Report(576487424, ("DT", -2, 1, 7), "MBwhAst1sec07"))
reports[-1].posNum = 25356
reports[-1].negNum = 0
reports[-1].fittype = "6DOF"
reports[-1].add_parameters(ValErr(-0.0437699, 0.00553001, 0), \
                           ValErr(0.0550243, 0.0461982, 0), \
                           ValErr(0.130072, 0.0374567, 0), \
                           ValErr(4.26908e-05, 0.000126658, 0), \
                           ValErr(0.00025667, 0.000136734, 0), \
                           ValErr(-8.7868e-05, 9.09453e-05, 0), \
                           -61982, 25356, 25356, -nan)
reports[-1].sigmax = ValErr(0.677911, 0.00301035, 0)
reports[-1].sigmay = ValErr(0.995347, 0.00441998, 0)
reports[-1].sigmadxdz = ValErr(0, 0, 0)
reports[-1].sigmadydz = ValErr(0, 0, 0)
reports[-1].add_stats(-0.0370693, 0.217175, 0.000216456, -0.00135867, -0.0354348, 0.210323, 0.000220735, -0.00167772, -0.0354348, 0.210323, 0.000220735, -0.00167772, -0.0328243, 0.209356, 0.000208849, -0.00178743, -0.0328243, 0.209356, 0.000208849, -0.00178743, 0.678067, 0.99563, 0.00345789, 0.0319837, 0.678067, 0.99563, 0.00345789, 0.0319837)
reports[-1].CovMatrix = ['3.05811e-05','0.000148537','-0.000121708','2.1245e-07','-6.68425e-08','-1.11472e-07','1.29193e-08','5.26889e-09','0','0','0','0','0.000148537','0.00213428','-0.00171319','3.1204e-06','-4.83398e-07','6.34685e-08','8.21586e-08','1.14634e-07','0','0','0','0','-0.000121708','-0.00171319','0.001403','-2.39624e-06','3.7289e-07','-3.99214e-08','-6.95861e-08','-6.68472e-08','0','0','0','0','2.1245e-07','3.1204e-06','-2.39624e-06','1.60423e-08','-2.62324e-10','9.85622e-10','-9.84723e-11','9.80613e-10','0','0','0','0','-6.68425e-08','-4.83398e-07','3.7289e-07','-2.62324e-10','1.86963e-08','6.75112e-09','-2.14774e-10','1.1086e-09','0','0','0','0','-1.11472e-07','6.34685e-08','-3.99214e-08','9.85622e-10','6.75112e-09','8.27105e-09','9.39671e-11','4.0011e-10','0','0','0','0','1.29193e-08','8.21586e-08','-6.95861e-08','-9.84723e-11','-2.14774e-10','9.39671e-11','9.06223e-06','-2.56923e-11','0','0','0','0','5.26889e-09','1.14634e-07','-6.68472e-08','9.80613e-10','1.1086e-09','4.0011e-10','-2.56923e-11','1.95363e-05','0','0','0','0','0','0','0','0','0','0','0','0','0','0','0','0','0','0','0','0','0','0','0','0','0','0','0','0','0','0','0','0','0','0','0','0','0','0','0','0','0','0','0','0','0','0','0','0','0','0','0','0']

reports.append(Report(576749568, ("DT", -2, 1, 8), "MBwhAst1sec08"))
reports[-1].posNum = 22498
reports[-1].negNum = 0
reports[-1].fittype = "6DOF"
reports[-1].add_parameters(ValErr(0.0314268, 0.0058283, 0), \
                           ValErr(0.0409741, 0.0490159, 0), \
                           ValErr(-0.0276789, 0.0397477, 0), \
                           ValErr(-0.000227463, 0.000132573, 0), \
                           ValErr(0.000468392, 0.000143626, 0), \
                           ValErr(-0.000128275, 9.4419e-05, 0), \
                           -54945.7, 22498, 22498, -nan)
reports[-1].sigmax = ValErr(0.674986, 0.00317415, 0)
reports[-1].sigmay = ValErr(0.997438, 0.00468009, 0)
reports[-1].sigmadxdz = ValErr(0, 0, 0)
reports[-1].sigmadydz = ValErr(0, 0, 0)
reports[-1].add_stats(0.0284777, 0.0252357, 0.000894071, -0.00148385, 0.0249505, 0.013599, 0.000899589, -0.00104364, 0.0249505, 0.013599, 0.000899589, -0.00104364, 0.0244216, 0.0207686, 0.000899566, -0.00108898, 0.0244216, 0.0207686, 0.000899566, -0.00108898, 0.675012, 0.99808, 0.00344897, 0.0336855, 0.675012, 0.99808, 0.00344897, 0.0336855)
reports[-1].CovMatrix = ['3.39691e-05','0.00016505','-0.000135378','2.34024e-07','-8.11372e-08','-1.32429e-07','2.04657e-08','3.95527e-08','0','0','0','0','0.00016505','0.00240256','-0.00192895','3.49047e-06','-6.21851e-07','-3.5728e-08','-4.01819e-07','2.35998e-07','0','0','0','0','-0.000135378','-0.00192895','0.00157988','-2.67985e-06','4.8327e-07','4.41826e-08','3.91703e-07','6.73362e-08','0','0','0','0','2.34024e-07','3.49047e-06','-2.67985e-06','1.75757e-08','9.22312e-11','9.57785e-10','-3.12382e-10','-2.30579e-09','0','0','0','0','-8.11372e-08','-6.21851e-07','4.8327e-07','9.22312e-11','2.06284e-08','7.27244e-09','2.09757e-09','-1.65422e-11','0','0','0','0','-1.32429e-07','-3.5728e-08','4.41826e-08','9.57785e-10','7.27244e-09','8.91495e-09','3.31469e-11','7.81321e-12','0','0','0','0','2.04657e-08','-4.01819e-07','3.91703e-07','-3.12382e-10','2.09757e-09','3.31469e-11','1.00753e-05','-3.90494e-08','0','0','0','0','3.95527e-08','2.35998e-07','6.73362e-08','-2.30579e-09','-1.65422e-11','7.81321e-12','-3.90494e-08','2.19032e-05','0','0','0','0','0','0','0','0','0','0','0','0','0','0','0','0','0','0','0','0','0','0','0','0','0','0','0','0','0','0','0','0','0','0','0','0','0','0','0','0','0','0','0','0','0','0','0','0','0','0','0','0']

reports.append(Report(577011712, ("DT", -2, 1, 9), "MBwhAst1sec09"))
reports[-1].posNum = 14926
reports[-1].negNum = 0
reports[-1].fittype = "6DOF"
reports[-1].add_parameters(ValErr(-0.0287827, 0.00698716, 0), \
                           ValErr(-0.0248916, 0.0590288, 0), \
                           ValErr(-0.00691905, 0.0478744, 0), \
                           ValErr(0.000173681, 0.000157487, 0), \
                           ValErr(-0.000291967, 0.000168748, 0), \
                           ValErr(-2.34107e-05, 0.000112923, 0), \
                           -36373.2, 14926, 14926, -nan)
reports[-1].sigmax = ValErr(0.678826, 0.00392888, 0)
reports[-1].sigmay = ValErr(0.986499, 0.00570965, 0)
reports[-1].sigmadxdz = ValErr(0, 0, 0)
reports[-1].sigmadydz = ValErr(0, 0, 0)
reports[-1].add_stats(-0.0282321, -0.0253731, -8.95871e-06, -0.00287845, -0.0286264, -0.0367311, 1.34255e-05, -0.00193497, -0.0286264, -0.0367311, 1.34255e-05, -0.00193497, -0.0298202, -0.0422342, 1.64568e-05, -0.00215091, -0.0298202, -0.0422342, 1.64568e-05, -0.00215091, 0.678828, 0.986664, 0.00347662, 0.033352, 0.678828, 0.986664, 0.00347662, 0.033352)
reports[-1].CovMatrix = ['4.88204e-05','0.000230294','-0.00018889','3.36005e-07','-5.50141e-08','-1.25503e-07','3.90846e-08','-1.49344e-08','0','0','0','0','0.000230294','0.0034844','-0.00279779','5.12842e-06','-4.56776e-07','4.49926e-07','3.33632e-07','-8.34077e-08','0','0','0','0','-0.00018889','-0.00279779','0.00229196','-3.99439e-06','2.96123e-07','-3.55583e-07','-2.63603e-07','8.92115e-08','0','0','0','0','3.36005e-07','5.12842e-06','-3.99439e-06','2.48023e-08','-9.91576e-10','1.94063e-09','1.38157e-09','-7.06462e-10','0','0','0','0','-5.50141e-08','-4.56776e-07','2.96123e-07','-9.91576e-10','2.84757e-08','1.02019e-08','2.73335e-10','8.44327e-10','0','0','0','0','-1.25503e-07','4.49926e-07','-3.55583e-07','1.94063e-09','1.02019e-08','1.27516e-08','1.79515e-10','6.41009e-10','0','0','0','0','3.90846e-08','3.33632e-07','-2.63603e-07','1.38157e-09','2.73335e-10','1.79515e-10','1.54361e-05','-3.1425e-11','0','0','0','0','-1.49344e-08','-8.34077e-08','8.92115e-08','-7.06462e-10','8.44327e-10','6.41009e-10','-3.1425e-11','3.26002e-05','0','0','0','0','0','0','0','0','0','0','0','0','0','0','0','0','0','0','0','0','0','0','0','0','0','0','0','0','0','0','0','0','0','0','0','0','0','0','0','0','0','0','0','0','0','0','0','0','0','0','0','0']

reports.append(Report(577273856, ("DT", -2, 1, 10), "MBwhAst1sec10"))
reports[-1].posNum = 16094
reports[-1].negNum = 0
reports[-1].fittype = "6DOF"
reports[-1].add_parameters(ValErr(0.0449553, 0.00656221, 0), \
                           ValErr(0.0920004, 0.0580881, 0), \
                           ValErr(0.00576232, 0.0471879, 0), \
                           ValErr(-0.000293095, 0.000148082, 0), \
                           ValErr(0.000105546, 0.000163396, 0), \
                           ValErr(0.000271966, 0.000102211, 0), \
                           -38961.7, 16094, 16094, -nan)
reports[-1].sigmax = ValErr(0.668257, 0.00372476, 0)
reports[-1].sigmay = ValErr(0.986189, 0.00549684, 0)
reports[-1].sigmadxdz = ValErr(0, 0, 0)
reports[-1].sigmadydz = ValErr(0, 0, 0)
reports[-1].add_stats(0.0435581, 0.104066, 3.25589e-05, -0.00163713, 0.0479791, 0.100047, 2.44559e-05, 2.64966e-05, 0.0479791, 0.100047, 2.44559e-05, 2.64966e-05, 0.0503228, 0.0940658, 1.76309e-05, 7.62868e-06, 0.0503228, 0.0940658, 1.76309e-05, 7.62868e-06, 0.668439, 0.98637, 0.00342492, 0.0331048, 0.668439, 0.98637, 0.00342492, 0.0331048)
reports[-1].CovMatrix = ['4.30626e-05','0.000218938','-0.000179853','3.25362e-07','9.46739e-09','-3.63322e-08','2.63541e-08','3.74414e-09','0','0','0','0','0.000218938','0.00337422','-0.00271593','4.93749e-06','-4.76928e-07','4.26827e-07','1.50626e-07','1.47244e-07','0','0','0','0','-0.000179853','-0.00271593','0.0022267','-3.97315e-06','2.98882e-07','-3.46589e-07','-1.25413e-07','-9.07599e-08','0','0','0','0','3.25362e-07','4.93749e-06','-3.97315e-06','2.19283e-08','-9.98879e-10','1.68196e-09','3.3725e-10','6.0173e-10','0','0','0','0','9.46739e-09','-4.76928e-07','2.98882e-07','-9.98879e-10','2.66983e-08','8.37949e-09','6.71109e-10','1.31497e-10','0','0','0','0','-3.63322e-08','4.26827e-07','-3.46589e-07','1.68196e-09','8.37949e-09','1.04472e-08','2.00516e-10','4.92379e-10','0','0','0','0','2.63541e-08','1.50626e-07','-1.25413e-07','3.3725e-10','6.71109e-10','2.00516e-10','1.38738e-05','1.01426e-11','0','0','0','0','3.74414e-09','1.47244e-07','-9.07599e-08','6.0173e-10','1.31497e-10','4.92379e-10','1.01426e-11','3.02152e-05','0','0','0','0','0','0','0','0','0','0','0','0','0','0','0','0','0','0','0','0','0','0','0','0','0','0','0','0','0','0','0','0','0','0','0','0','0','0','0','0','0','0','0','0','0','0','0','0','0','0','0','0']

reports.append(Report(577536000, ("DT", -2, 1, 11), "MBwhAst1sec11"))
reports[-1].posNum = 17000
reports[-1].negNum = 0
reports[-1].fittype = "6DOF"
reports[-1].add_parameters(ValErr(0.0578145, 0.00684371, 0), \
                           ValErr(0.1217, 0.0576134, 0), \
                           ValErr(-0.0589183, 0.0467231, 0), \
                           ValErr(0.000288272, 0.000147538, 0), \
                           ValErr(-0.000446119, 0.000164772, 0), \
                           ValErr(-0.000200066, 0.000103049, 0), \
                           -41461.4, 17000, 17000, -nan)
reports[-1].sigmax = ValErr(0.672727, 0.00364837, 0)
reports[-1].sigmay = ValErr(0.997452, 0.00540948, 0)
reports[-1].sigmadxdz = ValErr(0, 0, 0)
reports[-1].sigmadydz = ValErr(0, 0, 0)
reports[-1].add_stats(0.0578879, 0.0517991, -0.000571653, -0.00296709, 0.0520779, 0.0490578, -0.000592316, -0.0024381, 0.0520779, 0.0490578, -0.000592316, -0.0024381, 0.0537783, 0.0469748, -0.000593279, -0.0025502, 0.0537783, 0.0469748, -0.000593279, -0.0025502, 0.672861, 0.997601, 0.00346668, 0.0341246, 0.672861, 0.997601, 0.00346668, 0.0341246)
reports[-1].CovMatrix = ['4.68364e-05','0.000251338','-0.000205485','3.64165e-07','-2.51396e-08','-6.36236e-08','3.67553e-08','-9.69289e-09','0','0','0','0','0.000251338','0.00331931','-0.00266774','4.75659e-06','-8.16579e-07','4.06735e-08','3.02954e-07','-9.78451e-08','0','0','0','0','-0.000205485','-0.00266774','0.00218304','-3.81211e-06','7.08743e-07','-2.56466e-08','-2.45587e-07','1.06889e-07','0','0','0','0','3.64165e-07','4.75659e-06','-3.81211e-06','2.17675e-08','-7.67913e-12','1.4499e-09','6.23849e-10','1.93309e-10','0','0','0','0','-2.51396e-08','-8.16579e-07','7.08743e-07','-7.67913e-12','2.71497e-08','8.56329e-09','1.26451e-09','-6.60691e-10','0','0','0','0','-6.36236e-08','4.06735e-08','-2.56466e-08','1.4499e-09','8.56329e-09','1.06192e-08','7.33468e-10','-3.27587e-10','0','0','0','0','3.67553e-08','3.02954e-07','-2.45587e-07','6.23849e-10','1.26451e-09','7.33468e-10','1.33106e-05','-4.80813e-11','0','0','0','0','-9.69289e-09','-9.78451e-08','1.06889e-07','1.93309e-10','-6.60691e-10','-3.27587e-10','-4.80813e-11','2.92626e-05','0','0','0','0','0','0','0','0','0','0','0','0','0','0','0','0','0','0','0','0','0','0','0','0','0','0','0','0','0','0','0','0','0','0','0','0','0','0','0','0','0','0','0','0','0','0','0','0','0','0','0','0']

reports.append(Report(577798144, ("DT", -2, 1, 12), "MBwhAst1sec12"))
reports[-1].posNum = 21504
reports[-1].negNum = 0
reports[-1].fittype = "6DOF"
reports[-1].add_parameters(ValErr(-0.0093501, 0.00603427, 0), \
                           ValErr(0.131011, 0.0504656, 0), \
                           ValErr(-0.00195904, 0.0409545, 0), \
                           ValErr(2.77442e-05, 0.000134899, 0), \
                           ValErr(0.000375177, 0.000146582, 0), \
                           ValErr(0.000288877, 9.53808e-05, 0), \
                           -52498, 21504, 21504, -nan)
reports[-1].sigmax = ValErr(0.674269, 0.00325132, 0)
reports[-1].sigmay = ValErr(0.997564, 0.00481026, 0)
reports[-1].sigmadxdz = ValErr(0, 0, 0)
reports[-1].sigmadydz = ValErr(0, 0, 0)
reports[-1].add_stats(-0.00728225, 0.138117, 0.000798996, -0.00304294, -0.00583882, 0.12846, 0.000777368, -0.0016129, -0.00583882, 0.12846, 0.000777368, -0.0016129, -0.00459193, 0.132305, 0.000781091, -0.00168438, -0.00459193, 0.132305, 0.000781091, -0.00168438, 0.674418, 0.997585, 0.00343211, 0.0318902, 0.674418, 0.997585, 0.00343211, 0.0318902)
reports[-1].CovMatrix = ['3.64125e-05','0.000179294','-0.000146973','2.57136e-07','-7.53643e-08','-1.27267e-07','4.07446e-08','-3.04472e-08','0','0','0','0','0.000179294','0.00254678','-0.00204631','3.73259e-06','-5.06223e-07','1.37799e-07','3.20933e-07','-1.80669e-07','0','0','0','0','-0.000146973','-0.00204631','0.00167727','-2.87256e-06','3.97312e-07','-9.9047e-08','-2.71714e-07','1.89563e-07','0','0','0','0','2.57136e-07','3.73259e-06','-2.87256e-06','1.81977e-08','-3.90544e-10','1.19813e-09','-7.85796e-11','1.11363e-09','0','0','0','0','-7.53643e-08','-5.06223e-07','3.97312e-07','-3.90544e-10','2.14863e-08','7.36451e-09','5.28668e-10','1.24315e-10','0','0','0','0','-1.27267e-07','1.37799e-07','-9.9047e-08','1.19813e-09','7.36451e-09','9.0975e-09','-1.834e-10','8.75234e-10','0','0','0','0','4.07446e-08','3.20933e-07','-2.71714e-07','-7.85796e-11','5.28668e-10','-1.834e-10','1.05711e-05','-1.31105e-10','0','0','0','0','-3.04472e-08','-1.80669e-07','1.89563e-07','1.11363e-09','1.24315e-10','8.75234e-10','-1.31105e-10','2.31387e-05','0','0','0','0','0','0','0','0','0','0','0','0','0','0','0','0','0','0','0','0','0','0','0','0','0','0','0','0','0','0','0','0','0','0','0','0','0','0','0','0','0','0','0','0','0','0','0','0','0','0','0','0']

reports.append(Report(579108864, ("DT", -2, 2, 1), "MBwhAst2sec01"))
reports[-1].posNum = 28932
reports[-1].negNum = 0
reports[-1].fittype = "6DOF"
reports[-1].add_parameters(ValErr(-0.0993684, 0.00566726, 0), \
                           ValErr(0.0526228, 0.04476, 0), \
                           ValErr(0.0142385, 0.0429474, 0), \
                           ValErr(0.000134945, 0.00016194, 0), \
                           ValErr(0.000426994, 0.000154761, 0), \
                           ValErr(-7.69425e-05, 0.000109426, 0), \
                           -84481.2, 28932, 28932, -nan)
reports[-1].sigmax = ValErr(0.895867, 0.00372426, 0)
reports[-1].sigmay = ValErr(1.21177, 0.00503755, 0)
reports[-1].sigmadxdz = ValErr(0, 0, 0)
reports[-1].sigmadydz = ValErr(0, 0, 0)
reports[-1].add_stats(-0.103238, 0.0728748, 0.000230557, 0.000177848, -0.103843, 0.0664977, 0.00020845, -0.000809043, -0.103843, 0.0664977, 0.00020845, -0.000809043, -0.102758, 0.0672134, 0.000209071, -0.000829916, -0.102758, 0.0672134, 0.000209071, -0.000829916, 0.895902, 1.21216, 0.00371765, 0.026074, 0.895902, 1.21216, 0.00371765, 0.026074)
reports[-1].CovMatrix = ['3.21178e-05','-8.25506e-05','8.01475e-05','-1.43818e-07','2.68207e-08','-5.65841e-08','1.233e-08','3.01722e-09','0','0','0','0','-8.25506e-05','0.00200346','-0.00189733','3.40025e-06','3.85918e-07','1.09516e-07','-1.29691e-08','9.4023e-08','0','0','0','0','8.01475e-05','-0.00189733','0.00184448','-3.16502e-06','-3.89239e-07','-1.1233e-07','1.40514e-08','-6.057e-08','0','0','0','0','-1.43818e-07','3.40025e-06','-3.16502e-06','2.62247e-08','-2.1291e-10','-7.13131e-10','1.48349e-10','4.78491e-10','0','0','0','0','2.68207e-08','3.85918e-07','-3.89239e-07','-2.1291e-10','2.39511e-08','1.14368e-08','-8.00203e-11','1.61042e-09','0','0','0','0','-5.65841e-08','1.09516e-07','-1.1233e-07','-7.13131e-10','1.14368e-08','1.1974e-08','3.58451e-10','5.05542e-10','0','0','0','0','1.233e-08','-1.29691e-08','1.40514e-08','1.48349e-10','-8.00203e-11','3.58451e-10','1.38701e-05','-1.75895e-11','0','0','0','0','3.01722e-09','9.4023e-08','-6.057e-08','4.78491e-10','1.61042e-09','5.05542e-10','-1.75895e-11','2.5377e-05','0','0','0','0','0','0','0','0','0','0','0','0','0','0','0','0','0','0','0','0','0','0','0','0','0','0','0','0','0','0','0','0','0','0','0','0','0','0','0','0','0','0','0','0','0','0','0','0','0','0','0','0']

reports.append(Report(579371008, ("DT", -2, 2, 2), "MBwhAst2sec02"))
reports[-1].posNum = 26823
reports[-1].negNum = 0
reports[-1].fittype = "6DOF"
reports[-1].add_parameters(ValErr(0.0557069, 0.00548122, 0), \
                           ValErr(-0.0334512, 0.00697279, 0), \
                           ValErr(-0.0523978, 0.00638359, 0), \
                           ValErr(-1.19731e-05, 0.000155289, 0), \
                           ValErr(-4.77454e-05, 0.00016031, 0), \
                           ValErr(-4.02611e-06, 0.000114766, 0), \
                           -78406.1, 26823, 26823, -nan)
reports[-1].sigmax = ValErr(0.888443, 0.00375828, 0)
reports[-1].sigmay = ValErr(1.22569, 0.0053012, 0)
reports[-1].sigmadxdz = ValErr(0, 0, 0)
reports[-1].sigmadydz = ValErr(0, 0, 0)
reports[-1].add_stats(0.0574016, -0.08199, 6.43123e-05, -0.00045857, 0.058573, -0.0866947, 6.24619e-05, -0.00119246, 0.058573, -0.0866947, 6.24619e-05, -0.00119246, 0.0598203, -0.0836895, 5.52548e-05, -0.00115874, 0.0598203, -0.0836895, 5.52548e-05, -0.00115874, 0.88846, 1.22571, 0.003668, 0.0256918, 0.88846, 1.22571, 0.003668, 0.0256918)
reports[-1].CovMatrix = ['3.00438e-05','3.51118e-06','-2.87416e-06','6.80482e-09','3.44901e-08','-6.87703e-08','3.58024e-07','4.62709e-09','0','0','0','0','3.51118e-06','4.86198e-05','-1.67924e-05','1.03893e-07','-1.26818e-07','-7.35133e-08','1.32908e-07','6.8135e-07','0','0','0','0','-2.87416e-06','-1.67924e-05','4.07503e-05','6.71399e-08','4.05117e-08','5.67556e-08','3.96241e-07','-6.07347e-07','0','0','0','0','6.80482e-09','1.03893e-07','6.71399e-08','2.41146e-08','-1.92717e-09','-1.37337e-09','-8.71527e-09','5.44426e-09','0','0','0','0','3.44901e-08','-1.26818e-07','4.05117e-08','-1.92717e-09','2.56993e-08','1.24726e-08','7.61882e-09','2.47538e-09','0','0','0','0','-6.87703e-08','-7.35133e-08','5.67556e-08','-1.37337e-09','1.24726e-08','1.31713e-08','-9.52038e-10','-4.62806e-10','0','0','0','0','3.58024e-07','1.32908e-07','3.96241e-07','-8.71527e-09','7.61882e-09','-9.52038e-10','1.41247e-05','-8.91327e-08','0','0','0','0','4.62709e-09','6.8135e-07','-6.07347e-07','5.44426e-09','2.47538e-09','-4.62806e-10','-8.91327e-08','2.81028e-05','0','0','0','0','0','0','0','0','0','0','0','0','0','0','0','0','0','0','0','0','0','0','0','0','0','0','0','0','0','0','0','0','0','0','0','0','0','0','0','0','0','0','0','0','0','0','0','0','0','0','0','0']

reports.append(Report(579633152, ("DT", -2, 2, 3), "MBwhAst2sec03"))
reports[-1].posNum = 23914
reports[-1].negNum = 0
reports[-1].fittype = "6DOF"
reports[-1].add_parameters(ValErr(-0.0706417, 0.00619912, 0), \
                           ValErr(-0.153319, 0.0485187, 0), \
                           ValErr(0.0311227, 0.0465127, 0), \
                           ValErr(0.0001029, 0.000181325, 0), \
                           ValErr(0.000180271, 0.000174007, 0), \
                           ValErr(-5.35952e-05, 0.000122583, 0), \
                           -69369.4, 23914, 23914, -nan)
reports[-1].sigmax = ValErr(0.884192, 0.00404301, 0)
reports[-1].sigmay = ValErr(1.20441, 0.00550726, 0)
reports[-1].sigmadxdz = ValErr(0, 0, 0)
reports[-1].sigmadydz = ValErr(0, 0, 0)
reports[-1].add_stats(-0.075653, -0.124227, 0.000300042, -5.17678e-06, -0.0739394, -0.123399, 0.000302802, -0.000850485, -0.0739394, -0.123399, 0.000302802, -0.000850485, -0.0747157, -0.120689, 0.000299957, -0.000885161, -0.0747157, -0.120689, 0.000299957, -0.000885161, 0.884198, 1.20452, 0.00372133, 0.0253935, 0.884198, 1.20452, 0.00372133, 0.0253935)
reports[-1].CovMatrix = ['3.8429e-05','-9.09076e-05','8.83783e-05','-1.5537e-07','-4.02631e-08','-1.43884e-07','1.8555e-08','-8.42557e-09','0','0','0','0','-9.09076e-05','0.00235407','-0.00222555','4.05196e-06','4.20777e-07','5.06323e-08','9.32532e-08','-2.2855e-08','0','0','0','0','8.83783e-05','-0.00222555','0.00216343','-3.62277e-06','-3.9685e-07','-5.90961e-08','-9.1377e-08','6.92389e-08','0','0','0','0','-1.5537e-07','4.05196e-06','-3.62277e-06','3.28789e-08','3.7998e-10','-8.08086e-10','2.74634e-11','9.58523e-10','0','0','0','0','-4.02631e-08','4.20777e-07','-3.9685e-07','3.7998e-10','3.02786e-08','1.45084e-08','1.07583e-09','3.95248e-10','0','0','0','0','-1.43884e-07','5.06323e-08','-5.90961e-08','-8.08086e-10','1.45084e-08','1.50266e-08','2.60324e-10','8.19583e-10','0','0','0','0','1.8555e-08','9.32532e-08','-9.1377e-08','2.74634e-11','1.07583e-09','2.60324e-10','1.6346e-05','-1.39868e-11','0','0','0','0','-8.42557e-09','-2.2855e-08','6.92389e-08','9.58523e-10','3.95248e-10','8.19583e-10','-1.39868e-11','3.03299e-05','0','0','0','0','0','0','0','0','0','0','0','0','0','0','0','0','0','0','0','0','0','0','0','0','0','0','0','0','0','0','0','0','0','0','0','0','0','0','0','0','0','0','0','0','0','0','0','0','0','0','0','0']

reports.append(Report(579895296, ("DT", -2, 2, 4), "MBwhAst2sec04"))
reports[-1].posNum = 28280
reports[-1].negNum = 0
reports[-1].fittype = "6DOF"
reports[-1].add_parameters(ValErr(0.00382581, 0.00569446, 0), \
                           ValErr(-0.0202327, 0.0453818, 0), \
                           ValErr(0.0495037, 0.0434937, 0), \
                           ValErr(0.000162876, 0.000167268, 0), \
                           ValErr(8.82618e-05, 0.000158092, 0), \
                           ValErr(-3.54192e-05, 0.000112839, 0), \
                           -82560.4, 28280, 28280, -nan)
reports[-1].sigmax = ValErr(0.894476, 0.00375623, 0)
reports[-1].sigmay = ValErr(1.21292, 0.00508518, 0)
reports[-1].sigmadxdz = ValErr(0, 0, 0)
reports[-1].sigmadydz = ValErr(0, 0, 0)
reports[-1].add_stats(-0.00283146, 0.030155, 0.000105789, -0.000767994, 0.000852323, 0.0289656, 0.000101214, -0.00138545, 0.000852323, 0.0289656, 0.000101214, -0.00138545, 0.00115749, 0.0387574, 9.93219e-05, -0.00151221, 0.00115749, 0.0387574, 9.93219e-05, -0.00151221, 0.894515, 1.21298, 0.00373381, 0.0253517, 0.894515, 1.21298, 0.00373381, 0.0253517)
