nan = None;  NAN = None
nan = 0
reports = []
class ValErr:
    def __init__(self, value, error, antisym):
        self.value, self.error, self.antisym = value, error, antisym

    def __repr__(self):
        if self.antisym == 0.:
            return "%g +- %g" % (self.value, self.error)
        else:
            return "%g +- %g ~ %g" % (self.value, self.error, self.antisym)

class Report:
    def __init__(self, chamberId, postal_address, name):
        self.chamberId, self.postal_address, self.name = chamberId, postal_address, name
        self.status = "NOFIT"
        self.fittype = None
        self.CovMatrix = None

    def add_parameters(self, deltax, deltay, deltaz, deltaphix, deltaphiy, deltaphiz, loglikelihood, numsegments, sumofweights, redchi2):
        self.status = "PASS"
        self.deltax, self.deltay, self.deltaz, self.deltaphix, self.deltaphiy, self.deltaphiz = deltax, deltay, deltaz, deltaphix, deltaphiy, deltaphiz
        self.loglikelihood, self.numsegments, self.sumofweights, self.redchi2 = loglikelihood, numsegments, sumofweights, redchi2

    def add_stats(self, median_x, median_y, median_dxdz, median_dydz, mean30_x, mean30_y, mean20_dxdz, mean50_dydz, mean15_x, mean15_y, mean10_dxdz, mean25_dydz, wmean30_x, wmean30_y, wmean20_dxdz, wmean50_dydz, wmean15_x, wmean15_y, wmean10_dxdz, wmean25_dydz, stdev30_x, stdev30_y, stdev20_dxdz, stdev50_dydz, stdev15_x, stdev15_y, stdev10_dxdz, stdev25_dydz):
        self.median_x, self.median_y, self.median_dxdz, self.median_dydz, self.mean30_x, self.mean30_y, self.mean20_dxdz, self.mean50_dydz, self.mean15_x, self.mean15_y, self.mean10_dxdz, self.mean25_dydz, self.wmean30_x, self.wmean30_y, self.wmean20_dxdz, self.wmean50_dydz, self.wmean15_x, self.wmean15_y, self.wmean10_dxdz, self.wmean25_dydz, self.stdev30_x, self.stdev30_y, self.stdev20_dxdz, self.stdev50_dydz, self.stdev15_x, self.stdev15_y, self.stdev10_dxdz, self.stdev25_dydz = median_x, median_y, median_dxdz, median_dydz, mean30_x, mean30_y, mean20_dxdz, mean50_dydz, mean15_x, mean15_y, mean10_dxdz, mean25_dydz, wmean30_x, wmean30_y, wmean20_dxdz, wmean50_dydz, wmean15_x, wmean15_y, wmean10_dxdz, wmean25_dydz, stdev30_x, stdev30_y, stdev20_dxdz, stdev50_dydz, stdev15_x, stdev15_y, stdev10_dxdz, stdev25_dydz

    def __repr__(self):
        return "<Report %s %s %s>" % (self.postal_address[0], " ".join(map(str, self.postal_address[1:])), self.status)

reports.append(Report(574914560, ("DT", -2, 1, 1), "MBwhAst1sec01"))
reports[-1].posNum = 40630
reports[-1].negNum = 0
reports[-1].fittype = "6DOF"
reports[-1].add_parameters(ValErr(-0.0851167, 0.00436068, 0), \
                           ValErr(0.170483, 0.0356203, 0), \
                           ValErr(0.0347293, 0.0288757, 0), \
                           ValErr(2.2533e-06, 9.92187e-05, 0), \
                           ValErr(0.000185084, 0.000105161, 0), \
                           ValErr(4.30712e-05, 7.05476e-05, 0), \
                           -99454.5, 40630, 40630, -nan)
reports[-1].sigmax = ValErr(0.67545, 0.00236949, 0)
reports[-1].sigmay = ValErr(1.00231, 0.00351613, 0)
reports[-1].sigmadxdz = ValErr(0, 0, 0)
reports[-1].sigmadydz = ValErr(0, 0, 0)
reports[-1].add_stats(-0.0844612, 0.217998, 0.000116955, -0.00230992, -0.0821858, 0.211999, 0.000108937, -0.00133819, -0.0821858, 0.211999, 0.000108937, -0.00133819, -0.0782167, 0.217369, 9.33923e-05, -0.0014648, -0.0782167, 0.217369, 9.33923e-05, -0.0014648, 0.675459, 1.00236, 0.00347389, 0.031372, 0.675459, 1.00236, 0.00347389, 0.031372)
reports[-1].CovMatrix = ['1.90156e-05','9.04051e-05','-7.40584e-05','1.30235e-07','-3.64725e-08','-6.53159e-08','1.18302e-08','-2.05947e-09','0','0','0','0','9.04051e-05','0.0012688','-0.00101763','1.86947e-06','-2.47255e-07','8.0566e-08','7.2757e-08','3.95478e-08','0','0','0','0','-7.40584e-05','-0.00101763','0.000833804','-1.43034e-06','1.96514e-07','-5.85444e-08','-6.02416e-08','-1.60907e-08','0','0','0','0','1.30235e-07','1.86947e-06','-1.43034e-06','9.84434e-09','-2.2777e-10','6.81156e-10','7.95214e-11','4.04506e-10','0','0','0','0','-3.64725e-08','-2.47255e-07','1.96514e-07','-2.2777e-10','1.10589e-08','4.00145e-09','3.68038e-10','-5.9812e-11','0','0','0','0','-6.53159e-08','8.0566e-08','-5.85444e-08','6.81156e-10','4.00145e-09','4.97697e-09','8.36527e-11','2.12594e-10','0','0','0','0','1.18302e-08','7.2757e-08','-6.02416e-08','7.95214e-11','3.68038e-10','8.36527e-11','5.61447e-06','-5.6103e-12','0','0','0','0','-2.05947e-09','3.95478e-08','-1.60907e-08','4.04506e-10','-5.9812e-11','2.12594e-10','-5.6103e-12','1.23632e-05','0','0','0','0','0','0','0','0','0','0','0','0','0','0','0','0','0','0','0','0','0','0','0','0','0','0','0','0','0','0','0','0','0','0','0','0','0','0','0','0','0','0','0','0','0','0','0','0','0','0','0','0']

reports.append(Report(575176704, ("DT", -2, 1, 2), "MBwhAst1sec02"))
reports[-1].posNum = 26615
reports[-1].negNum = 0
reports[-1].fittype = "6DOF"
reports[-1].add_parameters(ValErr(0.00950206, 0.00527878, 0), \
                           ValErr(-0.0848252, 0.0437414, 0), \
                           ValErr(0.0204806, 0.0354012, 0), \
                           ValErr(-8.46795e-05, 0.000118146, 0), \
                           ValErr(0.000430878, 0.000131595, 0), \
                           ValErr(7.21623e-07, 8.33788e-05, 0), \
                           -64910.1, 26615, 26615, -nan)
reports[-1].sigmax = ValErr(0.66791, 0.00289495, 0)
reports[-1].sigmay = ValErr(1.00459, 0.00435423, 0)
reports[-1].sigmadxdz = ValErr(0, 0, 0)
reports[-1].sigmadydz = ValErr(0, 0, 0)
reports[-1].add_stats(0.0125217, -0.0561697, 0.000906313, -0.00292542, 0.00936534, -0.0569794, 0.000938389, -0.00166477, 0.00936534, -0.0569794, 0.000938389, -0.00166477, 0.00852353, -0.0529188, 0.000929206, -0.00181084, 0.00852353, -0.0529188, 0.000929206, -0.00181084, 0.667895, 1.00489, 0.00342063, 0.0332682, 0.667895, 1.00489, 0.00342063, 0.0332682)
reports[-1].CovMatrix = ['2.78655e-05','0.000126958','-0.000104049','1.77928e-07','-7.44618e-08','-1.20766e-07','1.55654e-08','-2.43379e-09','0','0','0','0','0.000126958','0.00191331','-0.00153123','2.76935e-06','-4.97664e-07','4.66997e-08','3.81821e-08','1.60512e-07','0','0','0','0','-0.000104049','-0.00153123','0.00125324','-2.09312e-06','3.68415e-07','-2.54846e-08','-3.3288e-08','-1.04248e-07','0','0','0','0','1.77928e-07','2.76935e-06','-2.09312e-06','1.39585e-08','-3.46584e-10','7.85976e-10','5.49056e-11','6.97354e-10','0','0','0','0','-7.44618e-08','-4.97664e-07','3.68415e-07','-3.46584e-10','1.73173e-08','5.69768e-09','5.18261e-10','-7.56187e-11','0','0','0','0','-1.20766e-07','4.66997e-08','-2.54846e-08','7.85976e-10','5.69768e-09','6.95203e-09','-6.1497e-11','5.48788e-10','0','0','0','0','1.55654e-08','3.81821e-08','-3.3288e-08','5.49056e-11','5.18261e-10','-6.1497e-11','8.38071e-06','-2.39935e-11','0','0','0','0','-2.43379e-09','1.60512e-07','-1.04248e-07','6.97354e-10','-7.56187e-11','5.48788e-10','-2.39935e-11','1.89593e-05','0','0','0','0','0','0','0','0','0','0','0','0','0','0','0','0','0','0','0','0','0','0','0','0','0','0','0','0','0','0','0','0','0','0','0','0','0','0','0','0','0','0','0','0','0','0','0','0','0','0','0','0']

reports.append(Report(575438848, ("DT", -2, 1, 3), "MBwhAst1sec03"))
reports[-1].posNum = 29612
reports[-1].negNum = 0
reports[-1].fittype = "6DOF"
reports[-1].add_parameters(ValErr(-0.030628, 0.00529699, 0), \
                           ValErr(-0.0745617, 0.0405541, 0), \
                           ValErr(-0.021247, 0.0329228, 0), \
                           ValErr(-0.000207452, 0.000112041, 0), \
                           ValErr(0.000281096, 0.000119234, 0), \
                           ValErr(-4.45379e-05, 8.08958e-05, 0), \
                           -71680.8, 29612, 29612, -nan)
reports[-1].sigmax = ValErr(0.668701, 0.00274779, 0)
reports[-1].sigmay = ValErr(0.985315, 0.0040488, 0)
reports[-1].sigmadxdz = ValErr(0, 0, 0)
reports[-1].sigmadydz = ValErr(0, 0, 0)
reports[-1].add_stats(-0.0342526, -0.0983964, 0.000117483, -0.00265163, -0.0347737, -0.0960897, 0.000142362, -0.0017277, -0.0347737, -0.0960897, 0.000142362, -0.0017277, -0.0307342, -0.0930034, 0.000127427, -0.0018543, -0.0307342, -0.0930034, 0.000127427, -0.0018543, 0.668723, 0.985571, 0.00343127, 0.0323114, 0.668723, 0.985571, 0.00343127, 0.0323114)
reports[-1].CovMatrix = ['2.80582e-05','0.000130082','-0.000106601','1.81581e-07','-7.78172e-08','-1.20329e-07','8.83211e-09','7.64519e-09','0','0','0','0','0.000130082','0.00164464','-0.00131991','2.39239e-06','-3.99305e-07','-8.60863e-09','2.52166e-08','1.60508e-07','0','0','0','0','-0.000106601','-0.00131991','0.00108391','-1.79433e-06','3.60968e-07','2.15529e-08','-1.45428e-08','-1.16753e-07','0','0','0','0','1.81581e-07','2.39239e-06','-1.79433e-06','1.25533e-08','1.58123e-11','8.05653e-10','3.76456e-10','1.72878e-10','0','0','0','0','-7.78172e-08','-3.99305e-07','3.60968e-07','1.58123e-11','1.42167e-08','5.31415e-09','5.94582e-12','6.57085e-10','0','0','0','0','-1.20329e-07','-8.60863e-09','2.15529e-08','8.05653e-10','5.31415e-09','6.54414e-09','6.68927e-11','3.31529e-10','0','0','0','0','8.83211e-09','2.52166e-08','-1.45428e-08','3.76456e-10','5.94582e-12','6.68927e-11','7.55033e-06','9.05131e-13','0','0','0','0','7.64519e-09','1.60508e-07','-1.16753e-07','1.72878e-10','6.57085e-10','3.31529e-10','9.05131e-13','1.63928e-05','0','0','0','0','0','0','0','0','0','0','0','0','0','0','0','0','0','0','0','0','0','0','0','0','0','0','0','0','0','0','0','0','0','0','0','0','0','0','0','0','0','0','0','0','0','0','0','0','0','0','0','0']

reports.append(Report(575700992, ("DT", -2, 1, 4), "MBwhAst1sec04"))
reports[-1].posNum = 41405
reports[-1].negNum = 0
reports[-1].fittype = "6DOF"
reports[-1].add_parameters(ValErr(-0.101177, 0.00421776, 0), \
                           ValErr(0.116099, 0.036273, 0), \
                           ValErr(-0.073712, 0.0293523, 0), \
                           ValErr(0.000190621, 9.71243e-05, 0), \
                           ValErr(-7.37493e-05, 0.000105337, 0), \
                           ValErr(0.000342815, 6.85172e-05, 0), \
                           -101098, 41405, 41405, -nan)
reports[-1].sigmax = ValErr(0.672933, 0.00233846, 0)
reports[-1].sigmay = ValErr(0.999924, 0.00347478, 0)
reports[-1].sigmadxdz = ValErr(0, 0, 0)
reports[-1].sigmadydz = ValErr(0, 0, 0)
reports[-1].add_stats(-0.104745, 0.0168888, 0.000538139, -0.00290805, -0.102001, 0.0237012, 0.000558197, -0.00198971, -0.102001, 0.0237012, 0.000558197, -0.00198971, -0.104269, 0.0238638, 0.000568923, -0.00202281, -0.104269, 0.0238638, 0.000568923, -0.00202281, 0.673167, 1.00011, 0.00343147, 0.0345032, 0.673167, 1.00011, 0.00343147, 0.0345032)
reports[-1].CovMatrix = ['1.77895e-05','8.82155e-05','-7.21789e-05','1.27469e-07','-2.41766e-08','-4.78878e-08','1.32236e-08','-4.17689e-09','0','0','0','0','8.82155e-05','0.00131573','-0.00105432','1.91875e-06','-2.53364e-07','1.04725e-07','1.02111e-07','-5.55211e-09','0','0','0','0','-7.21789e-05','-0.00105432','0.000861556','-1.49323e-06','1.79029e-07','-8.04623e-08','-8.39535e-08','1.83368e-08','0','0','0','0','1.27469e-07','1.91875e-06','-1.49323e-06','9.43314e-09','-3.3487e-10','6.43082e-10','1.4313e-10','2.7132e-10','0','0','0','0','-2.41766e-08','-2.53364e-07','1.79029e-07','-3.3487e-10','1.10959e-08','3.77777e-09','1.4658e-10','2.43505e-10','0','0','0','0','-4.78878e-08','1.04725e-07','-8.04623e-08','6.43082e-10','3.77777e-09','4.69461e-09','3.66531e-11','2.68202e-10','0','0','0','0','1.32236e-08','1.02111e-07','-8.39535e-08','1.4313e-10','1.4658e-10','3.66531e-11','5.46839e-06','3.35179e-13','0','0','0','0','-4.17689e-09','-5.55211e-09','1.83368e-08','2.7132e-10','2.43505e-10','2.68202e-10','3.35179e-13','1.20741e-05','0','0','0','0','0','0','0','0','0','0','0','0','0','0','0','0','0','0','0','0','0','0','0','0','0','0','0','0','0','0','0','0','0','0','0','0','0','0','0','0','0','0','0','0','0','0','0','0','0','0','0','0']

reports.append(Report(575963136, ("DT", -2, 1, 5), "MBwhAst1sec05"))
reports[-1].posNum = 36923
reports[-1].negNum = 0
reports[-1].fittype = "6DOF"
reports[-1].add_parameters(ValErr(0.0250003, 0.00467993, 0), \
                           ValErr(0.0355395, 0.0381077, 0), \
                           ValErr(-0.0619295, 0.0309412, 0), \
                           ValErr(-0.000170366, 0.000101711, 0), \
                           ValErr(0.000173962, 0.000111557, 0), \
                           ValErr(-0.000154538, 7.1701e-05, 0), \
                           -89751.1, 36923, 36923, -nan)
reports[-1].sigmax = ValErr(0.670105, 0.00246592, 0)
reports[-1].sigmay = ValErr(0.993231, 0.003655, 0)
reports[-1].sigmadxdz = ValErr(0, 0, 0)
reports[-1].sigmadydz = ValErr(0, 0, 0)
reports[-1].add_stats(0.0128302, -0.030036, -0.000138813, -0.000657128, 0.0159257, -0.0359252, -0.000130408, -0.000698985, 0.0159257, -0.0359252, -0.000130408, -0.000698985, 0.0179956, -0.0384413, -0.000141641, -0.000973676, 0.0179956, -0.0384413, -0.000141641, -0.000973676, 0.670184, 0.993503, 0.00343239, 0.0340636, 0.670184, 0.993503, 0.00343239, 0.0340636)
reports[-1].CovMatrix = ['2.19017e-05','0.000110384','-9.04464e-05','1.57645e-07','-4.59189e-08','-7.29715e-08','6.53656e-09','8.32855e-09','0','0','0','0','0.000110384','0.00145219','-0.00116742','2.11133e-06','-3.94176e-07','-2.03374e-08','1.89418e-08','1.34271e-07','0','0','0','0','-9.04464e-05','-0.00116742','0.000957358','-1.63352e-06','3.37723e-07','2.50859e-08','-1.53777e-08','-9.35764e-08','0','0','0','0','1.57645e-07','2.11133e-06','-1.63352e-06','1.03452e-08','-1.89713e-11','5.94351e-10','4.93144e-11','4.90609e-10','0','0','0','0','-4.59189e-08','-3.94176e-07','3.37723e-07','-1.89713e-11','1.24449e-08','4.16384e-09','-1.50715e-10','7.6281e-10','0','0','0','0','-7.29715e-08','-2.03374e-08','2.50859e-08','5.94351e-10','4.16384e-09','5.14103e-09','4.45228e-11','2.70051e-10','0','0','0','0','6.53656e-09','1.89418e-08','-1.53777e-08','4.93144e-11','-1.50715e-10','4.45228e-11','6.08078e-06','-7.04837e-12','0','0','0','0','8.32855e-09','1.34271e-07','-9.35764e-08','4.90609e-10','7.6281e-10','2.70051e-10','-7.04837e-12','1.3359e-05','0','0','0','0','0','0','0','0','0','0','0','0','0','0','0','0','0','0','0','0','0','0','0','0','0','0','0','0','0','0','0','0','0','0','0','0','0','0','0','0','0','0','0','0','0','0','0','0','0','0','0','0']

reports.append(Report(576225280, ("DT", -2, 1, 6), "MBwhAst1sec06"))
reports[-1].posNum = 31193
reports[-1].negNum = 0
reports[-1].fittype = "6DOF"
reports[-1].add_parameters(ValErr(0.0154387, 0.00540179, 0), \
                           ValErr(-0.0577748, 0.040723, 0), \
                           ValErr(0.0915336, 0.0330395, 0), \
                           ValErr(0.000367955, 0.00011143, 0), \
                           ValErr(1.81627e-05, 0.000120775, 0), \
                           ValErr(2.10795e-05, 8.03742e-05, 0), \
                           -75991.7, 31193, 31193, -nan)
reports[-1].sigmax = ValErr(0.673491, 0.00268997, 0)
reports[-1].sigmay = ValErr(0.993601, 0.00398003, 0)
reports[-1].sigmadxdz = ValErr(0, 0, 0)
reports[-1].sigmadydz = ValErr(0, 0, 0)
reports[-1].add_stats(0.0240568, 0.0496715, -8.28208e-05, -0.00377259, 0.0242986, 0.0421033, -9.10728e-05, -0.00273592, 0.0242986, 0.0421033, -9.10728e-05, -0.00273592, 0.0265034, 0.0404184, -9.451e-05, -0.00288583, 0.0265034, 0.0404184, -9.451e-05, -0.00288583, 0.673544, 0.994102, 0.00343754, 0.0324731, 0.673544, 0.994102, 0.00343754, 0.0324731)
reports[-1].CovMatrix = ['2.91793e-05','0.000139715','-0.000114284','1.92812e-07','-8.88638e-08','-1.28909e-07','7.22058e-08','6.77837e-09','0','0','0','0','0.000139715','0.00165836','-0.00133042','2.40123e-06','-4.45836e-07','-5.49233e-08','7.27965e-07','6.30204e-08','0','0','0','0','-0.000114284','-0.00133042','0.00109161','-1.79245e-06','4.24796e-07','6.11132e-08','-5.83692e-07','-6.59249e-08','0','0','0','0','1.92812e-07','2.40123e-06','-1.79245e-06','1.24166e-08','1.31891e-10','7.96739e-10','1.34514e-09','-5.43824e-11','0','0','0','0','-8.88638e-08','-4.45836e-07','4.24796e-07','1.31891e-10','1.45866e-08','5.25366e-09','2.11592e-10','-5.98598e-10','0','0','0','0','-1.28909e-07','-5.49233e-08','6.11132e-08','7.96739e-10','5.25366e-09','6.46001e-09','-2.21722e-10','-2.79639e-10','0','0','0','0','7.22058e-08','7.27965e-07','-5.83692e-07','1.34514e-09','2.11592e-10','-2.21722e-10','7.23592e-06','-8.06661e-09','0','0','0','0','6.77837e-09','6.30204e-08','-6.59249e-08','-5.43824e-11','-5.98598e-10','-2.79639e-10','-8.06661e-09','1.58407e-05','0','0','0','0','0','0','0','0','0','0','0','0','0','0','0','0','0','0','0','0','0','0','0','0','0','0','0','0','0','0','0','0','0','0','0','0','0','0','0','0','0','0','0','0','0','0','0','0','0','0','0','0']

reports.append(Report(576487424, ("DT", -2, 1, 7), "MBwhAst1sec07"))
reports[-1].posNum = 42707
reports[-1].negNum = 0
reports[-1].fittype = "6DOF"
reports[-1].add_parameters(ValErr(-0.0442215, 0.00425477, 0), \
                           ValErr(0.0317004, 0.0355796, 0), \
                           ValErr(0.13971, 0.0288438, 0), \
                           ValErr(-1.84803e-05, 9.77393e-05, 0), \
                           ValErr(0.000293119, 0.000105085, 0), \
                           ValErr(-0.000133243, 6.99994e-05, 0), \
                           -104316, 42707, 42707, -nan)
reports[-1].sigmax = ValErr(0.676384, 0.00231435, 0)
reports[-1].sigmay = ValErr(0.995722, 0.00340702, 0)
reports[-1].sigmadxdz = ValErr(0, 0, 0)
reports[-1].sigmadydz = ValErr(0, 0, 0)
reports[-1].add_stats(-0.038404, 0.207781, 0.00022211, -0.0013147, -0.0358165, 0.199676, 0.000212457, -0.00166843, -0.0358165, 0.199676, 0.000212457, -0.00166843, -0.0349079, 0.199016, 0.00020976, -0.00179631, -0.0349079, 0.199016, 0.00020976, -0.00179631, 0.67657, 0.996057, 0.0034497, 0.0321774, 0.67657, 0.996057, 0.0034497, 0.0321774)
reports[-1].CovMatrix = ['1.81031e-05','8.852e-05','-7.25112e-05','1.26935e-07','-3.75652e-08','-6.33941e-08','9.83068e-09','8.87656e-11','0','0','0','0','8.852e-05','0.00126591','-0.00101605','1.85216e-06','-2.81065e-07','4.61179e-08','7.24013e-08','3.33358e-08','0','0','0','0','-7.25112e-05','-0.00101605','0.000831962','-1.42448e-06','2.18255e-07','-3.07635e-08','-5.87906e-08','-1.40655e-08','0','0','0','0','1.26935e-07','1.85216e-06','-1.42448e-06','9.55297e-09','-1.61226e-10','6.03168e-10','1.25055e-10','3.11421e-10','0','0','0','0','-3.75652e-08','-2.81065e-07','2.18255e-07','-1.61226e-10','1.10429e-08','3.98608e-09','-7.10742e-11','5.75955e-10','0','0','0','0','-6.33941e-08','4.61179e-08','-3.07635e-08','6.03168e-10','3.98608e-09','4.89992e-09','5.09185e-11','2.45748e-10','0','0','0','0','9.83068e-09','7.24013e-08','-5.87906e-08','1.25055e-10','-7.10742e-11','5.09185e-11','5.35621e-06','-6.36006e-13','0','0','0','0','8.87656e-11','3.33358e-08','-1.40655e-08','3.11421e-10','5.75955e-10','2.45748e-10','-6.36006e-13','1.16078e-05','0','0','0','0','0','0','0','0','0','0','0','0','0','0','0','0','0','0','0','0','0','0','0','0','0','0','0','0','0','0','0','0','0','0','0','0','0','0','0','0','0','0','0','0','0','0','0','0','0','0','0','0']

reports.append(Report(576749568, ("DT", -2, 1, 8), "MBwhAst1sec08"))
reports[-1].posNum = 37865
reports[-1].negNum = 0
reports[-1].fittype = "6DOF"
reports[-1].add_parameters(ValErr(0.0269855, 0.00447261, 0), \
                           ValErr(0.0543877, 0.0375454, 0), \
                           ValErr(-0.0334184, 0.0304508, 0), \
                           ValErr(-0.000125766, 0.000102063, 0), \
                           ValErr(0.000363685, 0.000110709, 0), \
                           ValErr(-2.80997e-05, 7.21889e-05, 0), \
                           -92175.8, 37865, 37865, -nan)
reports[-1].sigmax = ValErr(0.669933, 0.0024349, 0)
reports[-1].sigmay = ValErr(0.997032, 0.00362675, 0)
reports[-1].sigmadxdz = ValErr(0, 0, 0)
reports[-1].sigmadydz = ValErr(0, 0, 0)
reports[-1].add_stats(0.0239854, 0.0242109, 0.000894302, -0.00146003, 0.0221702, 0.017772, 0.000903903, -0.00107274, 0.0221702, 0.017772, 0.000903903, -0.00107274, 0.0219622, 0.0187084, 0.000898823, -0.0012077, 0.0219622, 0.0187084, 0.000898823, -0.0012077, 0.669958, 0.997307, 0.00342955, 0.0335316, 0.669958, 0.997307, 0.00342955, 0.0335316)
reports[-1].CovMatrix = ['2.00043e-05','9.72478e-05','-7.97498e-05','1.37953e-07','-4.73066e-08','-7.82977e-08','-7.5969e-09','9.91529e-10','0','0','0','0','9.72478e-05','0.00140965','-0.00113166','2.04814e-06','-3.80097e-07','-2.96317e-08','-9.41501e-08','-2.90322e-08','0','0','0','0','-7.97498e-05','-0.00113166','0.000927248','-1.5727e-06','2.9945e-07','3.34028e-08','8.68748e-08','-8.11005e-09','0','0','0','0','1.37953e-07','2.04814e-06','-1.5727e-06','1.04168e-08','8.91505e-11','5.66373e-10','5.89433e-11','-2.36065e-10','0','0','0','0','-4.73066e-08','-3.80097e-07','2.9945e-07','8.91505e-11','1.22565e-08','4.25194e-09','-3.97568e-11','2.01402e-11','0','0','0','0','-7.82977e-08','-2.96317e-08','3.34028e-08','5.66373e-10','4.25194e-09','5.21124e-09','-2.04621e-13','-1.29953e-10','0','0','0','0','-7.5969e-09','-9.41501e-08','8.68748e-08','5.89433e-11','-3.97568e-11','-2.04621e-13','5.92876e-06','-4.18432e-09','0','0','0','0','9.91529e-10','-2.90322e-08','-8.11005e-09','-2.36065e-10','2.01402e-11','-1.29953e-10','-4.18432e-09','1.31533e-05','0','0','0','0','0','0','0','0','0','0','0','0','0','0','0','0','0','0','0','0','0','0','0','0','0','0','0','0','0','0','0','0','0','0','0','0','0','0','0','0','0','0','0','0','0','0','0','0','0','0','0','0']

reports.append(Report(577011712, ("DT", -2, 1, 9), "MBwhAst1sec09"))
reports[-1].posNum = 25054
reports[-1].negNum = 0
reports[-1].fittype = "6DOF"
reports[-1].add_parameters(ValErr(-0.0351292, 0.00530136, 0), \
                           ValErr(-0.0719336, 0.0448462, 0), \
                           ValErr(0.0139304, 0.0363515, 0), \
                           ValErr(7.29316e-05, 0.000121693, 0), \
                           ValErr(1.47873e-05, 0.000130423, 0), \
                           ValErr(0.000161104, 8.64309e-05, 0), \
                           -60876.6, 25054, 25054, -nan)
reports[-1].sigmax = ValErr(0.670635, 0.00299594, 0)
reports[-1].sigmay = ValErr(0.991502, 0.00442934, 0)
reports[-1].sigmadxdz = ValErr(0, 0, 0)
reports[-1].sigmadydz = ValErr(0, 0, 0)
reports[-1].add_stats(-0.0307947, -0.0492108, 2.25457e-05, -0.00324487, -0.0314634, -0.0569248, 2.79421e-05, -0.00211893, -0.0314634, -0.0569248, 2.79421e-05, -0.00211893, -0.0332566, -0.0600649, 3.95672e-05, -0.00231699, -0.0332566, -0.0600649, 3.95672e-05, -0.00231699, 0.670679, 0.991547, 0.00344131, 0.0333619, 0.670679, 0.991547, 0.00344131, 0.0333619)
reports[-1].CovMatrix = ['2.81044e-05','0.000130043','-0.000106695','1.89422e-07','-3.42096e-08','-7.75198e-08','1.03032e-08','8.79623e-09','0','0','0','0','0.000130043','0.00201118','-0.0016131','2.96214e-06','-2.63541e-07','2.90692e-07','2.45803e-08','1.992e-07','0','0','0','0','-0.000106695','-0.0016131','0.00132143','-2.29186e-06','1.58627e-07','-2.30253e-07','-1.4583e-08','-1.49859e-07','0','0','0','0','1.89422e-07','2.96214e-06','-2.29186e-06','1.48091e-08','-7.5612e-10','1.15848e-09','4.31711e-10','1.36001e-10','0','0','0','0','-3.42096e-08','-2.63541e-07','1.58627e-07','-7.5612e-10','1.70102e-08','5.97403e-09','-1.34583e-10','9.27781e-10','0','0','0','0','-7.75198e-08','2.90692e-07','-2.30253e-07','1.15848e-09','5.97403e-09','7.4703e-09','3.82273e-11','4.74169e-10','0','0','0','0','1.03032e-08','2.45803e-08','-1.4583e-08','4.31711e-10','-1.34583e-10','3.82273e-11','8.97567e-06','-8.23463e-12','0','0','0','0','8.79623e-09','1.992e-07','-1.49859e-07','1.36001e-10','9.27781e-10','4.74169e-10','-8.23463e-12','1.9619e-05','0','0','0','0','0','0','0','0','0','0','0','0','0','0','0','0','0','0','0','0','0','0','0','0','0','0','0','0','0','0','0','0','0','0','0','0','0','0','0','0','0','0','0','0','0','0','0','0','0','0','0','0']

reports.append(Report(577273856, ("DT", -2, 1, 10), "MBwhAst1sec10"))
reports[-1].posNum = 27396
reports[-1].negNum = 0
reports[-1].fittype = "6DOF"
reports[-1].add_parameters(ValErr(0.0391437, 0.00504687, 0), \
                           ValErr(0.123989, 0.0445976, 0), \
                           ValErr(-0.0238802, 0.0362231, 0), \
                           ValErr(-7.82059e-06, 0.000113946, 0), \
                           ValErr(0.000151348, 0.000125638, 0), \
                           ValErr(0.000307437, 7.86711e-05, 0), \
                           -66656.3, 27396, 27396, -nan)
reports[-1].sigmax = ValErr(0.671928, 0.00287054, 0)
reports[-1].sigmay = ValErr(0.992819, 0.00424142, 0)
reports[-1].sigmadxdz = ValErr(0, 0, 0)
reports[-1].sigmadydz = ValErr(0, 0, 0)
reports[-1].add_stats(0.0407986, 0.0999231, 5.40685e-05, -0.00166969, 0.0396877, 0.0947064, 6.38196e-05, -0.000114963, 0.0396877, 0.0947064, 6.38196e-05, -0.000114963, 0.0421467, 0.0911662, 4.19638e-05, 2.91112e-05, 0.0421467, 0.0911662, 4.19638e-05, 2.91112e-05, 0.672118, 0.992848, 0.00343906, 0.0331345, 0.672118, 0.992848, 0.00343906, 0.0331345)
reports[-1].CovMatrix = ['2.54709e-05','0.000128546','-0.000105602','1.90673e-07','3.68706e-09','-2.44075e-08','1.802e-08','-1.54943e-09','0','0','0','0','0.000128546','0.00198894','-0.00160048','2.90741e-06','-2.95264e-07','2.37386e-07','1.46274e-07','1.23935e-10','0','0','0','0','-0.000105602','-0.00160048','0.00131211','-2.33643e-06','1.86135e-07','-1.92357e-07','-1.19405e-07','1.50588e-08','0','0','0','0','1.90673e-07','2.90741e-06','-2.33643e-06','1.29838e-08','-5.79985e-10','9.70195e-10','5.0147e-10','-9.12974e-11','0','0','0','0','3.68706e-09','-2.95264e-07','1.86135e-07','-5.79985e-10','1.5785e-08','4.96634e-09','3.78525e-10','1.06892e-10','0','0','0','0','-2.44075e-08','2.37386e-07','-1.92357e-07','9.70195e-10','4.96634e-09','6.18914e-09','2.69319e-10','6.92407e-11','0','0','0','0','1.802e-08','1.46274e-07','-1.19405e-07','5.0147e-10','3.78525e-10','2.69319e-10','8.24003e-06','1.4088e-13','0','0','0','0','-1.54943e-09','1.23935e-10','1.50588e-08','-9.12974e-11','1.06892e-10','6.92407e-11','1.4088e-13','1.79896e-05','0','0','0','0','0','0','0','0','0','0','0','0','0','0','0','0','0','0','0','0','0','0','0','0','0','0','0','0','0','0','0','0','0','0','0','0','0','0','0','0','0','0','0','0','0','0','0','0','0','0','0','0']

reports.append(Report(577536000, ("DT", -2, 1, 11), "MBwhAst1sec11"))
reports[-1].posNum = 28485
reports[-1].negNum = 0
reports[-1].fittype = "6DOF"
reports[-1].add_parameters(ValErr(0.0585751, 0.00529754, 0), \
                           ValErr(0.166412, 0.0447106, 0), \
                           ValErr(-0.0914293, 0.0362477, 0), \
                           ValErr(0.000526355, 0.00011453, 0), \
                           ValErr(-0.00040818, 0.000127828, 0), \
                           ValErr(-1.73007e-05, 8.0038e-05, 0), \
                           -69942.4, 28485, 28485, -nan)
reports[-1].sigmax = ValErr(0.678211, 0.00284147, 0)
reports[-1].sigmay = ValErr(1.00585, 0.00421415, 0)
reports[-1].sigmadxdz = ValErr(0, 0, 0)
reports[-1].sigmadydz = ValErr(0, 0, 0)
reports[-1].add_stats(0.0509171, 0.0590978, -0.000587905, -0.0030048, 0.0513305, 0.0531186, -0.000593046, -0.00255409, 0.0513305, 0.0531186, -0.000593046, -0.00255409, 0.0524514, 0.052075, -0.000602278, -0.00278604, 0.0524514, 0.052075, -0.000602278, -0.00278604, 0.67825, 1.00637, 0.00346202, 0.0339148, 0.67825, 1.00637, 0.00346202, 0.0339148)
reports[-1].CovMatrix = ['2.80639e-05','0.000149916','-0.000122555','2.17649e-07','-9.45047e-09','-3.29404e-08','2.56619e-08','-1.09085e-08','0','0','0','0','0.000149916','0.00199904','-0.00160606','2.86369e-06','-4.63882e-07','5.07218e-08','2.59058e-07','-1.71637e-07','0','0','0','0','-0.000122555','-0.00160606','0.00131389','-2.29966e-06','3.98523e-07','-3.74703e-08','-2.0962e-07','1.55014e-07','0','0','0','0','2.17649e-07','2.86369e-06','-2.29966e-06','1.3117e-08','-2.16194e-11','9.11546e-10','9.19121e-10','-6.87896e-10','0','0','0','0','-9.45047e-09','-4.63882e-07','3.98523e-07','-2.16194e-11','1.63399e-08','5.15159e-09','-1.73298e-11','7.61249e-10','0','0','0','0','-3.29404e-08','5.07218e-08','-3.74703e-08','9.11546e-10','5.15159e-09','6.40608e-09','3.53557e-10','-6.04203e-11','0','0','0','0','2.56619e-08','2.59058e-07','-2.0962e-07','9.19121e-10','-1.73298e-11','3.53557e-10','8.07394e-06','-6.55518e-11','0','0','0','0','-1.09085e-08','-1.71637e-07','1.55014e-07','-6.87896e-10','7.61249e-10','-6.04203e-11','-6.55518e-11','1.7759e-05','0','0','0','0','0','0','0','0','0','0','0','0','0','0','0','0','0','0','0','0','0','0','0','0','0','0','0','0','0','0','0','0','0','0','0','0','0','0','0','0','0','0','0','0','0','0','0','0','0','0','0','0']

reports.append(Report(577798144, ("DT", -2, 1, 12), "MBwhAst1sec12"))
reports[-1].posNum = 36713
reports[-1].negNum = 0
reports[-1].fittype = "6DOF"
reports[-1].add_parameters(ValErr(-0.0123255, 0.00463043, 0), \
                           ValErr(0.129382, 0.0385589, 0), \
                           ValErr(-0.00152867, 0.0312922, 0), \
                           ValErr(-8.25434e-06, 0.000103288, 0), \
                           ValErr(0.000242002, 0.000112461, 0), \
                           ValErr(0.000261214, 7.34366e-05, 0), \
                           -89604.2, 36713, 36713, -nan)
reports[-1].sigmax = ValErr(0.675239, 0.00249193, 0)
reports[-1].sigmay = ValErr(0.995487, 0.00367378, 0)
reports[-1].sigmadxdz = ValErr(0, 0, 0)
reports[-1].sigmadydz = ValErr(0, 0, 0)
reports[-1].add_stats(-0.00754713, 0.135, 0.000786039, -0.00338442, -0.00859581, 0.127763, 0.000764229, -0.0016456, -0.00859581, 0.127763, 0.000764229, -0.0016456, -0.00557158, 0.125998, 0.000755931, -0.00172309, -0.00557158, 0.125998, 0.000755931, -0.00172309, 0.67536, 0.995485, 0.00345442, 0.0318462, 0.67536, 0.995485, 0.00345442, 0.0318462)
reports[-1].CovMatrix = ['2.14409e-05','0.000105158','-8.62012e-05','1.50198e-07','-4.69444e-08','-7.74455e-08','1.89065e-08','-1.06053e-08','0','0','0','0','0.000105158','0.00148679','-0.00119461','2.17342e-06','-3.15265e-07','6.15809e-08','1.41654e-07','-3.90655e-08','0','0','0','0','-8.62012e-05','-0.00119461','0.000979199','-1.67038e-06','2.50246e-07','-4.19374e-08','-1.24252e-07','6.08295e-08','0','0','0','0','1.50198e-07','2.17342e-06','-1.67038e-06','1.06683e-08','-1.78276e-10','6.86936e-10','-3.33246e-10','1.0718e-09','0','0','0','0','-4.69444e-08','-3.15265e-07','2.50246e-07','-1.78276e-10','1.26476e-08','4.38038e-09','2.53574e-10','1.61919e-10','0','0','0','0','-7.74455e-08','6.15809e-08','-4.19374e-08','6.86936e-10','4.38038e-09','5.39293e-09','-4.25499e-11','4.17461e-10','0','0','0','0','1.89065e-08','1.41654e-07','-1.24252e-07','-3.33246e-10','2.53574e-10','-4.25499e-11','6.20969e-06','-9.54044e-11','0','0','0','0','-1.06053e-08','-3.90655e-08','6.08295e-08','1.0718e-09','1.61919e-10','4.17461e-10','-9.54044e-11','1.34967e-05','0','0','0','0','0','0','0','0','0','0','0','0','0','0','0','0','0','0','0','0','0','0','0','0','0','0','0','0','0','0','0','0','0','0','0','0','0','0','0','0','0','0','0','0','0','0','0','0','0','0','0','0']

reports.append(Report(579108864, ("DT", -2, 2, 1), "MBwhAst2sec01"))
reports[-1].posNum = 49215
reports[-1].negNum = 0
reports[-1].fittype = "6DOF"
reports[-1].add_parameters(ValErr(-0.103732, 0.00432671, 0), \
                           ValErr(0.0804247, 0.0341429, 0), \
                           ValErr(-0.00789175, 0.0327503, 0), \
                           ValErr(5.63528e-05, 0.0001246, 0), \
                           ValErr(0.000313643, 0.000118786, 0), \
                           ValErr(-7.76472e-05, 8.35809e-05, 0), \
                           -143859, 49215, 49215, -nan)
reports[-1].sigmax = ValErr(0.892666, 0.00284528, 0)
reports[-1].sigmay = ValErr(1.21986, 0.0038882, 0)
reports[-1].sigmadxdz = ValErr(0, 0, 0)
reports[-1].sigmadydz = ValErr(0, 0, 0)
reports[-1].add_stats(-0.107903, 0.0798399, 0.000223279, 0.000230517, -0.106495, 0.0721923, 0.000230455, -0.000731061, -0.106495, 0.0721923, 0.000230455, -0.000731061, -0.107257, 0.0736782, 0.000239022, -0.000767968, -0.107257, 0.0736782, 0.000239022, -0.000767968, 0.892692, 1.22008, 0.00373919, 0.0259963, 0.892692, 1.22008, 0.00373919, 0.0259963)
reports[-1].CovMatrix = ['1.87204e-05','-4.75484e-05','4.61722e-05','-8.26306e-08','1.57309e-08','-3.40398e-08','8.46896e-09','-7.16314e-11','0','0','0','0','-4.75484e-05','0.00116574','-0.00110329','1.97503e-06','2.25402e-07','5.99912e-08','-2.93495e-08','8.4835e-08','0','0','0','0','4.61722e-05','-0.00110329','0.00107258','-1.83414e-06','-2.26014e-07','-6.17985e-08','2.65224e-08','-5.99575e-08','0','0','0','0','-8.26306e-08','1.97503e-06','-1.83414e-06','1.55251e-08','-1.03011e-10','-4.25346e-10','-3.52195e-10','8.88902e-10','0','0','0','0','1.57309e-08','2.25402e-07','-2.26014e-07','-1.03011e-10','1.41102e-08','6.66973e-09','-1.2112e-10','1.05147e-09','0','0','0','0','-3.40398e-08','5.99912e-08','-6.17985e-08','-4.25346e-10','6.66973e-09','6.98577e-09','1.28529e-10','4.03745e-10','0','0','0','0','8.46896e-09','-2.93495e-08','2.65224e-08','-3.52195e-10','-1.2112e-10','1.28529e-10','8.0956e-06','-3.40061e-11','0','0','0','0','-7.16314e-11','8.4835e-08','-5.99575e-08','8.88902e-10','1.05147e-09','4.03745e-10','-3.40061e-11','1.51181e-05','0','0','0','0','0','0','0','0','0','0','0','0','0','0','0','0','0','0','0','0','0','0','0','0','0','0','0','0','0','0','0','0','0','0','0','0','0','0','0','0','0','0','0','0','0','0','0','0','0','0','0','0']

reports.append(Report(579371008, ("DT", -2, 2, 2), "MBwhAst2sec02"))
reports[-1].posNum = 45355
reports[-1].negNum = 0
reports[-1].fittype = "6DOF"
reports[-1].add_parameters(ValErr(0.049258, 0.00458252, 0), \
                           ValErr(-0.00818319, 0.0354026, 0), \
                           ValErr(-0.0840383, 0.0339334, 0), \
                           ValErr(0.000215168, 0.000133217, 0), \
                           ValErr(-7.62393e-05, 0.000124281, 0), \
                           ValErr(-5.53098e-05, 8.89934e-05, 0), \
                           -132584, 45355, 45355, -nan)
reports[-1].sigmax = ValErr(0.890743, 0.0029575, 0)
reports[-1].sigmay = ValErr(1.22271, 0.00405973, 0)
reports[-1].sigmadxdz = ValErr(0, 0, 0)
reports[-1].sigmadydz = ValErr(0, 0, 0)
reports[-1].add_stats(0.051774, -0.0927603, 8.6286e-05, -0.000392743, 0.0533451, -0.0954234, 7.50485e-05, -0.00123322, 0.0533451, -0.0954234, 7.50485e-05, -0.00123322, 0.0521885, -0.0913716, 8.62361e-05, -0.00122638, 0.0521885, -0.0913716, 8.62361e-05, -0.00122638, 0.890809, 1.22272, 0.00369163, 0.02569, 0.890809, 1.22272, 0.00369163, 0.02569)
reports[-1].CovMatrix = ['2.09995e-05','-5.8919e-05','5.69904e-05','-1.01922e-07','2.22872e-09','-5.25835e-08','7.79908e-09','7.0276e-10','0','0','0','0','-5.8919e-05','0.00125334','-0.00118485','2.12942e-06','3.68053e-07','2.16843e-07','1.17721e-08','3.8702e-08','0','0','0','0','5.69904e-05','-0.00118485','0.00115147','-1.949e-06','-3.99539e-07','-2.17566e-07','-1.24335e-08','-1.53906e-08','0','0','0','0','-1.01922e-07','2.12942e-06','-1.949e-06','1.77467e-08','-6.13684e-10','-3.66221e-10','-1.12881e-10','6.05602e-10','0','0','0','0','2.22872e-09','3.68053e-07','-3.99539e-07','-6.13684e-10','1.54458e-08','7.54264e-09','2.65959e-10','5.78054e-10','0','0','0','0','-5.25835e-08','2.16843e-07','-2.17566e-07','-3.66221e-10','7.54264e-09','7.91983e-09','3.16877e-10','2.13313e-10','0','0','0','0','7.79908e-09','1.17721e-08','-1.24335e-08','-1.12881e-10','2.65959e-10','3.16877e-10','8.74682e-06','2.22369e-12','0','0','0','0','7.0276e-10','3.8702e-08','-1.53906e-08','6.05602e-10','5.78054e-10','2.13313e-10','2.22369e-12','1.64815e-05','0','0','0','0','0','0','0','0','0','0','0','0','0','0','0','0','0','0','0','0','0','0','0','0','0','0','0','0','0','0','0','0','0','0','0','0','0','0','0','0','0','0','0','0','0','0','0','0','0','0','0','0']

reports.append(Report(579633152, ("DT", -2, 2, 3), "MBwhAst2sec03"))
reports[-1].posNum = 40190
reports[-1].negNum = 0
reports[-1].fittype = "6DOF"
reports[-1].add_parameters(ValErr(-0.0645797, 0.00480628, 0), \
                           ValErr(-0.135152, 0.037645, 0), \
                           ValErr(0.0258532, 0.036089, 0), \
                           ValErr(0.000136146, 0.000139824, 0), \
                           ValErr(0.000102637, 0.000134083, 0), \
                           ValErr(-1.17288e-06, 9.47232e-05, 0), \
                           -116709, 40190, 40190, -nan)
reports[-1].sigmax = ValErr(0.888612, 0.00313429, 0)
reports[-1].sigmay = ValErr(1.2022, 0.00424038, 0)
reports[-1].sigmadxdz = ValErr(0, 0, 0)
reports[-1].sigmadydz = ValErr(0, 0, 0)
reports[-1].add_stats(-0.0606599, -0.111783, 0.000211433, 0.000171922, -0.0662638, -0.110802, 0.000244739, -0.000744555, -0.0662638, -0.110802, 0.000244739, -0.000744555, -0.064648, -0.108228, 0.000240923, -0.000780669, -0.064648, -0.108228, 0.000240923, -0.000780669, 0.888622, 1.20224, 0.00372798, 0.0253845, 0.888622, 1.20224, 0.00372798, 0.0253845)
reports[-1].CovMatrix = ['2.31003e-05','-5.5014e-05','5.34678e-05','-9.44312e-08','-2.4345e-08','-8.59808e-08','1.40506e-08','-8.8344e-09','0','0','0','0','-5.5014e-05','0.00141715','-0.0013401','2.45007e-06','2.57461e-07','4.28351e-08','-7.23901e-08','1.60804e-07','0','0','0','0','5.34678e-05','-0.0013401','0.00130241','-2.19565e-06','-2.44805e-07','-4.765e-08','6.81378e-08','-1.26188e-07','0','0','0','0','-9.44312e-08','2.45007e-06','-2.19565e-06','1.95506e-08','1.80491e-10','-4.61852e-10','-2.82922e-10','9.70212e-10','0','0','0','0','-2.4345e-08','2.57461e-07','-2.44805e-07','1.80491e-10','1.79783e-08','8.65201e-09','-4.85736e-10','1.75521e-09','0','0','0','0','-8.59808e-08','4.28351e-08','-4.765e-08','-4.61852e-10','8.65201e-09','8.97248e-09','-1.80843e-10','9.45388e-10','0','0','0','0','1.40506e-08','-7.23901e-08','6.81378e-08','-2.82922e-10','-4.85736e-10','-1.80843e-10','9.82375e-06','-5.96466e-11','0','0','0','0','-8.8344e-09','1.60804e-07','-1.26188e-07','9.70212e-10','1.75521e-09','9.45388e-10','-5.96466e-11','1.79808e-05','0','0','0','0','0','0','0','0','0','0','0','0','0','0','0','0','0','0','0','0','0','0','0','0','0','0','0','0','0','0','0','0','0','0','0','0','0','0','0','0','0','0','0','0','0','0','0','0','0','0','0','0']

reports.append(Report(579895296, ("DT", -2, 2, 4), "MBwhAst2sec04"))
reports[-1].posNum = 47668
reports[-1].negNum = 0
reports[-1].fittype = "6DOF"
reports[-1].add_parameters(ValErr(0.00302407, 0.00433247, 0), \
                           ValErr(-0.0418778, 0.0346251, 0), \
                           ValErr(0.0603849, 0.0331754, 0), \
                           ValErr(9.62376e-05, 0.000129161, 0), \
                           ValErr(-8.27037e-06, 0.000121593, 0), \
                           ValErr(-1.86744e-05, 8.62759e-05, 0), \
                           -138755, 47668, 47668, -nan)
reports[-1].sigmax = ValErr(0.884639, 0.00286511, 0)
reports[-1].sigmay = ValErr(1.21599, 0.00393826, 0)
reports[-1].sigmadxdz = ValErr(0, 0, 0)
reports[-1].sigmadydz = ValErr(0, 0, 0)
reports[-1].add_stats(0.00080041, 0.013628, 0.000100619, -0.000671263, 0.000476311, 0.0188911, 0.000103077, -0.00113696, 0.000476311, 0.0188911, 0.000103077, -0.00113696, -0.000750127, 0.0239836, 0.000106017, -0.00117802, -0.000750127, 0.0239836, 0.000106017, -0.00117802, 0.884656, 1.21605, 0.00369878, 0.0253232, 0.884656, 1.21605, 0.00369878, 0.0253232)
