nan = None;  NAN = None
nan = 0
reports = []
class ValErr:
    def __init__(self, value, error, antisym):
        self.value, self.error, self.antisym = value, error, antisym

    def __repr__(self):
        if self.antisym == 0.:
            return "%g +- %g" % (self.value, self.error)
        else:
            return "%g +- %g ~ %g" % (self.value, self.error, self.antisym)

class Report:
    def __init__(self, chamberId, postal_address, name):
        self.chamberId, self.postal_address, self.name = chamberId, postal_address, name
        self.status = "NOFIT"
        self.fittype = None
        self.CovMatrix = None

    def add_parameters(self, deltax, deltay, deltaz, deltaphix, deltaphiy, deltaphiz, loglikelihood, numsegments, sumofweights, redchi2):
        self.status = "PASS"
        self.deltax, self.deltay, self.deltaz, self.deltaphix, self.deltaphiy, self.deltaphiz = deltax, deltay, deltaz, deltaphix, deltaphiy, deltaphiz
        self.loglikelihood, self.numsegments, self.sumofweights, self.redchi2 = loglikelihood, numsegments, sumofweights, redchi2

    def add_stats(self, median_x, median_y, median_dxdz, median_dydz, mean30_x, mean30_y, mean20_dxdz, mean50_dydz, mean15_x, mean15_y, mean10_dxdz, mean25_dydz, wmean30_x, wmean30_y, wmean20_dxdz, wmean50_dydz, wmean15_x, wmean15_y, wmean10_dxdz, wmean25_dydz, stdev30_x, stdev30_y, stdev20_dxdz, stdev50_dydz, stdev15_x, stdev15_y, stdev10_dxdz, stdev25_dydz):
        self.median_x, self.median_y, self.median_dxdz, self.median_dydz, self.mean30_x, self.mean30_y, self.mean20_dxdz, self.mean50_dydz, self.mean15_x, self.mean15_y, self.mean10_dxdz, self.mean25_dydz, self.wmean30_x, self.wmean30_y, self.wmean20_dxdz, self.wmean50_dydz, self.wmean15_x, self.wmean15_y, self.wmean10_dxdz, self.wmean25_dydz, self.stdev30_x, self.stdev30_y, self.stdev20_dxdz, self.stdev50_dydz, self.stdev15_x, self.stdev15_y, self.stdev10_dxdz, self.stdev25_dydz = median_x, median_y, median_dxdz, median_dydz, mean30_x, mean30_y, mean20_dxdz, mean50_dydz, mean15_x, mean15_y, mean10_dxdz, mean25_dydz, wmean30_x, wmean30_y, wmean20_dxdz, wmean50_dydz, wmean15_x, wmean15_y, wmean10_dxdz, wmean25_dydz, stdev30_x, stdev30_y, stdev20_dxdz, stdev50_dydz, stdev15_x, stdev15_y, stdev10_dxdz, stdev25_dydz

    def __repr__(self):
        return "<Report %s %s %s>" % (self.postal_address[0], " ".join(map(str, self.postal_address[1:])), self.status)

reports.append(Report(574914560, ("DT", -2, 1, 1), "MBwhAst1sec01"))
reports[-1].posNum = 40406
reports[-1].negNum = 0
reports[-1].fittype = "6DOF"
reports[-1].add_parameters(ValErr(-0.0838944, 0.00434465, 0), \
                           ValErr(0.214306, 0.0356822, 0), \
                           ValErr(-0.00228484, 0.0289244, 0), \
                           ValErr(8.30225e-05, 9.89667e-05, 0), \
                           ValErr(0.000301892, 0.000105033, 0), \
                           ValErr(0.000108543, 7.04211e-05, 0), \
                           -98574.7, 40406, 40406, -nan)
reports[-1].sigmax = ValErr(0.673413, 0.00236889, 0)
reports[-1].sigmay = ValErr(0.99713, 0.00350764, 0)
reports[-1].sigmadxdz = ValErr(0, 0, 0)
reports[-1].sigmadydz = ValErr(0, 0, 0)
reports[-1].add_stats(-0.0819788, 0.22313, 0.000114122, -0.00229372, -0.0837596, 0.210556, 0.000109797, -0.00128645, -0.0837596, 0.210556, 0.000109797, -0.00128645, -0.0804781, 0.21574, 9.731e-05, -0.00136986, -0.0804781, 0.21574, 9.731e-05, -0.00136986, 0.673428, 0.99722, 0.0034622, 0.0315053, 0.673428, 0.99722, 0.0034622, 0.0315053)
reports[-1].CovMatrix = ['1.8876e-05','8.99168e-05','-7.36594e-05','1.2965e-07','-3.52371e-08','-6.37515e-08','1.03857e-08','-1.46288e-13','0','0','0','0','8.99168e-05','0.00127322','-0.00102125','1.87502e-06','-2.4499e-07','8.27829e-08','5.56355e-08','6.42138e-08','0','0','0','0','-7.36594e-05','-0.00102125','0.000836621','-1.43741e-06','1.91996e-07','-6.0651e-08','-4.67632e-08','-3.58086e-08','0','0','0','0','1.2965e-07','1.87502e-06','-1.43741e-06','9.79441e-09','-2.40618e-10','6.7297e-10','1.63933e-11','4.92591e-10','0','0','0','0','-3.52371e-08','-2.4499e-07','1.91996e-07','-2.40618e-10','1.1032e-08','3.98993e-09','3.05589e-10','3.37465e-11','0','0','0','0','-6.37515e-08','8.27829e-08','-6.0651e-08','6.7297e-10','3.98993e-09','4.95914e-09','7.08076e-11','2.3004e-10','0','0','0','0','1.03857e-08','5.56355e-08','-4.67632e-08','1.63933e-11','3.05589e-10','7.08076e-11','5.61162e-06','-2.94804e-12','0','0','0','0','-1.46288e-13','6.42138e-08','-3.58086e-08','4.92591e-10','3.37465e-11','2.3004e-10','-2.94804e-12','1.23035e-05','0','0','0','0','0','0','0','0','0','0','0','0','0','0','0','0','0','0','0','0','0','0','0','0','0','0','0','0','0','0','0','0','0','0','0','0','0','0','0','0','0','0','0','0','0','0','0','0','0','0','0','0']

reports.append(Report(575176704, ("DT", -2, 1, 2), "MBwhAst1sec02"))
reports[-1].posNum = 26391
reports[-1].negNum = 0
reports[-1].fittype = "6DOF"
reports[-1].add_parameters(ValErr(0.0117576, 0.00532614, 0), \
                           ValErr(-0.090404, 0.0441932, 0), \
                           ValErr(0.0257533, 0.0357765, 0), \
                           ValErr(-9.04778e-05, 0.000118058, 0), \
                           ValErr(0.000253097, 0.00013148, 0), \
                           ValErr(2.00185e-05, 8.38043e-05, 0), \
                           -64189.7, 26391, 26391, -nan)
reports[-1].sigmax = ValErr(0.669663, 0.00291481, 0)
reports[-1].sigmay = ValErr(0.995372, 0.00433259, 0)
reports[-1].sigmadxdz = ValErr(0, 0, 0)
reports[-1].sigmadydz = ValErr(0, 0, 0)
reports[-1].add_stats(0.0149679, -0.0609704, 0.000913599, -0.00310394, 0.0133113, -0.0570272, 0.000925828, -0.00171157, 0.0133113, -0.0570272, 0.000925828, -0.00171157, 0.0150648, -0.0570209, 0.000916056, -0.00192304, 0.0150648, -0.0570209, 0.000916056, -0.00192304, 0.669676, 0.995444, 0.00342886, 0.0331628, 0.669676, 0.995444, 0.00342886, 0.0331628)
reports[-1].CovMatrix = ['2.83678e-05','0.000129985','-0.000106516','1.82797e-07','-7.7043e-08','-1.22657e-07','3.56768e-09','1.58678e-08','0','0','0','0','0.000129985','0.00195304','-0.00156397','2.83455e-06','-4.99942e-07','4.8858e-08','-6.86521e-08','3.23507e-07','0','0','0','0','-0.000106516','-0.00156397','0.00127996','-2.14784e-06','3.7132e-07','-2.72269e-08','5.83926e-08','-2.44019e-07','0','0','0','0','1.82797e-07','2.83455e-06','-2.14784e-06','1.39376e-08','-3.436e-10','7.86796e-10','-7.15597e-12','7.92888e-10','0','0','0','0','-7.7043e-08','-4.99942e-07','3.7132e-07','-3.436e-10','1.7287e-08','5.75258e-09','-1.90984e-10','9.85291e-10','0','0','0','0','-1.22657e-07','4.8858e-08','-2.72269e-08','7.86796e-10','5.75258e-09','7.02316e-09','-4.45407e-12','4.63854e-10','0','0','0','0','3.56768e-09','-6.86521e-08','5.83926e-08','-7.15597e-12','-1.90984e-10','-4.45407e-12','8.49612e-06','-1.96007e-11','0','0','0','0','1.58678e-08','3.23507e-07','-2.44019e-07','7.92888e-10','9.85291e-10','4.63854e-10','-1.96007e-11','1.87714e-05','0','0','0','0','0','0','0','0','0','0','0','0','0','0','0','0','0','0','0','0','0','0','0','0','0','0','0','0','0','0','0','0','0','0','0','0','0','0','0','0','0','0','0','0','0','0','0','0','0','0','0','0']

reports.append(Report(575438848, ("DT", -2, 1, 3), "MBwhAst1sec03"))
reports[-1].posNum = 29341
reports[-1].negNum = 0
reports[-1].fittype = "6DOF"
reports[-1].add_parameters(ValErr(-0.0275865, 0.00535586, 0), \
                           ValErr(-0.0646859, 0.0409557, 0), \
                           ValErr(-0.0243761, 0.0332506, 0), \
                           ValErr(-6.90941e-05, 0.000112978, 0), \
                           ValErr(0.000234721, 0.000120059, 0), \
                           ValErr(-5.26707e-05, 8.17159e-05, 0), \
                           -71264.7, 29341, 29341, -nan)
reports[-1].sigmax = ValErr(0.672497, 0.00277612, 0)
reports[-1].sigmay = ValErr(0.987801, 0.00407773, 0)
reports[-1].sigmadxdz = ValErr(0, 0, 0)
reports[-1].sigmadydz = ValErr(0, 0, 0)
reports[-1].add_stats(-0.0314522, -0.0949002, 0.000115408, -0.00289672, -0.0322779, -0.0928344, 0.000122175, -0.0018335, -0.0322779, -0.0928344, 0.000122175, -0.0018335, -0.029279, -0.0930713, 0.000111709, -0.00188873, -0.029279, -0.0930713, 0.000111709, -0.00188873, 0.672523, 0.987934, 0.00344977, 0.0322747, 0.672523, 0.987934, 0.00344977, 0.0322747)
reports[-1].CovMatrix = ['2.86852e-05','0.000133004','-0.000108988','1.86003e-07','-7.81309e-08','-1.2133e-07','1.32334e-08','1.80961e-09','0','0','0','0','0.000133004','0.00167737','-0.00134633','2.44433e-06','-3.86294e-07','1.05737e-08','1.09079e-07','4.33871e-08','0','0','0','0','-0.000108988','-0.00134633','0.0011056','-1.83442e-06','3.50967e-07','6.02118e-09','-8.85738e-08','-1.25395e-08','0','0','0','0','1.86003e-07','2.44433e-06','-1.83442e-06','1.27641e-08','2.8061e-12','8.52572e-10','2.51904e-10','3.72998e-10','0','0','0','0','-7.81309e-08','-3.86294e-07','3.50967e-07','2.8061e-12','1.44143e-08','5.41215e-09','-2.93653e-10','1.10944e-09','0','0','0','0','-1.2133e-07','1.05737e-08','6.02118e-09','8.52572e-10','5.41215e-09','6.67749e-09','1.11565e-10','2.774e-10','0','0','0','0','1.32334e-08','1.09079e-07','-8.85738e-08','2.51904e-10','-2.93653e-10','1.11565e-10','7.70685e-06','-2.33142e-11','0','0','0','0','1.80961e-09','4.33871e-08','-1.25395e-08','3.72998e-10','1.10944e-09','2.774e-10','-2.33142e-11','1.66279e-05','0','0','0','0','0','0','0','0','0','0','0','0','0','0','0','0','0','0','0','0','0','0','0','0','0','0','0','0','0','0','0','0','0','0','0','0','0','0','0','0','0','0','0','0','0','0','0','0','0','0','0','0']

reports.append(Report(575700992, ("DT", -2, 1, 4), "MBwhAst1sec04"))
reports[-1].posNum = 41236
reports[-1].negNum = 0
reports[-1].fittype = "6DOF"
reports[-1].add_parameters(ValErr(-0.103465, 0.00421432, 0), \
                           ValErr(0.102716, 0.0363081, 0), \
                           ValErr(-0.0612206, 0.0293732, 0), \
                           ValErr(0.000150322, 9.77063e-05, 0), \
                           ValErr(-6.39116e-05, 0.000106014, 0), \
                           ValErr(0.00038992, 6.85207e-05, 0), \
                           -100941, 41236, 41236, -nan)
reports[-1].sigmax = ValErr(0.672055, 0.00234019, 0)
reports[-1].sigmay = ValErr(1.00744, 0.00350808, 0)
reports[-1].sigmadxdz = ValErr(0, 0, 0)
reports[-1].sigmadydz = ValErr(0, 0, 0)
reports[-1].add_stats(-0.10392, 0.0196582, 0.000528526, -0.00299615, -0.102573, 0.0256765, 0.000560258, -0.00219194, -0.102573, 0.0256765, 0.000560258, -0.00219194, -0.103273, 0.0258803, 0.000563597, -0.00229409, -0.103273, 0.0258803, 0.000563597, -0.00229409, 0.672345, 1.00765, 0.00343689, 0.0342452, 0.672345, 1.00765, 0.00343689, 0.0342452)
reports[-1].CovMatrix = ['1.77605e-05','8.81007e-05','-7.20838e-05','1.27315e-07','-2.30085e-08','-4.69914e-08','1.49184e-08','-6.74011e-09','0','0','0','0','8.81007e-05','0.00131828','-0.00105594','1.92012e-06','-2.59885e-07','1.03574e-07','1.12747e-07','-2.24605e-08','0','0','0','0','-7.20838e-05','-0.00105594','0.000862786','-1.49454e-06','1.83435e-07','-7.94594e-08','-9.25071e-08','3.21287e-08','0','0','0','0','1.27315e-07','1.92012e-06','-1.49454e-06','9.54653e-09','-3.17101e-10','6.49359e-10','1.97733e-10','1.93145e-10','0','0','0','0','-2.30085e-08','-2.59885e-07','1.83435e-07','-3.17101e-10','1.1239e-08','3.77445e-09','1.8389e-10','1.93104e-10','0','0','0','0','-4.69914e-08','1.03574e-07','-7.94594e-08','6.49359e-10','3.77445e-09','4.69508e-09','-1.1699e-11','3.42396e-10','0','0','0','0','1.49184e-08','1.12747e-07','-9.25071e-08','1.97733e-10','1.8389e-10','-1.1699e-11','5.47651e-06','-5.92668e-12','0','0','0','0','-6.74011e-09','-2.24605e-08','3.21287e-08','1.93145e-10','1.93104e-10','3.42396e-10','-5.92668e-12','1.23066e-05','0','0','0','0','0','0','0','0','0','0','0','0','0','0','0','0','0','0','0','0','0','0','0','0','0','0','0','0','0','0','0','0','0','0','0','0','0','0','0','0','0','0','0','0','0','0','0','0','0','0','0','0']

reports.append(Report(575963136, ("DT", -2, 1, 5), "MBwhAst1sec05"))
reports[-1].posNum = 36705
reports[-1].negNum = 0
reports[-1].fittype = "6DOF"
reports[-1].add_parameters(ValErr(0.021008, 0.00368497, 0), \
                           ValErr(-0.0265697, 0.00469701, 0), \
                           ValErr(-0.0176883, 0.00382981, 0), \
                           ValErr(-0.000325212, 8.49723e-05, 0), \
                           ValErr(3.09757e-05, 0.000110939, 0), \
                           ValErr(-0.000235694, 7.1661e-05, 0), \
                           -89208.6, 36705, 36705, -nan)
reports[-1].sigmax = ValErr(0.669097, 0.00245075, 0)
reports[-1].sigmay = ValErr(0.994388, 0.00365456, 0)
reports[-1].sigmadxdz = ValErr(0, 0, 0)
reports[-1].sigmadydz = ValErr(0, 0, 0)
reports[-1].add_stats(0.015674, -0.0322595, -0.000139098, -0.000700639, 0.0155178, -0.0427736, -0.000130715, -0.000654529, 0.0155178, -0.0427736, -0.000130715, -0.000654529, 0.0180381, -0.0455116, -0.000151173, -0.000921092, 0.0180381, -0.0455116, -0.000151173, -0.000921092, 0.669166, 0.994704, 0.00342526, 0.0339355, 0.669166, 0.994704, 0.00342526, 0.0339355)
reports[-1].CovMatrix = ['1.3579e-05','1.73023e-06','-2.02892e-06','-3.49443e-09','-1.48307e-08','-7.11803e-08','1.16833e-07','5.97963e-08','0','0','0','0','1.73023e-06','2.20619e-05','-6.7571e-06','5.09673e-08','3.57029e-08','1.06929e-08','5.98779e-07','-1.54979e-07','0','0','0','0','-2.02892e-06','-6.7571e-06','1.46674e-05','4.92097e-08','-5.08819e-09','6.50162e-10','-5.40021e-07','2.95297e-08','0','0','0','0','-3.49443e-09','5.09673e-08','4.92097e-08','7.22029e-09','5.72666e-10','6.31213e-10','3.55913e-09','3.87255e-09','0','0','0','0','-1.48307e-08','3.57029e-08','-5.08819e-09','5.72666e-10','1.23075e-08','4.1419e-09','1.50826e-09','1.05154e-09','0','0','0','0','-7.11803e-08','1.06929e-08','6.50162e-10','6.31213e-10','4.1419e-09','5.13531e-09','6.7831e-10','6.13722e-10','0','0','0','0','1.16833e-07','5.98779e-07','-5.40021e-07','3.55913e-09','1.50826e-09','6.7831e-10','6.00618e-06','-5.40317e-08','0','0','0','0','5.97963e-08','-1.54979e-07','2.95297e-08','3.87255e-09','1.05154e-09','6.13722e-10','-5.40317e-08','1.33558e-05','0','0','0','0','0','0','0','0','0','0','0','0','0','0','0','0','0','0','0','0','0','0','0','0','0','0','0','0','0','0','0','0','0','0','0','0','0','0','0','0','0','0','0','0','0','0','0','0','0','0','0','0']

reports.append(Report(576225280, ("DT", -2, 1, 6), "MBwhAst1sec06"))
reports[-1].posNum = 30944
reports[-1].negNum = 0
reports[-1].fittype = "6DOF"
reports[-1].add_parameters(ValErr(0.00958022, 0.00542514, 0), \
                           ValErr(-0.0588433, 0.0408345, 0), \
                           ValErr(0.0984939, 0.0331319, 0), \
                           ValErr(0.000184303, 0.000111507, 0), \
                           ValErr(9.69732e-05, 0.000120616, 0), \
                           ValErr(1.49249e-05, 8.08899e-05, 0), \
                           -75288.3, 30944, 30944, -nan)
reports[-1].sigmax = ValErr(0.674915, 0.00271298, 0)
reports[-1].sigmay = ValErr(0.98841, 0.00397315, 0)
reports[-1].sigmadxdz = ValErr(0, 0, 0)
reports[-1].sigmadydz = ValErr(0, 0, 0)
reports[-1].add_stats(0.0186868, 0.0590964, -6.4234e-05, -0.00391434, 0.0189626, 0.0529756, -7.75945e-05, -0.00288502, 0.0189626, 0.0529756, -7.75945e-05, -0.00288502, 0.0201072, 0.0490617, -7.4039e-05, -0.0030601, 0.0201072, 0.0490617, -7.4039e-05, -0.0030601, 0.674977, 0.988666, 0.00344263, 0.0325714, 0.674977, 0.988666, 0.00344263, 0.0325714)
reports[-1].CovMatrix = ['2.94321e-05','0.000140159','-0.000114654','1.9412e-07','-8.98321e-08','-1.30625e-07','8.09455e-09','9.97562e-09','0','0','0','0','0.000140159','0.00166746','-0.0013379','2.4212e-06','-4.34706e-07','-4.61457e-08','-1.08914e-08','2.19838e-07','0','0','0','0','-0.000114654','-0.0013379','0.00109772','-1.80818e-06','4.12839e-07','5.36835e-08','1.36067e-08','-1.62368e-07','0','0','0','0','1.9412e-07','2.4212e-06','-1.80818e-06','1.24338e-08','7.72774e-11','7.93196e-10','1.70121e-10','4.85925e-10','0','0','0','0','-8.98321e-08','-4.34706e-07','4.12839e-07','7.72774e-11','1.45482e-08','5.32174e-09','2.69429e-10','2.81505e-10','0','0','0','0','-1.30625e-07','-4.61457e-08','5.36835e-08','7.93196e-10','5.32174e-09','6.54318e-09','2.15423e-11','3.84594e-10','0','0','0','0','8.09455e-09','-1.08914e-08','1.36067e-08','1.70121e-10','2.69429e-10','2.15423e-11','7.36024e-06','3.18172e-12','0','0','0','0','9.97562e-09','2.19838e-07','-1.62368e-07','4.85925e-10','2.81505e-10','3.84594e-10','3.18172e-12','1.5786e-05','0','0','0','0','0','0','0','0','0','0','0','0','0','0','0','0','0','0','0','0','0','0','0','0','0','0','0','0','0','0','0','0','0','0','0','0','0','0','0','0','0','0','0','0','0','0','0','0','0','0','0','0']

reports.append(Report(576487424, ("DT", -2, 1, 7), "MBwhAst1sec07"))
reports[-1].posNum = 42469
reports[-1].negNum = 0
reports[-1].fittype = "6DOF"
reports[-1].add_parameters(ValErr(-0.0369297, 0.00427015, 0), \
                           ValErr(0.0582307, 0.0357142, 0), \
                           ValErr(0.119023, 0.028956, 0), \
                           ValErr(1.1884e-06, 9.82252e-05, 0), \
                           ValErr(0.000233537, 0.000105707, 0), \
                           ValErr(-0.000201564, 7.02878e-05, 0), \
                           -103811, 42469, 42469, -nan)
reports[-1].sigmax = ValErr(0.676603, 0.00232158, 0)
reports[-1].sigmay = ValErr(0.9972, 0.00342162, 0)
reports[-1].sigmadxdz = ValErr(0, 0, 0)
reports[-1].sigmadydz = ValErr(0, 0, 0)
reports[-1].add_stats(-0.0306759, 0.210427, 0.000186287, -0.00150759, -0.0313211, 0.201139, 0.000194299, -0.00186234, -0.0313211, 0.201139, 0.000194299, -0.00186234, -0.0270385, 0.197384, 0.000173428, -0.00195366, -0.0270385, 0.197384, 0.000173428, -0.00195366, 0.676772, 0.997533, 0.00346444, 0.0321539, 0.676772, 0.997533, 0.00346444, 0.0321539)
reports[-1].CovMatrix = ['1.82342e-05','8.9002e-05','-7.2917e-05','1.27647e-07','-3.86146e-08','-6.46427e-08','1.26533e-08','-4.02149e-09','0','0','0','0','8.9002e-05','0.0012755','-0.00102382','1.86822e-06','-2.79683e-07','5.38511e-08','9.29228e-08','4.71156e-09','0','0','0','0','-7.2917e-05','-0.00102382','0.000838449','-1.43503e-06','2.15787e-07','-3.70761e-08','-7.50076e-08','8.71308e-09','0','0','0','0','1.27647e-07','1.86822e-06','-1.43503e-06','9.64819e-09','-2.06493e-10','6.11935e-10','2.28941e-10','1.62966e-10','0','0','0','0','-3.86146e-08','-2.79683e-07','2.15787e-07','-2.06493e-10','1.1174e-08','4.0228e-09','1.21446e-10','2.9254e-10','0','0','0','0','-6.46427e-08','5.38511e-08','-3.70761e-08','6.11935e-10','4.0228e-09','4.94037e-09','3.22987e-11','2.76266e-10','0','0','0','0','1.26533e-08','9.29228e-08','-7.50076e-08','2.28941e-10','1.21446e-10','3.22987e-11','5.38973e-06','3.93869e-12','0','0','0','0','-4.02149e-09','4.71156e-09','8.71308e-09','1.62966e-10','2.9254e-10','2.76266e-10','3.93869e-12','1.17075e-05','0','0','0','0','0','0','0','0','0','0','0','0','0','0','0','0','0','0','0','0','0','0','0','0','0','0','0','0','0','0','0','0','0','0','0','0','0','0','0','0','0','0','0','0','0','0','0','0','0','0','0','0']

reports.append(Report(576749568, ("DT", -2, 1, 8), "MBwhAst1sec08"))
reports[-1].posNum = 37710
reports[-1].negNum = 0
reports[-1].fittype = "6DOF"
reports[-1].add_parameters(ValErr(0.0213387, 0.00297914, 0), \
                           ValErr(0.00586717, 0.00534915, 0), \
                           ValErr(0.0108529, 0.00467322, 0), \
                           ValErr(-0.000196136, 8.74468e-05, 0), \
                           ValErr(0.000382475, 0.000116766, 0), \
                           ValErr(-2.37762e-05, 6.01198e-05, 0), \
                           -91923.7, 37710, 37710, -nan)
reports[-1].sigmax = ValErr(0.670584, 0.00240964, 0)
reports[-1].sigmay = ValErr(0.999384, 0.00358718, 0)
reports[-1].sigmadxdz = ValErr(0, 0, 0)
reports[-1].sigmadydz = ValErr(0, 0, 0)
reports[-1].add_stats(0.0238406, 0.0270605, 0.0009003, -0.00149429, 0.0203755, 0.0231685, 0.00090962, -0.001224, 0.0203755, 0.0231685, 0.00090962, -0.001224, 0.0213793, 0.0238724, 0.000901058, -0.00124143, 0.0213793, 0.0238724, 0.000901058, -0.00124143, 0.670584, 0.999674, 0.00343449, 0.0334983, 0.670584, 0.999674, 0.00343449, 0.0334983)
reports[-1].CovMatrix = ['8.8753e-06','-4.33202e-07','2.27341e-07','1.2511e-08','4.72732e-08','2.35034e-08','6.85139e-07','1.07398e-06','0','0','0','0','-4.33202e-07','2.86134e-05','-1.3413e-05','5.39447e-08','7.36832e-08','5.65244e-08','-2.06384e-06','-3.33414e-06','0','0','0','0','2.27341e-07','-1.3413e-05','2.1839e-05','4.33013e-08','-6.35762e-08','-6.48093e-08','1.58145e-06','2.33388e-06','0','0','0','0','1.2511e-08','5.39447e-08','4.33013e-08','7.64694e-09','1.01583e-09','9.98142e-11','-4.37828e-09','-1.12817e-08','0','0','0','0','4.72732e-08','7.36832e-08','-6.35762e-08','1.01583e-09','1.36343e-08','1.75048e-09','-4.0253e-09','-2.53919e-08','0','0','0','0','2.35034e-08','5.65244e-08','-6.48093e-08','9.98142e-11','1.75048e-09','3.6144e-09','-2.19886e-08','-2.53007e-08','0','0','0','0','6.85139e-07','-2.06384e-06','1.58145e-06','-4.37828e-09','-4.0253e-09','-2.19886e-08','5.80637e-06','-2.71712e-07','0','0','0','0','1.07398e-06','-3.33414e-06','2.33388e-06','-1.12817e-08','-2.53919e-08','-2.53007e-08','-2.71712e-07','1.28679e-05','0','0','0','0','0','0','0','0','0','0','0','0','0','0','0','0','0','0','0','0','0','0','0','0','0','0','0','0','0','0','0','0','0','0','0','0','0','0','0','0','0','0','0','0','0','0','0','0','0','0','0','0']

reports.append(Report(577011712, ("DT", -2, 1, 9), "MBwhAst1sec09"))
reports[-1].posNum = 24924
reports[-1].negNum = 0
reports[-1].fittype = "6DOF"
reports[-1].add_parameters(ValErr(-0.0396047, 0.00533206, 0), \
                           ValErr(-0.014943, 0.0449805, 0), \
                           ValErr(-0.0295427, 0.0364643, 0), \
                           ValErr(0.000217157, 0.000121885, 0), \
                           ValErr(-3.00582e-06, 0.000130639, 0), \
                           ValErr(0.000100403, 8.70496e-05, 0), \
                           -60538.4, 24924, 24924, -nan)
reports[-1].sigmax = ValErr(0.672423, 0.00301176, 0)
reports[-1].sigmay = ValErr(0.987986, 0.00442515, 0)
reports[-1].sigmadxdz = ValErr(0, 0, 0)
reports[-1].sigmadydz = ValErr(0, 0, 0)
reports[-1].add_stats(-0.0418253, -0.0398167, 5.71418e-05, -0.00334749, -0.0406779, -0.0538105, 6.76216e-05, -0.00218006, -0.0406779, -0.0538105, 6.76216e-05, -0.00218006, -0.0395104, -0.0553713, 6.77595e-05, -0.00233236, -0.0395104, -0.0553713, 6.77595e-05, -0.00233236, 0.672446, 0.98804, 0.00344633, 0.0334484, 0.672446, 0.98804, 0.00344633, 0.0334484)
reports[-1].CovMatrix = ['2.84309e-05','0.000131312','-0.000107729','1.91266e-07','-3.55367e-08','-7.93673e-08','5.91987e-09','1.55255e-08','0','0','0','0','0.000131312','0.00202325','-0.00162309','2.98152e-06','-2.62547e-07','2.84604e-07','-4.57542e-08','3.0313e-07','0','0','0','0','-0.000107729','-0.00162309','0.00132965','-2.30727e-06','1.59695e-07','-2.25274e-07','3.96235e-08','-2.29774e-07','0','0','0','0','1.91266e-07','2.98152e-06','-2.30727e-06','1.4856e-08','-7.4225e-10','1.15309e-09','1.03365e-11','7.6029e-10','0','0','0','0','-3.55367e-08','-2.62547e-07','1.59695e-07','-7.4225e-10','1.70666e-08','6.07378e-09','-3.23862e-10','1.20653e-09','0','0','0','0','-7.93673e-08','2.84604e-07','-2.25274e-07','1.15309e-09','6.07378e-09','7.57763e-09','-5.05573e-11','6.07853e-10','0','0','0','0','5.91987e-09','-4.57542e-08','3.96235e-08','1.03365e-11','-3.23862e-10','-5.05573e-11','9.07071e-06','-2.68878e-11','0','0','0','0','1.55255e-08','3.0313e-07','-2.29774e-07','7.6029e-10','1.20653e-09','6.07853e-10','-2.68878e-11','1.9582e-05','0','0','0','0','0','0','0','0','0','0','0','0','0','0','0','0','0','0','0','0','0','0','0','0','0','0','0','0','0','0','0','0','0','0','0','0','0','0','0','0','0','0','0','0','0','0','0','0','0','0','0','0']

reports.append(Report(577273856, ("DT", -2, 1, 10), "MBwhAst1sec10"))
reports[-1].posNum = 27410
reports[-1].negNum = 0
reports[-1].fittype = "6DOF"
reports[-1].add_parameters(ValErr(0.0255446, 0.00503565, 0), \
                           ValErr(0.101761, 0.0443845, 0), \
                           ValErr(-0.0011883, 0.0360508, 0), \
                           ValErr(-0.000142557, 0.000113734, 0), \
                           ValErr(9.2766e-05, 0.00012586, 0), \
                           ValErr(0.000196438, 7.82918e-05, 0), \
                           -66579.9, 27410, 27410, -nan)
reports[-1].sigmax = ValErr(0.668438, 0.00285491, 0)
reports[-1].sigmay = ValErr(0.99399, 0.00424533, 0)
reports[-1].sigmadxdz = ValErr(0, 0, 0)
reports[-1].sigmadydz = ValErr(0, 0, 0)
reports[-1].add_stats(0.0287627, 0.100256, 0.000121086, -0.00170587, 0.0271775, 0.10086, 0.00011723, 5.90358e-06, 0.0271775, 0.10086, 0.00011723, 5.90358e-06, 0.0292658, 0.0966749, 9.87224e-05, 0.000181326, 0.0292658, 0.0966749, 9.87224e-05, 0.000181326, 0.668524, 0.994044, 0.00341232, 0.0330895, 0.668524, 0.994044, 0.00341232, 0.0330895)
reports[-1].CovMatrix = ['2.53578e-05','0.000128504','-0.000105564','1.90199e-07','4.38718e-09','-2.35466e-08','1.00183e-08','1.02012e-08','0','0','0','0','0.000128504','0.00196999','-0.00158511','2.87306e-06','-2.98031e-07','2.31547e-07','5.064e-08','1.39783e-07','0','0','0','0','-0.000105564','-0.00158511','0.00129966','-2.30974e-06','1.92222e-07','-1.87618e-07','-3.96692e-08','-1.01272e-07','0','0','0','0','1.90199e-07','2.87306e-06','-2.30974e-06','1.29354e-08','-5.58341e-10','9.76816e-10','3.41207e-10','1.41097e-10','0','0','0','0','4.38718e-09','-2.98031e-07','1.92222e-07','-5.58341e-10','1.58408e-08','4.92453e-09','6.99184e-11','5.64616e-10','0','0','0','0','-2.35466e-08','2.31547e-07','-1.87618e-07','9.76816e-10','4.92453e-09','6.12961e-09','2.65095e-10','6.93449e-11','0','0','0','0','1.00183e-08','5.064e-08','-3.96692e-08','3.41207e-10','6.99184e-11','2.65095e-10','8.15051e-06','-1.0007e-12','0','0','0','0','1.02012e-08','1.39783e-07','-1.01272e-07','1.41097e-10','5.64616e-10','6.93449e-11','-1.0007e-12','1.80229e-05','0','0','0','0','0','0','0','0','0','0','0','0','0','0','0','0','0','0','0','0','0','0','0','0','0','0','0','0','0','0','0','0','0','0','0','0','0','0','0','0','0','0','0','0','0','0','0','0','0','0','0','0']

reports.append(Report(577536000, ("DT", -2, 1, 11), "MBwhAst1sec11"))
reports[-1].posNum = 28410
reports[-1].negNum = 0
reports[-1].fittype = "6DOF"
reports[-1].add_parameters(ValErr(0.0560763, 0.00526742, 0), \
                           ValErr(0.0799545, 0.0444353, 0), \
                           ValErr(-0.0161016, 0.036021, 0), \
                           ValErr(0.000261358, 0.000114431, 0), \
                           ValErr(-0.000393151, 0.000127592, 0), \
                           ValErr(-7.49724e-05, 7.97159e-05, 0), \
                           -69531.5, 28410, 28410, -nan)
reports[-1].sigmax = ValErr(0.673383, 0.00282495, 0)
reports[-1].sigmay = ValErr(1.005, 0.00421616, 0)
reports[-1].sigmadxdz = ValErr(0, 0, 0)
reports[-1].sigmadydz = ValErr(0, 0, 0)
reports[-1].add_stats(0.0587964, 0.0635429, -0.000616826, -0.00294855, 0.0554714, 0.0594347, -0.00061286, -0.00238546, 0.0554714, 0.0594347, -0.00061286, -0.00238546, 0.0564795, 0.0583123, -0.000616051, -0.00250248, 0.0564795, 0.0583123, -0.000616051, -0.00250248, 0.673394, 1.00528, 0.00344644, 0.0340677, 0.673394, 1.00528, 0.00344644, 0.0340677)
reports[-1].CovMatrix = ['2.77458e-05','0.000148114','-0.000121083','2.14948e-07','-8.53211e-09','-3.18225e-08','1.77937e-08','4.58846e-10','0','0','0','0','0.000148114','0.0019745','-0.00158599','2.82801e-06','-4.52766e-07','6.35561e-08','1.38934e-07','4.48314e-09','0','0','0','0','-0.000121083','-0.00158599','0.00129751','-2.27e-06','3.88946e-07','-4.8096e-08','-1.11051e-07','1.04255e-08','0','0','0','0','2.14948e-07','2.82801e-06','-2.27e-06','1.30943e-08','-8.87298e-11','9.22461e-10','7.39896e-10','-4.33137e-10','0','0','0','0','-8.53211e-09','-4.52766e-07','3.88946e-07','-8.87298e-11','1.62796e-08','5.1089e-09','2.03601e-10','4.26227e-10','0','0','0','0','-3.18225e-08','6.35561e-08','-4.8096e-08','9.22461e-10','5.1089e-09','6.35463e-09','2.96482e-10','1.97638e-11','0','0','0','0','1.77937e-08','1.38934e-07','-1.11051e-07','7.39896e-10','2.03601e-10','2.96482e-10','7.98034e-06','-2.32657e-11','0','0','0','0','4.58846e-10','4.48314e-09','1.04255e-08','-4.33137e-10','4.26227e-10','1.97638e-11','-2.32657e-11','1.7776e-05','0','0','0','0','0','0','0','0','0','0','0','0','0','0','0','0','0','0','0','0','0','0','0','0','0','0','0','0','0','0','0','0','0','0','0','0','0','0','0','0','0','0','0','0','0','0','0','0','0','0','0','0']

reports.append(Report(577798144, ("DT", -2, 1, 12), "MBwhAst1sec12"))
reports[-1].posNum = 36546
reports[-1].negNum = 0
reports[-1].fittype = "6DOF"
reports[-1].add_parameters(ValErr(-0.0081647, 0.00465302, 0), \
                           ValErr(0.134352, 0.0387308, 0), \
                           ValErr(-0.00760442, 0.0314332, 0), \
                           ValErr(4.34779e-05, 0.000103681, 0), \
                           ValErr(0.000333429, 0.000112843, 0), \
                           ValErr(0.00028914, 7.37439e-05, 0), \
                           -89303.3, 36546, 36546, -nan)
reports[-1].sigmax = ValErr(0.67673, 0.00250312, 0)
reports[-1].sigmay = ValErr(0.996198, 0.00368479, 0)
reports[-1].sigmadxdz = ValErr(0, 0, 0)
reports[-1].sigmadydz = ValErr(0, 0, 0)
reports[-1].add_stats(-0.00217879, 0.128801, 0.00077296, -0.00311737, -0.0048623, 0.124721, 0.000755415, -0.00145477, -0.0048623, 0.124721, 0.000755415, -0.00145477, -0.000733965, 0.126311, 0.000737832, -0.0014997, -0.000733965, 0.126311, 0.000737832, -0.0014997, 0.676876, 0.996208, 0.00345865, 0.0319542, 0.676876, 0.996208, 0.00345865, 0.0319542)
reports[-1].CovMatrix = ['2.16506e-05','0.000105902','-8.68185e-05','1.51322e-07','-4.85479e-08','-7.97248e-08','1.47189e-08','-4.32589e-09','0','0','0','0','0.000105902','0.00150007','-0.00120535','2.19693e-06','-3.16038e-07','6.09216e-08','9.2655e-08','3.54346e-08','0','0','0','0','-8.68185e-05','-0.00120535','0.000988045','-1.68695e-06','2.49809e-07','-4.12531e-08','-8.03885e-08','-5.50951e-09','0','0','0','0','1.51322e-07','2.19693e-06','-1.68695e-06','1.07498e-08','-1.94242e-10','6.87738e-10','-1.49423e-10','8.06828e-10','0','0','0','0','-4.85479e-08','-3.16038e-07','2.49809e-07','-1.94242e-10','1.27335e-08','4.41955e-09','1.79094e-10','2.74517e-10','0','0','0','0','-7.97248e-08','6.09216e-08','-4.12531e-08','6.87738e-10','4.41955e-09','5.43817e-09','-2.15687e-11','3.88699e-10','0','0','0','0','1.47189e-08','9.2655e-08','-8.03885e-08','-1.49423e-10','1.79094e-10','-2.15687e-11','6.2656e-06','-2.90808e-11','0','0','0','0','-4.32589e-09','3.54346e-08','-5.50951e-09','8.06828e-10','2.74517e-10','3.88699e-10','-2.90808e-11','1.35777e-05','0','0','0','0','0','0','0','0','0','0','0','0','0','0','0','0','0','0','0','0','0','0','0','0','0','0','0','0','0','0','0','0','0','0','0','0','0','0','0','0','0','0','0','0','0','0','0','0','0','0','0','0']

reports.append(Report(579108864, ("DT", -2, 2, 1), "MBwhAst2sec01"))
reports[-1].posNum = 48831
reports[-1].negNum = 0
reports[-1].fittype = "6DOF"
reports[-1].add_parameters(ValErr(-0.0976407, 0.00433364, 0), \
                           ValErr(0.0642372, 0.03427, 0), \
                           ValErr(0.00965783, 0.0328707, 0), \
                           ValErr(8.28607e-05, 0.000125089, 0), \
                           ValErr(0.000205305, 0.00011933, 0), \
                           ValErr(-0.000103086, 8.3738e-05, 0), \
                           -142723, 48831, 48831, -nan)
reports[-1].sigmax = ValErr(0.89095, 0.00285096, 0)
reports[-1].sigmay = ValErr(1.22187, 0.0039099, 0)
reports[-1].sigmadxdz = ValErr(0, 0, 0)
reports[-1].sigmadydz = ValErr(0, 0, 0)
reports[-1].add_stats(-0.10236, 0.081729, 0.000197994, 0.000237993, -0.100641, 0.0736205, 0.000205358, -0.000768636, -0.100641, 0.0736205, 0.000205358, -0.000768636, -0.0986724, 0.0739957, 0.000200751, -0.000852022, -0.0986724, 0.0739957, 0.000200751, -0.000852022, 0.890981, 1.22201, 0.00373403, 0.0261022, 0.890981, 1.22201, 0.00373403, 0.0261022)
reports[-1].CovMatrix = ['1.87804e-05','-4.77473e-05','4.6368e-05','-8.28596e-08','1.68353e-08','-3.32826e-08','7.92711e-09','8.91021e-10','0','0','0','0','-4.77473e-05','0.00117443','-0.00111143','1.98477e-06','2.35686e-07','6.69213e-08','-2.51775e-08','8.05178e-08','0','0','0','0','4.6368e-05','-0.00111143','0.00108048','-1.84506e-06','-2.35888e-07','-6.85402e-08','2.15275e-08','-5.43416e-08','0','0','0','0','-8.28596e-08','1.98477e-06','-1.84506e-06','1.56474e-08','-1.05672e-10','-4.14901e-10','-4.88422e-10','1.08169e-09','0','0','0','0','1.68353e-08','2.35686e-07','-2.35888e-07','-1.05672e-10','1.42397e-08','6.70207e-09','2.68228e-11','8.57921e-10','0','0','0','0','-3.32826e-08','6.69213e-08','-6.85402e-08','-4.14901e-10','6.70207e-09','7.01205e-09','2.68608e-10','2.143e-10','0','0','0','0','7.92711e-09','-2.51775e-08','2.15275e-08','-4.88422e-10','2.68228e-11','2.68608e-10','8.128e-06','-4.64236e-11','0','0','0','0','8.91021e-10','8.05178e-08','-5.43416e-08','1.08169e-09','8.57921e-10','2.143e-10','-4.64236e-11','1.52873e-05','0','0','0','0','0','0','0','0','0','0','0','0','0','0','0','0','0','0','0','0','0','0','0','0','0','0','0','0','0','0','0','0','0','0','0','0','0','0','0','0','0','0','0','0','0','0','0','0','0','0','0','0']

reports.append(Report(579371008, ("DT", -2, 2, 2), "MBwhAst2sec02"))
reports[-1].posNum = 45164
reports[-1].negNum = 0
reports[-1].fittype = "6DOF"
reports[-1].add_parameters(ValErr(0.0553023, 0.00459234, 0), \
                           ValErr(-0.0284909, 0.0354639, 0), \
                           ValErr(-0.0711173, 0.0339956, 0), \
                           ValErr(2.56655e-05, 0.000132969, 0), \
                           ValErr(0.000163437, 0.000123985, 0), \
                           ValErr(3.60741e-05, 8.90748e-05, 0), \
                           -131677, 45164, 45164, -nan)
reports[-1].sigmax = ValErr(0.889605, 0.00295997, 0)
reports[-1].sigmay = ValErr(1.21486, 0.00404222, 0)
reports[-1].sigmadxdz = ValErr(0, 0, 0)
reports[-1].sigmadydz = ValErr(0, 0, 0)
reports[-1].add_stats(0.0574138, -0.0922149, 7.83095e-05, -0.000449032, 0.0580667, -0.100396, 5.67561e-05, -0.00126552, 0.0580667, -0.100396, 5.67561e-05, -0.00126552, 0.0596305, -0.0978333, 5.47104e-05, -0.00124766, 0.0596305, -0.0978333, 5.47104e-05, -0.00124766, 0.889633, 1.21491, 0.00369482, 0.0256253, 0.889633, 1.21491, 0.00369482, 0.0256253)
reports[-1].CovMatrix = ['2.10896e-05','-5.96567e-05','5.76925e-05','-1.03408e-07','1.73093e-09','-5.26762e-08','6.29785e-09','2.73011e-09','0','0','0','0','-5.96567e-05','0.00125769','-0.00118927','2.14298e-06','3.53958e-07','2.05949e-07','5.60977e-08','-2.33447e-08','0','0','0','0','5.76925e-05','-0.00118927','0.0011557','-1.96213e-06','-3.86813e-07','-2.06865e-07','-6.13611e-08','5.2695e-08','0','0','0','0','-1.03408e-07','2.14298e-06','-1.96213e-06','1.76807e-08','-6.16898e-10','-4.00195e-10','-7.12368e-10','1.41635e-09','0','0','0','0','1.73093e-09','3.53958e-07','-3.86813e-07','-6.16898e-10','1.53724e-08','7.54587e-09','3.02652e-10','5.22757e-10','0','0','0','0','-5.26762e-08','2.05949e-07','-2.06865e-07','-4.00195e-10','7.54587e-09','7.93432e-09','2.80184e-10','2.61361e-10','0','0','0','0','6.29785e-09','5.60977e-08','-6.13611e-08','-7.12368e-10','3.02652e-10','2.80184e-10','8.76142e-06','-7.85626e-11','0','0','0','0','2.73011e-09','-2.33447e-08','5.2695e-08','1.41635e-09','5.22757e-10','2.61361e-10','-7.85626e-11','1.63396e-05','0','0','0','0','0','0','0','0','0','0','0','0','0','0','0','0','0','0','0','0','0','0','0','0','0','0','0','0','0','0','0','0','0','0','0','0','0','0','0','0','0','0','0','0','0','0','0','0','0','0','0','0']

reports.append(Report(579633152, ("DT", -2, 2, 3), "MBwhAst2sec03"))
reports[-1].posNum = 39858
reports[-1].negNum = 0
reports[-1].fittype = "6DOF"
reports[-1].add_parameters(ValErr(-0.0629404, 0.00484969, 0), \
                           ValErr(-0.150199, 0.037982, 0), \
                           ValErr(0.0330914, 0.0364208, 0), \
                           ValErr(8.23048e-05, 0.000140496, 0), \
                           ValErr(9.57307e-06, 0.000134902, 0), \
                           ValErr(-1.05446e-05, 9.55996e-05, 0), \
                           -115849, 39858, 39858, -nan)
reports[-1].sigmax = ValErr(0.892642, 0.00316158, 0)
reports[-1].sigmay = ValErr(1.19989, 0.00424981, 0)
reports[-1].sigmadxdz = ValErr(0, 0, 0)
reports[-1].sigmadydz = ValErr(0, 0, 0)
reports[-1].add_stats(-0.0623168, -0.123301, 0.000235186, 0.00031675, -0.0644535, -0.11787, 0.000247717, -0.000579357, -0.0644535, -0.11787, 0.000247717, -0.000579357, -0.0635034, -0.115196, 0.000243877, -0.000589051, -0.0635034, -0.115196, 0.000243877, -0.000589051, 0.892651, 1.1999, 0.00374083, 0.0254059, 0.892651, 1.1999, 0.00374083, 0.0254059)
reports[-1].CovMatrix = ['2.35195e-05','-5.57321e-05','5.41781e-05','-9.57931e-08','-2.75477e-08','-8.96398e-08','1.50966e-08','-1.02471e-08','0','0','0','0','-5.57321e-05','0.00144263','-0.00136473','2.49933e-06','2.56359e-07','4.03804e-08','-6.53147e-08','1.52341e-07','0','0','0','0','5.41781e-05','-0.00136473','0.00132647','-2.23881e-06','-2.42085e-07','-4.52644e-08','6.03889e-08','-1.16437e-07','0','0','0','0','-9.57931e-08','2.49933e-06','-2.23881e-06','1.9739e-08','2.05232e-10','-4.56802e-10','-3.59813e-10','1.08135e-09','0','0','0','0','-2.75477e-08','2.56359e-07','-2.42085e-07','2.05232e-10','1.81986e-08','8.81423e-09','-1.12568e-10','1.26351e-09','0','0','0','0','-8.96398e-08','4.03804e-08','-4.52644e-08','-4.56802e-10','8.81423e-09','9.13929e-09','-8.70288e-11','8.28421e-10','0','0','0','0','1.50966e-08','-6.53147e-08','6.03889e-08','-3.59813e-10','-1.12568e-10','-8.70288e-11','9.99562e-06','-2.90077e-11','0','0','0','0','-1.02471e-08','1.52341e-07','-1.16437e-07','1.08135e-09','1.26351e-09','8.28421e-10','-2.90077e-11','1.80609e-05','0','0','0','0','0','0','0','0','0','0','0','0','0','0','0','0','0','0','0','0','0','0','0','0','0','0','0','0','0','0','0','0','0','0','0','0','0','0','0','0','0','0','0','0','0','0','0','0','0','0','0','0']

reports.append(Report(579895296, ("DT", -2, 2, 4), "MBwhAst2sec04"))
reports[-1].posNum = 47721
reports[-1].negNum = 0
reports[-1].fittype = "6DOF"
reports[-1].add_parameters(ValErr(0.00847248, 0.00435094, 0), \
                           ValErr(-0.0445206, 0.034704, 0), \
                           ValErr(0.076694, 0.0332556, 0), \
                           ValErr(6.74579e-05, 0.000128356, 0), \
                           ValErr(7.95228e-05, 0.000121691, 0), \
                           ValErr(-2.70397e-05, 8.6438e-05, 0), \
                           -139024, 47721, 47721, -nan)
reports[-1].sigmax = ValErr(0.887381, 0.0028485, 0)
reports[-1].sigmay = ValErr(1.21515, 0.00393542, 0)
reports[-1].sigmadxdz = ValErr(0, 0, 0)
reports[-1].sigmadydz = ValErr(0, 0, 0)
reports[-1].add_stats(0.00741777, 0.030155, 8.40367e-05, -0.000586865, 0.00446964, 0.0330491, 9.59732e-05, -0.00108392, 0.00446964, 0.0330491, 9.59732e-05, -0.00108392, 0.00210508, 0.0381235, 0.000107841, -0.00122559, 0.00210508, 0.0381235, 0.000107841, -0.00122559, 0.887426, 1.21522, 0.00369347, 0.0252504, 0.887426, 1.21522, 0.00369347, 0.0252504)
