nan = None;  NAN = None
nan = 0
reports = []
class ValErr:
    def __init__(self, value, error, antisym):
        self.value, self.error, self.antisym = value, error, antisym

    def __repr__(self):
        if self.antisym == 0.:
            return "%g +- %g" % (self.value, self.error)
        else:
            return "%g +- %g ~ %g" % (self.value, self.error, self.antisym)

class Report:
    def __init__(self, chamberId, postal_address, name):
        self.chamberId, self.postal_address, self.name = chamberId, postal_address, name
        self.status = "NOFIT"
        self.fittype = None
        self.CovMatrix = None

    def add_parameters(self, deltax, deltay, deltaz, deltaphix, deltaphiy, deltaphiz, loglikelihood, numsegments, sumofweights, redchi2):
        self.status = "PASS"
        self.deltax, self.deltay, self.deltaz, self.deltaphix, self.deltaphiy, self.deltaphiz = deltax, deltay, deltaz, deltaphix, deltaphiy, deltaphiz
        self.loglikelihood, self.numsegments, self.sumofweights, self.redchi2 = loglikelihood, numsegments, sumofweights, redchi2

    def add_stats(self, median_x, median_y, median_dxdz, median_dydz, mean30_x, mean30_y, mean20_dxdz, mean50_dydz, mean15_x, mean15_y, mean10_dxdz, mean25_dydz, wmean30_x, wmean30_y, wmean20_dxdz, wmean50_dydz, wmean15_x, wmean15_y, wmean10_dxdz, wmean25_dydz, stdev30_x, stdev30_y, stdev20_dxdz, stdev50_dydz, stdev15_x, stdev15_y, stdev10_dxdz, stdev25_dydz):
        self.median_x, self.median_y, self.median_dxdz, self.median_dydz, self.mean30_x, self.mean30_y, self.mean20_dxdz, self.mean50_dydz, self.mean15_x, self.mean15_y, self.mean10_dxdz, self.mean25_dydz, self.wmean30_x, self.wmean30_y, self.wmean20_dxdz, self.wmean50_dydz, self.wmean15_x, self.wmean15_y, self.wmean10_dxdz, self.wmean25_dydz, self.stdev30_x, self.stdev30_y, self.stdev20_dxdz, self.stdev50_dydz, self.stdev15_x, self.stdev15_y, self.stdev10_dxdz, self.stdev25_dydz = median_x, median_y, median_dxdz, median_dydz, mean30_x, mean30_y, mean20_dxdz, mean50_dydz, mean15_x, mean15_y, mean10_dxdz, mean25_dydz, wmean30_x, wmean30_y, wmean20_dxdz, wmean50_dydz, wmean15_x, wmean15_y, wmean10_dxdz, wmean25_dydz, stdev30_x, stdev30_y, stdev20_dxdz, stdev50_dydz, stdev15_x, stdev15_y, stdev10_dxdz, stdev25_dydz

    def __repr__(self):
        return "<Report %s %s %s>" % (self.postal_address[0], " ".join(map(str, self.postal_address[1:])), self.status)

reports.append(Report(574914560, ("DT", -2, 1, 1), "MBwhAst1sec01"))
reports[-1].posNum = 40752
reports[-1].negNum = 0
reports[-1].fittype = "6DOF"
reports[-1].add_parameters(ValErr(-0.0831946, 0.00433782, 0), \
                           ValErr(0.204549, 0.0354577, 0), \
                           ValErr(0.00284217, 0.0287432, 0), \
                           ValErr(6.67944e-05, 9.85393e-05, 0), \
                           ValErr(0.0001376, 0.000104782, 0), \
                           ValErr(7.11511e-05, 7.01994e-05, 0), \
                           -99562.5, 40752, 40752, -nan)
reports[-1].sigmax = ValErr(0.674506, 0.00236263, 0)
reports[-1].sigmay = ValErr(0.999029, 0.00349937, 0)
reports[-1].sigmadxdz = ValErr(0, 0, 0)
reports[-1].sigmadydz = ValErr(0, 0, 0)
reports[-1].add_stats(-0.0828716, 0.211517, 8.73622e-05, -0.00213618, -0.0824262, 0.206926, 0.000105187, -0.00127549, -0.0824262, 0.206926, 0.000105187, -0.00127549, -0.0775922, 0.210283, 8.51453e-05, -0.00142993, -0.0775922, 0.210283, 8.51453e-05, -0.00142993, 0.674514, 0.999047, 0.00346416, 0.0315054, 0.674514, 0.999047, 0.00346416, 0.0315054)
reports[-1].CovMatrix = ['1.88167e-05','8.89564e-05','-7.28794e-05','1.28026e-07','-3.67645e-08','-6.57575e-08','1.24827e-08','-3.27344e-09','0','0','0','0','8.89564e-05','0.00125725','-0.00100833','1.85017e-06','-2.45e-07','7.86498e-08','8.8399e-08','1.48515e-08','0','0','0','0','-7.28794e-05','-0.00100833','0.000826169','-1.41467e-06','1.92666e-07','-5.71051e-08','-7.25927e-08','3.29277e-09','0','0','0','0','1.28026e-07','1.85017e-06','-1.41467e-06','9.71e-09','-2.33516e-10','6.57957e-10','1.26225e-10','3.28687e-10','0','0','0','0','-3.67645e-08','-2.45e-07','1.92666e-07','-2.33516e-10','1.09794e-08','3.96952e-09','1.82574e-10','2.0945e-10','0','0','0','0','-6.57575e-08','7.86498e-08','-5.71051e-08','6.57957e-10','3.96952e-09','4.92795e-09','5.64837e-11','2.48329e-10','0','0','0','0','1.24827e-08','8.8399e-08','-7.25927e-08','1.26225e-10','1.82574e-10','5.64837e-11','5.58202e-06','2.60807e-12','0','0','0','0','-3.27344e-09','1.48515e-08','3.29277e-09','3.28687e-10','2.0945e-10','2.48329e-10','2.60807e-12','1.22456e-05','0','0','0','0','0','0','0','0','0','0','0','0','0','0','0','0','0','0','0','0','0','0','0','0','0','0','0','0','0','0','0','0','0','0','0','0','0','0','0','0','0','0','0','0','0','0','0','0','0','0','0','0']

reports.append(Report(575176704, ("DT", -2, 1, 2), "MBwhAst1sec02"))
reports[-1].posNum = 26514
reports[-1].negNum = 0
reports[-1].fittype = "6DOF"
reports[-1].add_parameters(ValErr(0.0133433, 0.00531278, 0), \
                           ValErr(-0.0125735, 0.0440524, 0), \
                           ValErr(-0.0482121, 0.0356552, 0), \
                           ValErr(3.77693e-05, 0.000118301, 0), \
                           ValErr(0.000471793, 0.000131992, 0), \
                           ValErr(0.000102896, 8.36727e-05, 0), \
                           -64704.5, 26514, 26514, -nan)
reports[-1].sigmax = ValErr(0.670086, 0.0029099, 0)
reports[-1].sigmay = ValErr(1.00286, 0.00435502, 0)
reports[-1].sigmadxdz = ValErr(0, 0, 0)
reports[-1].sigmadydz = ValErr(0, 0, 0)
reports[-1].add_stats(0.0136428, -0.074363, 0.000909927, -0.00281644, 0.00941883, -0.0688996, 0.00093762, -0.0014756, 0.00941883, -0.0688996, 0.00093762, -0.0014756, 0.00837161, -0.0710025, 0.000938126, -0.00152733, 0.00837161, -0.0710025, 0.000938126, -0.00152733, 0.670134, 1.0031, 0.00343107, 0.0330013, 0.670134, 1.0031, 0.00343107, 0.0330013)
reports[-1].CovMatrix = ['2.82256e-05','0.000128816','-0.000105563','1.80734e-07','-7.65738e-08','-1.22824e-07','1.5032e-08','-1.33057e-09','0','0','0','0','0.000128816','0.00194061','-0.00155339','2.81259e-06','-5.04728e-07','4.80731e-08','5.07159e-08','1.45293e-07','0','0','0','0','-0.000105563','-0.00155339','0.00127129','-2.12739e-06','3.73729e-07','-2.64781e-08','-4.41103e-08','-9.08904e-08','0','0','0','0','1.80734e-07','2.81259e-06','-2.12739e-06','1.3995e-08','-3.5846e-10','7.88898e-10','1.14463e-12','7.83295e-10','0','0','0','0','-7.65738e-08','-5.04728e-07','3.73729e-07','-3.5846e-10','1.7422e-08','5.73284e-09','3.60102e-10','1.65664e-10','0','0','0','0','-1.22824e-07','4.80731e-08','-2.64781e-08','7.88898e-10','5.73284e-09','7.00111e-09','-2.99158e-11','5.02417e-10','0','0','0','0','1.5032e-08','5.07159e-08','-4.41103e-08','1.14463e-12','3.60102e-10','-2.99158e-11','8.46753e-06','-9.18428e-12','0','0','0','0','-1.33057e-09','1.45293e-07','-9.08904e-08','7.83295e-10','1.65664e-10','5.02417e-10','-9.18428e-12','1.89662e-05','0','0','0','0','0','0','0','0','0','0','0','0','0','0','0','0','0','0','0','0','0','0','0','0','0','0','0','0','0','0','0','0','0','0','0','0','0','0','0','0','0','0','0','0','0','0','0','0','0','0','0','0']

reports.append(Report(575438848, ("DT", -2, 1, 3), "MBwhAst1sec03"))
reports[-1].posNum = 29482
reports[-1].negNum = 0
reports[-1].fittype = "6DOF"
reports[-1].add_parameters(ValErr(-0.0265642, 0.00530466, 0), \
                           ValErr(-0.0305415, 0.0404906, 0), \
                           ValErr(-0.0629431, 0.0328696, 0), \
                           ValErr(-0.000165551, 0.000112302, 0), \
                           ValErr(0.000352531, 0.000119549, 0), \
                           ValErr(-9.03642e-06, 8.09554e-05, 0), \
                           -71487.7, 29482, 29482, -nan)
reports[-1].sigmax = ValErr(0.668478, 0.00275292, 0)
reports[-1].sigmay = ValErr(0.989718, 0.00407586, 0)
reports[-1].sigmadxdz = ValErr(0, 0, 0)
reports[-1].sigmadydz = ValErr(0, 0, 0)
reports[-1].add_stats(-0.0343008, -0.107792, 0.000113543, -0.00270902, -0.0344383, -0.102511, 0.000132235, -0.00173166, -0.0344383, -0.102511, 0.000132235, -0.00173166, -0.0319876, -0.101091, 0.00012554, -0.00180858, -0.0319876, -0.101091, 0.00012554, -0.00180858, 0.668545, 0.99005, 0.00343203, 0.0324427, 0.668545, 0.99005, 0.00343203, 0.0324427)
reports[-1].CovMatrix = ['2.81394e-05','0.000130151','-0.000106655','1.81415e-07','-7.62383e-08','-1.18746e-07','1.23696e-08','2.59316e-09','0','0','0','0','0.000130151','0.00163949','-0.00131548','2.38014e-06','-3.9378e-07','2.40355e-09','8.61585e-08','7.06176e-08','0','0','0','0','-0.000106655','-0.00131548','0.00108041','-1.78399e-06','3.57756e-07','1.2514e-08','-6.94949e-08','-3.55259e-08','0','0','0','0','1.81415e-07','2.38014e-06','-1.78399e-06','1.26118e-08','1.91119e-13','8.30715e-10','2.31389e-10','3.89546e-10','0','0','0','0','-7.62383e-08','-3.9378e-07','3.57756e-07','1.91119e-13','1.4292e-08','5.31951e-09','-2.93921e-10','1.10825e-09','0','0','0','0','-1.18746e-07','2.40355e-09','1.2514e-08','8.30715e-10','5.31951e-09','6.55378e-09','6.07927e-11','3.45121e-10','0','0','0','0','1.23696e-08','8.61585e-08','-6.94949e-08','2.31389e-10','-2.93921e-10','6.07927e-11','7.57859e-06','-1.85398e-11','0','0','0','0','2.59316e-09','7.06176e-08','-3.55259e-08','3.89546e-10','1.10825e-09','3.45121e-10','-1.85398e-11','1.66126e-05','0','0','0','0','0','0','0','0','0','0','0','0','0','0','0','0','0','0','0','0','0','0','0','0','0','0','0','0','0','0','0','0','0','0','0','0','0','0','0','0','0','0','0','0','0','0','0','0','0','0','0','0']

reports.append(Report(575700992, ("DT", -2, 1, 4), "MBwhAst1sec04"))
reports[-1].posNum = 41558
reports[-1].negNum = 0
reports[-1].fittype = "6DOF"
reports[-1].add_parameters(ValErr(-0.0999952, 0.00421828, 0), \
                           ValErr(0.10842, 0.0363001, 0), \
                           ValErr(-0.0647658, 0.0293715, 0), \
                           ValErr(0.000183651, 9.73158e-05, 0), \
                           ValErr(-3.18141e-05, 0.000105505, 0), \
                           ValErr(0.000403084, 6.8632e-05, 0), \
                           -101780, 41558, 41558, -nan)
reports[-1].sigmax = ValErr(0.675052, 0.00234151, 0)
reports[-1].sigmay = ValErr(1.00421, 0.00348324, 0)
reports[-1].sigmadxdz = ValErr(0, 0, 0)
reports[-1].sigmadydz = ValErr(0, 0, 0)
reports[-1].add_stats(-0.10201, 0.0238597, 0.000529342, -0.00290805, -0.0993226, 0.0267808, 0.00054074, -0.00213974, -0.0993226, 0.0267808, 0.00054074, -0.00213974, -0.102674, 0.0251896, 0.000556974, -0.00211379, -0.102674, 0.0251896, 0.000556974, -0.00211379, 0.675356, 1.0044, 0.00343423, 0.0344947, 0.675356, 1.0044, 0.00343423, 0.0344947)
reports[-1].CovMatrix = ['1.77939e-05','8.81186e-05','-7.20996e-05','1.27271e-07','-2.41186e-08','-4.81272e-08','1.30591e-08','-3.88607e-09','0','0','0','0','8.81186e-05','0.0013177','-0.00105577','1.92039e-06','-2.56358e-07','1.00871e-07','9.14357e-08','1.06589e-08','0','0','0','0','-7.20996e-05','-0.00105577','0.000862684','-1.49445e-06','1.81014e-07','-7.7223e-08','-7.46494e-08','4.24349e-09','0','0','0','0','1.27271e-07','1.92039e-06','-1.49445e-06','9.47037e-09','-3.105e-10','6.41931e-10','2.02136e-10','1.87136e-10','0','0','0','0','-2.41186e-08','-2.56358e-07','1.81014e-07','-3.105e-10','1.11313e-08','3.79093e-09','1.93756e-10','1.77711e-10','0','0','0','0','-4.81272e-08','1.00871e-07','-7.7223e-08','6.41931e-10','3.79093e-09','4.71034e-09','1.68606e-11','2.99278e-10','0','0','0','0','1.30591e-08','9.14357e-08','-7.46494e-08','2.02136e-10','1.93756e-10','1.68606e-11','5.48266e-06','5.42808e-13','0','0','0','0','-3.88607e-09','1.06589e-08','4.24349e-09','1.87136e-10','1.77711e-10','2.99278e-10','5.42808e-13','1.2133e-05','0','0','0','0','0','0','0','0','0','0','0','0','0','0','0','0','0','0','0','0','0','0','0','0','0','0','0','0','0','0','0','0','0','0','0','0','0','0','0','0','0','0','0','0','0','0','0','0','0','0','0','0']

reports.append(Report(575963136, ("DT", -2, 1, 5), "MBwhAst1sec05"))
reports[-1].posNum = 37132
reports[-1].negNum = 0
reports[-1].fittype = "6DOF"
reports[-1].add_parameters(ValErr(0.0273264, 0.00465108, 0), \
                           ValErr(0.0292001, 0.037899, 0), \
                           ValErr(-0.0517969, 0.0307726, 0), \
                           ValErr(-0.000143063, 0.000101082, 0), \
                           ValErr(6.2648e-05, 0.000110896, 0), \
                           ValErr(-0.000138339, 7.12182e-05, 0), \
                           -89967.5, 37132, 37132, -nan)
reports[-1].sigmax = ValErr(0.667694, 0.00245013, 0)
reports[-1].sigmay = ValErr(0.989019, 0.00362924, 0)
reports[-1].sigmadxdz = ValErr(0, 0, 0)
reports[-1].sigmadydz = ValErr(0, 0, 0)
reports[-1].add_stats(0.0212166, -0.0249433, -0.00017896, -0.000763106, 0.0199596, -0.0304089, -0.000157124, -0.000673105, 0.0199596, -0.0304089, -0.000157124, -0.000673105, 0.0220477, -0.0315453, -0.000172083, -0.00092257, 0.0220477, -0.0315453, -0.000172083, -0.00092257, 0.667745, 0.989169, 0.0034142, 0.0340457, 0.667745, 0.989169, 0.0034142, 0.0340457)
reports[-1].CovMatrix = ['2.16326e-05','0.000108953','-8.92798e-05','1.55698e-07','-4.6092e-08','-7.295e-08','1.06664e-08','1.91617e-09','0','0','0','0','0.000108953','0.00143634','-0.00115472','2.09171e-06','-3.88077e-07','-1.807e-08','5.40075e-08','8.08542e-08','0','0','0','0','-8.92798e-05','-0.00115472','0.000946952','-1.61736e-06','3.31876e-07','2.33056e-08','-4.308e-08','-5.15311e-08','0','0','0','0','1.55698e-07','2.09171e-06','-1.61736e-06','1.02177e-08','-8.19461e-12','5.93421e-10','1.67287e-10','3.10905e-10','0','0','0','0','-4.6092e-08','-3.88077e-07','3.31876e-07','-8.19461e-12','1.2298e-08','4.10907e-09','-5.3735e-11','6.09533e-10','0','0','0','0','-7.295e-08','-1.807e-08','2.33056e-08','5.93421e-10','4.10907e-09','5.07203e-09','-1.20296e-11','3.48286e-10','0','0','0','0','1.06664e-08','5.40075e-08','-4.308e-08','1.67287e-10','-5.3735e-11','-1.20296e-11','6.00315e-06','2.72405e-12','0','0','0','0','1.91617e-09','8.08542e-08','-5.15311e-08','3.10905e-10','6.09533e-10','3.48286e-10','2.72405e-12','1.31714e-05','0','0','0','0','0','0','0','0','0','0','0','0','0','0','0','0','0','0','0','0','0','0','0','0','0','0','0','0','0','0','0','0','0','0','0','0','0','0','0','0','0','0','0','0','0','0','0','0','0','0','0','0']

reports.append(Report(576225280, ("DT", -2, 1, 6), "MBwhAst1sec06"))
reports[-1].posNum = 31452
reports[-1].negNum = 0
reports[-1].fittype = "6DOF"
reports[-1].add_parameters(ValErr(0.010024, 0.00539651, 0), \
                           ValErr(-0.0823085, 0.0406952, 0), \
                           ValErr(0.107031, 0.0330222, 0), \
                           ValErr(0.000320204, 0.000110984, 0), \
                           ValErr(0.000160356, 0.000120257, 0), \
                           ValErr(6.97076e-05, 8.00499e-05, 0), \
                           -76653.7, 31452, 31452, -nan)
reports[-1].sigmax = ValErr(0.674625, 0.00268984, 0)
reports[-1].sigmay = ValErr(0.992915, 0.00395891, 0)
reports[-1].sigmadxdz = ValErr(0, 0, 0)
reports[-1].sigmadydz = ValErr(0, 0, 0)
reports[-1].add_stats(0.0199561, 0.0429389, -5.36388e-05, -0.00357962, 0.0209784, 0.0364588, -8.8025e-05, -0.00261404, 0.0209784, 0.0364588, -8.8025e-05, -0.00261404, 0.0211601, 0.0313652, -7.74498e-05, -0.00279236, 0.0211601, 0.0313652, -7.74498e-05, -0.00279236, 0.674678, 0.993421, 0.00343949, 0.0325015, 0.674678, 0.993421, 0.00343949, 0.0325015)
reports[-1].CovMatrix = ['2.91223e-05','0.000139866','-0.000114413','1.93637e-07','-8.72156e-08','-1.2702e-07','8.20631e-09','9.49165e-09','0','0','0','0','0.000139866','0.0016561','-0.00132894','2.40358e-06','-4.30232e-07','-4.53735e-08','8.91332e-09','1.90465e-07','0','0','0','0','-0.000114413','-0.00132894','0.00109046','-1.79705e-06','4.13028e-07','5.31549e-08','2.31436e-09','-1.45742e-07','0','0','0','0','1.93637e-07','2.40358e-06','-1.79705e-06','1.23175e-08','1.37136e-10','8.04787e-10','4.32714e-10','9.1722e-11','0','0','0','0','-8.72156e-08','-4.30232e-07','4.13028e-07','1.37136e-10','1.44618e-08','5.21354e-09','4.19474e-10','4.99153e-11','0','0','0','0','-1.2702e-07','-4.53735e-08','5.31549e-08','8.04787e-10','5.21354e-09','6.40799e-09','1.09585e-10','2.47441e-10','0','0','0','0','8.20631e-09','8.91332e-09','2.31436e-09','4.32714e-10','4.19474e-10','1.09585e-10','7.23522e-06','-7.5573e-12','0','0','0','0','9.49165e-09','1.90465e-07','-1.45742e-07','9.1722e-11','4.99153e-11','2.47441e-10','-7.5573e-12','1.5673e-05','0','0','0','0','0','0','0','0','0','0','0','0','0','0','0','0','0','0','0','0','0','0','0','0','0','0','0','0','0','0','0','0','0','0','0','0','0','0','0','0','0','0','0','0','0','0','0','0','0','0','0','0']

reports.append(Report(576487424, ("DT", -2, 1, 7), "MBwhAst1sec07"))
reports[-1].posNum = 42889
reports[-1].negNum = 0
reports[-1].fittype = "6DOF"
reports[-1].add_parameters(ValErr(-0.0393859, 0.00424528, 0), \
                           ValErr(0.0188308, 0.035461, 0), \
                           ValErr(0.148132, 0.0287487, 0), \
                           ValErr(1.70883e-05, 9.76139e-05, 0), \
                           ValErr(0.000180216, 0.000105076, 0), \
                           ValErr(-0.000183339, 6.98677e-05, 0), \
                           -104703, 42889, 42889, -nan)
reports[-1].sigmax = ValErr(0.675138, 0.00230518, 0)
reports[-1].sigmay = ValErr(0.996215, 0.00340146, 0)
reports[-1].sigmadxdz = ValErr(0, 0, 0)
reports[-1].sigmadydz = ValErr(0, 0, 0)
reports[-1].add_stats(-0.0316028, 0.202743, 0.000196088, -0.00138092, -0.0306427, 0.196055, 0.000193102, -0.00183962, -0.0306427, 0.196055, 0.000193102, -0.00183962, -0.0290214, 0.193014, 0.00018256, -0.00189608, -0.0290214, 0.193014, 0.00018256, -0.00189608, 0.675374, 0.996522, 0.00344871, 0.0320534, 0.675374, 0.996522, 0.00344871, 0.0320534)
reports[-1].CovMatrix = ['1.80224e-05','8.81944e-05','-7.22467e-05','1.26249e-07','-3.78365e-08','-6.35293e-08','1.4882e-08','-7.47889e-09','0','0','0','0','8.81944e-05','0.00125749','-0.00100928','1.83855e-06','-2.79745e-07','4.68327e-08','1.34242e-07','-5.88186e-08','0','0','0','0','-7.22467e-05','-0.00100928','0.000826489','-1.41271e-06','2.17629e-07','-3.13456e-08','-1.07886e-07','5.91615e-08','0','0','0','0','1.26249e-07','1.83855e-06','-1.41271e-06','9.52848e-09','-1.77125e-10','6.04474e-10','3.45573e-10','-1.53032e-11','0','0','0','0','-3.78365e-08','-2.79745e-07','2.17629e-07','-1.77125e-10','1.10409e-08','3.97563e-09','3.86782e-11','4.10755e-10','0','0','0','0','-6.35293e-08','4.68327e-08','-3.13456e-08','6.04474e-10','3.97563e-09','4.88149e-09','5.28774e-11','2.41377e-10','0','0','0','0','1.4882e-08','1.34242e-07','-1.07886e-07','3.45573e-10','3.86782e-11','5.28774e-11','5.31386e-06','-3.15725e-12','0','0','0','0','-7.47889e-09','-5.88186e-08','5.91615e-08','-1.53032e-11','4.10755e-10','2.41377e-10','-3.15725e-12','1.15699e-05','0','0','0','0','0','0','0','0','0','0','0','0','0','0','0','0','0','0','0','0','0','0','0','0','0','0','0','0','0','0','0','0','0','0','0','0','0','0','0','0','0','0','0','0','0','0','0','0','0','0','0','0']

reports.append(Report(576749568, ("DT", -2, 1, 8), "MBwhAst1sec08"))
reports[-1].posNum = 38122
reports[-1].negNum = 0
reports[-1].fittype = "6DOF"
reports[-1].add_parameters(ValErr(0.024079, 0.00446487, 0), \
                           ValErr(0.0510464, 0.0374285, 0), \
                           ValErr(-0.028659, 0.0303579, 0), \
                           ValErr(-0.000134647, 0.000101566, 0), \
                           ValErr(0.000371215, 0.000110345, 0), \
                           ValErr(-3.71638e-05, 7.18656e-05, 0), \
                           -92821.9, 38122, 38122, -nan)
reports[-1].sigmax = ValErr(0.670341, 0.00242784, 0)
reports[-1].sigmay = ValErr(0.996961, 0.0036139, 0)
reports[-1].sigmadxdz = ValErr(0, 0, 0)
reports[-1].sigmadydz = ValErr(0, 0, 0)
reports[-1].add_stats(0.0206761, 0.0268362, 0.000903438, -0.00134747, 0.0194702, 0.0203031, 0.00091197, -0.00111018, 0.0194702, 0.0203031, 0.00091197, -0.00111018, 0.0190374, 0.028055, 0.000909347, -0.00116893, 0.0190374, 0.028055, 0.000909347, -0.00116893, 0.670358, 0.997261, 0.00343716, 0.0333998, 0.670358, 0.997261, 0.00343716, 0.0333998)
reports[-1].CovMatrix = ['1.99351e-05','9.68091e-05','-7.93946e-05','1.37413e-07','-4.71485e-08','-7.79928e-08','-1.03462e-08','3.4871e-09','0','0','0','0','9.68091e-05','0.00140089','-0.0011247','2.03656e-06','-3.71757e-07','-2.15094e-08','-1.19355e-07','3.15947e-08','0','0','0','0','-7.93946e-05','-0.0011247','0.0009216','-1.56308e-06','2.93072e-07','2.66872e-08','1.02214e-07','-5.23701e-08','0','0','0','0','1.37413e-07','2.03656e-06','-1.56308e-06','1.03157e-08','7.4815e-11','5.73236e-10','-4.29989e-11','-1.8203e-10','0','0','0','0','-4.71485e-08','-3.71757e-07','2.93072e-07','7.4815e-11','1.21761e-08','4.21136e-09','7.13393e-11','-2.66619e-10','0','0','0','0','-7.79928e-08','-2.15094e-08','2.66872e-08','5.73236e-10','4.21136e-09','5.16466e-09','-1.36715e-11','-1.0025e-10','0','0','0','0','-1.03462e-08','-1.19355e-07','1.02214e-07','-4.29989e-11','7.13393e-11','-1.36715e-11','5.89443e-06','-2.2972e-09','0','0','0','0','3.4871e-09','3.15947e-08','-5.23701e-08','-1.8203e-10','-2.66619e-10','-1.0025e-10','-2.2972e-09','1.30603e-05','0','0','0','0','0','0','0','0','0','0','0','0','0','0','0','0','0','0','0','0','0','0','0','0','0','0','0','0','0','0','0','0','0','0','0','0','0','0','0','0','0','0','0','0','0','0','0','0','0','0','0','0']

reports.append(Report(577011712, ("DT", -2, 1, 9), "MBwhAst1sec09"))
reports[-1].posNum = 25320
reports[-1].negNum = 0
reports[-1].fittype = "6DOF"
reports[-1].add_parameters(ValErr(-0.0404793, 0.00528673, 0), \
                           ValErr(-0.0549673, 0.0447042, 0), \
                           ValErr(-0.00196251, 0.0362394, 0), \
                           ValErr(0.000134765, 0.000121028, 0), \
                           ValErr(7.69431e-05, 0.000129569, 0), \
                           ValErr(0.000216471, 8.57762e-05, 0), \
                           -61567.6, 25320, 25320, -nan)
reports[-1].sigmax = ValErr(0.671289, 0.00298306, 0)
reports[-1].sigmay = ValErr(0.992287, 0.00440952, 0)
reports[-1].sigmadxdz = ValErr(0, 0, 0)
reports[-1].sigmadydz = ValErr(0, 0, 0)
reports[-1].add_stats(-0.0350933, -0.0566581, 3.5975e-05, -0.00330542, -0.0375786, -0.059709, 5.74074e-05, -0.00207307, -0.0375786, -0.059709, 5.74074e-05, -0.00207307, -0.037118, -0.0634237, 5.55621e-05, -0.00212082, -0.037118, -0.0634237, 5.55621e-05, -0.00212082, 0.671367, 0.992333, 0.00343564, 0.0334392, 0.671367, 0.992333, 0.00343564, 0.0334392)
reports[-1].CovMatrix = ['2.79495e-05','0.00012983','-0.000106513','1.89472e-07','-3.2749e-08','-7.54465e-08','1.04231e-08','8.61419e-09','0','0','0','0','0.00012983','0.00199847','-0.0016031','2.94925e-06','-2.51927e-07','2.95925e-07','8.8833e-09','2.21755e-07','0','0','0','0','-0.000106513','-0.0016031','0.00131329','-2.28396e-06','1.51857e-07','-2.34623e-07','-2.18759e-09','-1.67835e-07','0','0','0','0','1.89472e-07','2.94925e-06','-2.28396e-06','1.46478e-08','-7.4538e-10','1.16641e-09','4.28696e-10','1.35343e-10','0','0','0','0','-3.2749e-08','-2.51927e-07','1.51857e-07','-7.4538e-10','1.6788e-08','5.87202e-09','5.19639e-12','7.12298e-10','0','0','0','0','-7.54465e-08','2.95925e-07','-2.34623e-07','1.16641e-09','5.87202e-09','7.35755e-09','7.12733e-12','5.14706e-10','0','0','0','0','1.04231e-08','8.8833e-09','-2.18759e-09','4.28696e-10','5.19639e-12','7.12733e-12','8.89864e-06','-6.38661e-12','0','0','0','0','8.61419e-09','2.21755e-07','-1.67835e-07','1.35343e-10','7.12298e-10','5.14706e-10','-6.38661e-12','1.94439e-05','0','0','0','0','0','0','0','0','0','0','0','0','0','0','0','0','0','0','0','0','0','0','0','0','0','0','0','0','0','0','0','0','0','0','0','0','0','0','0','0','0','0','0','0','0','0','0','0','0','0','0','0']

reports.append(Report(577273856, ("DT", -2, 1, 10), "MBwhAst1sec10"))
reports[-1].posNum = 27537
reports[-1].negNum = 0
reports[-1].fittype = "6DOF"
reports[-1].add_parameters(ValErr(0.0447332, 0.00504542, 0), \
                           ValErr(0.101163, 0.0444902, 0), \
                           ValErr(-0.000308544, 0.0361348, 0), \
                           ValErr(-0.000156931, 0.000113706, 0), \
                           ValErr(0.000145698, 0.000125773, 0), \
                           ValErr(0.0002017, 7.84808e-05, 0), \
                           -67141.1, 27537, 27537, -nan)
reports[-1].sigmax = ValErr(0.672582, 0.00286598, 0)
reports[-1].sigmay = ValErr(0.99697, 0.00424824, 0)
reports[-1].sigmadxdz = ValErr(0, 0, 0)
reports[-1].sigmadydz = ValErr(0, 0, 0)
reports[-1].add_stats(0.0485711, 0.108485, 4.22787e-05, -0.00175102, 0.0462191, 0.101607, 4.19463e-05, -0.000238599, 0.0462191, 0.101607, 4.19463e-05, -0.000238599, 0.0486159, 0.100959, 2.56837e-05, -0.000110991, 0.0486159, 0.100959, 2.56837e-05, -0.000110991, 0.672675, 0.997023, 0.00342673, 0.0331713, 0.672675, 0.997023, 0.00342673, 0.0331713)
reports[-1].CovMatrix = ['2.54562e-05','0.000128743','-0.000105756','1.90569e-07','6.58367e-09','-2.10993e-08','6.54846e-09','1.55947e-08','0','0','0','0','0.000128743','0.00197938','-0.00159265','2.88393e-06','-2.84337e-07','2.46301e-07','1.59183e-08','1.93343e-07','0','0','0','0','-0.000105756','-0.00159265','0.00130572','-2.3207e-06','1.79639e-07','-2.00016e-07','-9.87753e-09','-1.47011e-07','0','0','0','0','1.90569e-07','2.88393e-06','-2.3207e-06','1.2929e-08','-5.88682e-10','9.89966e-10','4.47473e-10','-1.52075e-11','0','0','0','0','6.58367e-09','-2.84337e-07','1.79639e-07','-5.88682e-10','1.5819e-08','4.94582e-09','8.85575e-12','6.61618e-10','0','0','0','0','-2.10993e-08','2.46301e-07','-2.00016e-07','9.89966e-10','4.94582e-09','6.15924e-09','3.69915e-10','-7.63392e-11','0','0','0','0','6.54846e-09','1.59183e-08','-9.87753e-09','4.47473e-10','8.85575e-12','3.69915e-10','8.21382e-06','-3.27773e-11','0','0','0','0','1.55947e-08','1.93343e-07','-1.47011e-07','-1.52075e-11','6.61618e-10','-7.63392e-11','-3.27773e-11','1.80475e-05','0','0','0','0','0','0','0','0','0','0','0','0','0','0','0','0','0','0','0','0','0','0','0','0','0','0','0','0','0','0','0','0','0','0','0','0','0','0','0','0','0','0','0','0','0','0','0','0','0','0','0','0']

reports.append(Report(577536000, ("DT", -2, 1, 11), "MBwhAst1sec11"))
reports[-1].posNum = 28668
reports[-1].negNum = 0
reports[-1].fittype = "6DOF"
reports[-1].add_parameters(ValErr(0.0481794, 0.0052597, 0), \
                           ValErr(0.0957305, 0.0444744, 0), \
                           ValErr(-0.0395125, 0.0360595, 0), \
                           ValErr(0.000347166, 0.00011363, 0), \
                           ValErr(-0.000312337, 0.000127011, 0), \
                           ValErr(-3.28836e-05, 7.94097e-05, 0), \
                           -70081.2, 28668, 28668, -nan)
reports[-1].sigmax = ValErr(0.674616, 0.00281735, 0)
reports[-1].sigmay = ValErr(1.00031, 0.00417756, 0)
reports[-1].sigmadxdz = ValErr(0, 0, 0)
reports[-1].sigmadydz = ValErr(0, 0, 0)
reports[-1].add_stats(0.0470409, 0.0538251, -0.000549938, -0.00302804, 0.0453232, 0.0463608, -0.000555214, -0.0024739, 0.0453232, 0.0463608, -0.000555214, -0.0024739, 0.0482579, 0.0473031, -0.000567046, -0.00267938, 0.0482579, 0.0473031, -0.000567046, -0.00267938, 0.67462, 1.0006, 0.0034414, 0.0339747, 0.67462, 1.0006, 0.0034414, 0.0339747)
reports[-1].CovMatrix = ['2.76644e-05','0.000148472','-0.000121374','2.15798e-07','-6.53367e-09','-2.83963e-08','1.93429e-08','-1.64085e-09','0','0','0','0','0.000148472','0.00197797','-0.00158939','2.83468e-06','-4.32781e-07','8.37942e-08','1.77236e-07','-5.06148e-08','0','0','0','0','-0.000121374','-0.00158939','0.00130029','-2.27903e-06','3.72528e-07','-6.50699e-08','-1.43419e-07','5.65128e-08','0','0','0','0','2.15798e-07','2.83468e-06','-2.27903e-06','1.29119e-08','-1.18995e-10','9.36303e-10','6.82258e-10','-3.50816e-10','0','0','0','0','-6.53367e-09','-4.32781e-07','3.72528e-07','-1.18995e-10','1.61319e-08','5.0681e-09','-3.91532e-11','7.78308e-10','0','0','0','0','-2.83963e-08','8.37942e-08','-6.50699e-08','9.36303e-10','5.0681e-09','6.3059e-09','3.31551e-10','-3.21864e-11','0','0','0','0','1.93429e-08','1.77236e-07','-1.43419e-07','6.82258e-10','-3.91532e-11','3.31551e-10','7.93747e-06','-3.53585e-11','0','0','0','0','-1.64085e-09','-5.06148e-08','5.65128e-08','-3.50816e-10','7.78308e-10','-3.21864e-11','-3.53585e-11','1.7452e-05','0','0','0','0','0','0','0','0','0','0','0','0','0','0','0','0','0','0','0','0','0','0','0','0','0','0','0','0','0','0','0','0','0','0','0','0','0','0','0','0','0','0','0','0','0','0','0','0','0','0','0','0']

reports.append(Report(577798144, ("DT", -2, 1, 12), "MBwhAst1sec12"))
reports[-1].posNum = 36643
reports[-1].negNum = 0
reports[-1].fittype = "6DOF"
reports[-1].add_parameters(ValErr(-0.0104591, 0.00461264, 0), \
                           ValErr(0.0784265, 0.0385775, 0), \
                           ValErr(0.0462521, 0.0313058, 0), \
                           ValErr(-8.4821e-05, 0.000103286, 0), \
                           ValErr(0.000409289, 0.000112583, 0), \
                           ValErr(0.000348907, 7.30213e-05, 0), \
                           -89326.3, 36643, 36643, -nan)
reports[-1].sigmax = ValErr(0.672415, 0.00248386, 0)
reports[-1].sigmay = ValErr(0.996752, 0.00368195, 0)
reports[-1].sigmadxdz = ValErr(0, 0, 0)
reports[-1].sigmadydz = ValErr(0, 0, 0)
reports[-1].add_stats(0.00334516, 0.139304, 0.000748439, -0.00314856, -0.00154479, 0.13517, 0.00073133, -0.00148729, -0.00154479, 0.13517, 0.00073133, -0.00148729, 0.000249341, 0.137887, 0.000725479, -0.00158776, 0.000249341, 0.137887, 0.000725479, -0.00158776, 0.672647, 0.996775, 0.00344601, 0.0318404, 0.672647, 0.996775, 0.00344601, 0.0318404)
reports[-1].CovMatrix = ['2.12764e-05','0.000104676','-8.58136e-05','1.49572e-07','-4.61835e-08','-7.66165e-08','1.11438e-08','7.38322e-10','0','0','0','0','0.000104676','0.00148823','-0.00119568','2.17678e-06','-3.15966e-07','6.35206e-08','6.83607e-08','6.89211e-08','0','0','0','0','-8.58136e-05','-0.00119568','0.000980053','-1.67329e-06','2.48849e-07','-4.35885e-08','-6.11285e-08','-3.21519e-08','0','0','0','0','1.49572e-07','2.17678e-06','-1.67329e-06','1.06679e-08','-1.9199e-10','6.85957e-10','-2.39933e-10','9.3652e-10','0','0','0','0','-4.61835e-08','-3.15966e-07','2.48849e-07','-1.9199e-10','1.26749e-08','4.32955e-09','1.84769e-10','2.59339e-10','0','0','0','0','-7.66165e-08','6.35206e-08','-4.35885e-08','6.85957e-10','4.32955e-09','5.33211e-09','6.46413e-11','2.55886e-10','0','0','0','0','1.11438e-08','6.83607e-08','-6.11285e-08','-2.39933e-10','1.84769e-10','6.46413e-11','6.16959e-06','-3.23815e-11','0','0','0','0','7.38322e-10','6.89211e-08','-3.21519e-08','9.3652e-10','2.59339e-10','2.55886e-10','-3.23815e-11','1.35568e-05','0','0','0','0','0','0','0','0','0','0','0','0','0','0','0','0','0','0','0','0','0','0','0','0','0','0','0','0','0','0','0','0','0','0','0','0','0','0','0','0','0','0','0','0','0','0','0','0','0','0','0','0']

reports.append(Report(579108864, ("DT", -2, 2, 1), "MBwhAst2sec01"))
reports[-1].posNum = 49232
reports[-1].negNum = 0
reports[-1].fittype = "6DOF"
reports[-1].add_parameters(ValErr(-0.10034, 0.00431535, 0), \
                           ValErr(0.0864936, 0.0340655, 0), \
                           ValErr(-0.011749, 0.0326695, 0), \
                           ValErr(2.71867e-05, 0.000124828, 0), \
                           ValErr(0.000292762, 0.000118867, 0), \
                           ValErr(-0.000146204, 8.36342e-05, 0), \
                           -143891, 49232, 49232, -nan)
reports[-1].sigmax = ValErr(0.891189, 0.00284008, 0)
reports[-1].sigmay = ValErr(1.22145, 0.00389261, 0)
reports[-1].sigmadxdz = ValErr(0, 0, 0)
reports[-1].sigmadydz = ValErr(0, 0, 0)
reports[-1].add_stats(-0.104182, 0.0799047, 0.000214847, 0.000206635, -0.103572, 0.0745029, 0.000218451, -0.000722745, -0.103572, 0.0745029, 0.000218451, -0.000722745, -0.102378, 0.0793613, 0.000216412, -0.000714043, -0.102378, 0.0793613, 0.000216412, -0.000714043, 0.891236, 1.22173, 0.0037246, 0.0259548, 0.891236, 1.22173, 0.0037246, 0.0259548)
reports[-1].CovMatrix = ['1.86223e-05','-4.70316e-05','4.56735e-05','-8.17062e-08','1.68341e-08','-3.30191e-08','9.42312e-09','-1.26871e-09','0','0','0','0','-4.70316e-05','0.00116046','-0.00109797','1.9643e-06','2.18734e-07','5.29394e-08','-6.00586e-08','1.26183e-07','0','0','0','0','4.56735e-05','-0.00109797','0.0010673','-1.824e-06','-2.17773e-07','-5.47134e-08','5.55194e-08','-9.88729e-08','0','0','0','0','-8.17062e-08','1.9643e-06','-1.824e-06','1.55819e-08','-6.37631e-11','-4.25703e-10','-5.24797e-10','1.12916e-09','0','0','0','0','1.68341e-08','2.18734e-07','-2.17773e-07','-6.37631e-11','1.41293e-08','6.68108e-09','-6.1045e-11','9.74992e-10','0','0','0','0','-3.30191e-08','5.29394e-08','-5.47134e-08','-4.25703e-10','6.68108e-09','6.99468e-09','2.00169e-10','3.06841e-10','0','0','0','0','9.42312e-09','-6.00586e-08','5.55194e-08','-5.24797e-10','-6.1045e-11','2.00169e-10','8.06607e-06','-4.9883e-11','0','0','0','0','-1.26871e-09','1.26183e-07','-9.88729e-08','1.12916e-09','9.74992e-10','3.06841e-10','-4.9883e-11','1.51524e-05','0','0','0','0','0','0','0','0','0','0','0','0','0','0','0','0','0','0','0','0','0','0','0','0','0','0','0','0','0','0','0','0','0','0','0','0','0','0','0','0','0','0','0','0','0','0','0','0','0','0','0','0']

reports.append(Report(579371008, ("DT", -2, 2, 2), "MBwhAst2sec02"))
reports[-1].posNum = 45263
reports[-1].negNum = 0
reports[-1].fittype = "6DOF"
reports[-1].add_parameters(ValErr(0.0475586, 0.00423148, 0), \
                           ValErr(-0.0396626, 0.00509063, 0), \
                           ValErr(-0.0533413, 0.00476615, 0), \
                           ValErr(0.000108915, 0.000118934, 0), \
                           ValErr(-4.3253e-05, 0.000122998, 0), \
                           ValErr(-5.81855e-05, 8.86002e-05, 0), \
                           -132029, 45263, 45263, -nan)
reports[-1].sigmax = ValErr(0.88927, 0.00292607, 0)
reports[-1].sigmay = ValErr(1.21703, 0.00398936, 0)
reports[-1].sigmadxdz = ValErr(0, 0, 0)
reports[-1].sigmadydz = ValErr(0, 0, 0)
reports[-1].add_stats(0.0513759, -0.0920379, 0.00010696, -0.000113072, 0.0497999, -0.0947116, 9.64499e-05, -0.00108757, 0.0497999, -0.0947116, 9.64499e-05, -0.00108757, 0.0484136, -0.0927298, 0.000104062, -0.00111314, 0.0484136, -0.0927298, 0.000104062, -0.00111314, 0.889296, 1.21704, 0.00369425, 0.0256904, 0.889296, 1.21704, 0.00369425, 0.0256904)
reports[-1].CovMatrix = ['1.79054e-05','1.77167e-06','-1.39175e-06','1.8305e-09','2.37062e-08','-3.91431e-08','1.09756e-07','-9.56502e-08','0','0','0','0','1.77167e-06','2.59145e-05','-8.48327e-06','6.27623e-08','-7.37956e-08','-5.73526e-08','3.39452e-08','-4.97664e-07','0','0','0','0','-1.39175e-06','-8.48327e-06','2.27162e-05','3.38117e-08','2.98423e-08','4.3668e-08','2.82088e-07','-2.10139e-07','0','0','0','0','1.8305e-09','6.27623e-08','3.38117e-08','1.41453e-08','-1.33452e-09','-8.21278e-10','-2.39039e-09','9.43818e-10','0','0','0','0','2.37062e-08','-7.37956e-08','2.98423e-08','-1.33452e-09','1.51284e-08','7.47306e-09','2.84481e-10','3.08455e-09','0','0','0','0','-3.91431e-08','-5.73526e-08','4.3668e-08','-8.21278e-10','7.47306e-09','7.85e-09','-4.53432e-11','-1.328e-09','0','0','0','0','1.09756e-07','3.39452e-08','2.82088e-07','-2.39039e-09','2.84481e-10','-4.53432e-11','8.56192e-06','1.87791e-07','0','0','0','0','-9.56502e-08','-4.97664e-07','-2.10139e-07','9.43818e-10','3.08455e-09','-1.328e-09','1.87791e-07','1.5915e-05','0','0','0','0','0','0','0','0','0','0','0','0','0','0','0','0','0','0','0','0','0','0','0','0','0','0','0','0','0','0','0','0','0','0','0','0','0','0','0','0','0','0','0','0','0','0','0','0','0','0','0','0']

reports.append(Report(579633152, ("DT", -2, 2, 3), "MBwhAst2sec03"))
reports[-1].posNum = 39931
reports[-1].negNum = 0
reports[-1].fittype = "6DOF"
reports[-1].add_parameters(ValErr(-0.0681581, 0.0048125, 0), \
                           ValErr(-0.12846, 0.0376261, 0), \
                           ValErr(0.0127143, 0.0360725, 0), \
                           ValErr(-8.37514e-06, 0.000140017, 0), \
                           ValErr(3.54833e-06, 0.000134361, 0), \
                           ValErr(-7.90904e-05, 9.50416e-05, 0), \
                           -115767, 39931, 39931, -nan)
reports[-1].sigmax = ValErr(0.886801, 0.00313803, 0)
reports[-1].sigmay = ValErr(1.19893, 0.00424258, 0)
reports[-1].sigmadxdz = ValErr(0, 0, 0)
reports[-1].sigmadydz = ValErr(0, 0, 0)
reports[-1].add_stats(-0.0659265, -0.116341, 0.000250853, 0.000171922, -0.0699881, -0.115612, 0.000260256, -0.000654172, -0.0699881, -0.115612, 0.000260256, -0.000654172, -0.0690825, -0.113664, 0.000262614, -0.000753753, -0.0690825, -0.113664, 0.000262614, -0.000753753, 0.88681, 1.19893, 0.0037236, 0.0252956, 0.88681, 1.19893, 0.0037236, 0.0252956)
reports[-1].CovMatrix = ['2.31602e-05','-5.48125e-05','5.32793e-05','-9.39719e-08','-2.57169e-08','-8.74283e-08','1.33059e-08','-7.93749e-09','0','0','0','0','-5.48125e-05','0.00141572','-0.00133875','2.4448e-06','2.55981e-07','3.98063e-08','-4.02664e-08','1.17685e-07','0','0','0','0','5.32793e-05','-0.00133875','0.00130123','-2.18748e-06','-2.42127e-07','-4.45269e-08','3.57982e-08','-8.25229e-08','0','0','0','0','-9.39719e-08','2.4448e-06','-2.18748e-06','1.96048e-08','2.27418e-10','-4.5039e-10','-3.20493e-10','1.02362e-09','0','0','0','0','-2.57169e-08','2.55981e-07','-2.42127e-07','2.27418e-10','1.8053e-08','8.72035e-09','-5.00724e-10','1.78224e-09','0','0','0','0','-8.74283e-08','3.98063e-08','-4.45269e-08','-4.5039e-10','8.72035e-09','9.03291e-09','-2.19495e-10','1.00195e-09','0','0','0','0','1.33059e-08','-4.02664e-08','3.57982e-08','-3.20493e-10','-5.00724e-10','-2.19495e-10','9.84721e-06','-6.53037e-11','0','0','0','0','-7.93749e-09','1.17685e-07','-8.25229e-08','1.02362e-09','1.78224e-09','1.00195e-09','-6.53037e-11','1.79995e-05','0','0','0','0','0','0','0','0','0','0','0','0','0','0','0','0','0','0','0','0','0','0','0','0','0','0','0','0','0','0','0','0','0','0','0','0','0','0','0','0','0','0','0','0','0','0','0','0','0','0','0','0']

reports.append(Report(579895296, ("DT", -2, 2, 4), "MBwhAst2sec04"))
reports[-1].posNum = 47896
reports[-1].negNum = 0
reports[-1].fittype = "6DOF"
reports[-1].add_parameters(ValErr(0.00506112, 0.0043189, 0), \
                           ValErr(-0.0477489, 0.0344148, 0), \
                           ValErr(0.0722114, 0.0329746, 0), \
                           ValErr(3.69688e-05, 0.000128307, 0), \
                           ValErr(7.95188e-05, 0.000120772, 0), \
                           ValErr(4.45522e-05, 8.56011e-05, 0), \
                           -139263, 47896, 47896, -nan)
reports[-1].sigmax = ValErr(0.882839, 0.00285245, 0)
reports[-1].sigmay = ValErr(1.21452, 0.00392411, 0)
reports[-1].sigmadxdz = ValErr(0, 0, 0)
reports[-1].sigmadydz = ValErr(0, 0, 0)
reports[-1].add_stats(0.00075325, 0.0219166, 8.32305e-05, -0.000662629, 0.00204023, 0.0254344, 9.58027e-05, -0.00119661, 0.00204023, 0.0254344, 9.58027e-05, -0.00119661, 0.00142444, 0.0303874, 9.77395e-05, -0.00129553, 0.00142444, 0.0303874, 9.77395e-05, -0.00129553, 0.882883, 1.21455, 0.00369722, 0.0252823, 0.882883, 1.21455, 0.00369722, 0.0252823)
