nan = None;  NAN = None
nan = 0
reports = []
class ValErr:
    def __init__(self, value, error, antisym):
        self.value, self.error, self.antisym = value, error, antisym

    def __repr__(self):
        if self.antisym == 0.:
            return "%g +- %g" % (self.value, self.error)
        else:
            return "%g +- %g ~ %g" % (self.value, self.error, self.antisym)

class Report:
    def __init__(self, chamberId, postal_address, name):
        self.chamberId, self.postal_address, self.name = chamberId, postal_address, name
        self.status = "NOFIT"
        self.fittype = None
        self.CovMatrix = None

    def add_parameters(self, deltax, deltay, deltaz, deltaphix, deltaphiy, deltaphiz, loglikelihood, numsegments, sumofweights, redchi2):
        self.status = "PASS"
        self.deltax, self.deltay, self.deltaz, self.deltaphix, self.deltaphiy, self.deltaphiz = deltax, deltay, deltaz, deltaphix, deltaphiy, deltaphiz
        self.loglikelihood, self.numsegments, self.sumofweights, self.redchi2 = loglikelihood, numsegments, sumofweights, redchi2

    def add_stats(self, median_x, median_y, median_dxdz, median_dydz, mean30_x, mean30_y, mean20_dxdz, mean50_dydz, mean15_x, mean15_y, mean10_dxdz, mean25_dydz, wmean30_x, wmean30_y, wmean20_dxdz, wmean50_dydz, wmean15_x, wmean15_y, wmean10_dxdz, wmean25_dydz, stdev30_x, stdev30_y, stdev20_dxdz, stdev50_dydz, stdev15_x, stdev15_y, stdev10_dxdz, stdev25_dydz):
        self.median_x, self.median_y, self.median_dxdz, self.median_dydz, self.mean30_x, self.mean30_y, self.mean20_dxdz, self.mean50_dydz, self.mean15_x, self.mean15_y, self.mean10_dxdz, self.mean25_dydz, self.wmean30_x, self.wmean30_y, self.wmean20_dxdz, self.wmean50_dydz, self.wmean15_x, self.wmean15_y, self.wmean10_dxdz, self.wmean25_dydz, self.stdev30_x, self.stdev30_y, self.stdev20_dxdz, self.stdev50_dydz, self.stdev15_x, self.stdev15_y, self.stdev10_dxdz, self.stdev25_dydz = median_x, median_y, median_dxdz, median_dydz, mean30_x, mean30_y, mean20_dxdz, mean50_dydz, mean15_x, mean15_y, mean10_dxdz, mean25_dydz, wmean30_x, wmean30_y, wmean20_dxdz, wmean50_dydz, wmean15_x, wmean15_y, wmean10_dxdz, wmean25_dydz, stdev30_x, stdev30_y, stdev20_dxdz, stdev50_dydz, stdev15_x, stdev15_y, stdev10_dxdz, stdev25_dydz

    def __repr__(self):
        return "<Report %s %s %s>" % (self.postal_address[0], " ".join(map(str, self.postal_address[1:])), self.status)

reports.append(Report(574914560, ("DT", -2, 1, 1), "MBwhAst1sec01"))
reports[-1].posNum = 40837
reports[-1].negNum = 0
reports[-1].fittype = "6DOF"
reports[-1].add_parameters(ValErr(-0.0807604, 0.00431456, 0), \
                           ValErr(0.167086, 0.0353214, 0), \
                           ValErr(0.0276072, 0.0286302, 0), \
                           ValErr(-1.64444e-05, 9.84149e-05, 0), \
                           ValErr(0.000235271, 0.000104357, 0), \
                           ValErr(4.8585e-05, 7.00493e-05, 0), \
                           -99536.1, 40837, 40837, -nan)
reports[-1].sigmax = ValErr(0.672137, 0.00235188, 0)
reports[-1].sigmay = ValErr(0.996822, 0.00348801, 0)
reports[-1].sigmadxdz = ValErr(0, 0, 0)
reports[-1].sigmadydz = ValErr(0, 0, 0)
reports[-1].add_stats(-0.0791216, 0.206101, 8.97613e-05, -0.00244591, -0.0785833, 0.200559, 9.02223e-05, -0.00141734, -0.0785833, 0.200559, 9.02223e-05, -0.00141734, -0.0747379, 0.205403, 7.33587e-05, -0.00153818, -0.0747379, 0.205403, 7.33587e-05, -0.00153818, 0.672144, 0.996888, 0.00346062, 0.0315538, 0.672144, 0.996888, 0.00346062, 0.0315538)
reports[-1].CovMatrix = ['1.86154e-05','8.80063e-05','-7.21e-05','1.26742e-07','-3.65256e-08','-6.51549e-08','1.05216e-08','-5.73658e-10','0','0','0','0','8.80063e-05','0.0012476','-0.00100048','1.83803e-06','-2.44455e-07','7.99363e-08','4.93912e-08','7.10304e-08','0','0','0','0','-7.21e-05','-0.00100048','0.000819686','-1.4049e-06','1.91082e-07','-5.82455e-08','-4.30508e-08','-3.92873e-08','0','0','0','0','1.26742e-07','1.83803e-06','-1.4049e-06','9.68549e-09','-2.57331e-10','6.56866e-10','-8.83215e-11','6.42362e-10','0','0','0','0','-3.65256e-08','-2.44455e-07','1.91082e-07','-2.57331e-10','1.08904e-08','3.94875e-09','2.73789e-10','6.87157e-11','0','0','0','0','-6.51549e-08','7.99363e-08','-5.82455e-08','6.56866e-10','3.94875e-09','4.90691e-09','2.25458e-11','2.97008e-10','0','0','0','0','1.05216e-08','4.93912e-08','-4.30508e-08','-8.83215e-11','2.73789e-10','2.25458e-11','5.53135e-06','-1.35741e-11','0','0','0','0','-5.73658e-10','7.10304e-08','-3.92873e-08','6.42362e-10','6.87157e-11','2.97008e-10','-1.35741e-11','1.21662e-05','0','0','0','0','0','0','0','0','0','0','0','0','0','0','0','0','0','0','0','0','0','0','0','0','0','0','0','0','0','0','0','0','0','0','0','0','0','0','0','0','0','0','0','0','0','0','0','0','0','0','0','0']

reports.append(Report(575176704, ("DT", -2, 1, 2), "MBwhAst1sec02"))
reports[-1].posNum = 26495
reports[-1].negNum = 0
reports[-1].fittype = "6DOF"
reports[-1].add_parameters(ValErr(0.0152141, 0.00532991, 0), \
                           ValErr(-0.0847779, 0.0443241, 0), \
                           ValErr(0.0201467, 0.0358825, 0), \
                           ValErr(-1.66525e-05, 0.000118378, 0), \
                           ValErr(0.000272765, 0.000131985, 0), \
                           ValErr(7.8045e-06, 8.36673e-05, 0), \
                           -64597.1, 26495, 26495, -nan)
reports[-1].sigmax = ValErr(0.670609, 0.00291322, 0)
reports[-1].sigmay = ValErr(0.999777, 0.00434317, 0)
reports[-1].sigmadxdz = ValErr(0, 0, 0)
reports[-1].sigmadydz = ValErr(0, 0, 0)
reports[-1].add_stats(0.0199786, -0.0665124, 0.000886894, -0.00266705, 0.0158255, -0.0594155, 0.000911478, -0.00141534, 0.0158255, -0.0594155, 0.000911478, -0.00141534, 0.0140212, -0.0619419, 0.000911538, -0.00146898, 0.0140212, -0.0619419, 0.000911538, -0.00146898, 0.670612, 0.99988, 0.00344134, 0.0330979, 0.670612, 0.99988, 0.00344134, 0.0330979)
reports[-1].CovMatrix = ['2.84079e-05','0.000130757','-0.000107149','1.84116e-07','-7.76098e-08','-1.23424e-07','1.20365e-08','3.38194e-09','0','0','0','0','0.000130757','0.00196463','-0.00157327','2.85439e-06','-5.13565e-07','3.77017e-08','4.33438e-08','1.58497e-07','0','0','0','0','-0.000107149','-0.00157327','0.00128756','-2.16324e-06','3.8238e-07','-1.80713e-08','-3.008e-08','-1.13771e-07','0','0','0','0','1.84116e-07','2.85439e-06','-2.16324e-06','1.40134e-08','-3.42613e-10','7.65988e-10','3.69865e-10','2.34627e-10','0','0','0','0','-7.76098e-08','-5.13565e-07','3.8238e-07','-3.42613e-10','1.74199e-08','5.73261e-09','-3.90842e-11','7.60668e-10','0','0','0','0','-1.23424e-07','3.77017e-08','-1.80713e-08','7.65988e-10','5.73261e-09','7.00022e-09','2.7084e-12','4.50602e-10','0','0','0','0','1.20365e-08','4.33438e-08','-3.008e-08','3.69865e-10','-3.90842e-11','2.7084e-12','8.48683e-06','1.92661e-12','0','0','0','0','3.38194e-09','1.58497e-07','-1.13771e-07','2.34627e-10','7.60668e-10','4.50602e-10','1.92661e-12','1.88631e-05','0','0','0','0','0','0','0','0','0','0','0','0','0','0','0','0','0','0','0','0','0','0','0','0','0','0','0','0','0','0','0','0','0','0','0','0','0','0','0','0','0','0','0','0','0','0','0','0','0','0','0','0']

reports.append(Report(575438848, ("DT", -2, 1, 3), "MBwhAst1sec03"))
reports[-1].posNum = 29543
reports[-1].negNum = 0
reports[-1].fittype = "6DOF"
reports[-1].add_parameters(ValErr(-0.0324841, 0.00534091, 0), \
                           ValErr(-0.122935, 0.040829, 0), \
                           ValErr(0.0203522, 0.0331489, 0), \
                           ValErr(-0.000148693, 0.000112743, 0), \
                           ValErr(0.000382542, 0.000119677, 0), \
                           ValErr(-3.66556e-05, 8.1351e-05, 0), \
                           -71633.9, 29543, 29543, -nan)
reports[-1].sigmax = ValErr(0.670553, 0.00275861, 0)
reports[-1].sigmay = ValErr(0.986601, 0.00405883, 0)
reports[-1].sigmadxdz = ValErr(0, 0, 0)
reports[-1].sigmadydz = ValErr(0, 0, 0)
reports[-1].add_stats(-0.0346907, -0.102599, 0.000110323, -0.00255659, -0.0331216, -0.0969566, 0.000120311, -0.0017736, -0.0331216, -0.0969566, 0.000120311, -0.0017736, -0.0295078, -0.0988062, 0.000111459, -0.00186792, -0.0295078, -0.0988062, 0.000111459, -0.00186792, 0.670572, 0.986881, 0.00343889, 0.0323925, 0.670572, 0.986881, 0.00343889, 0.0323925)
reports[-1].CovMatrix = ['2.85253e-05','0.000132899','-0.000108889','1.86205e-07','-7.90779e-08','-1.21492e-07','1.50383e-08','-9.70715e-10','0','0','0','0','0.000132899','0.001667','-0.00133808','2.43239e-06','-3.99709e-07','-1.90665e-09','9.81898e-08','5.76066e-08','0','0','0','0','-0.000108889','-0.00133808','0.00109885','-1.82489e-06','3.64374e-07','1.61108e-08','-7.43011e-08','-3.21409e-08','0','0','0','0','1.86205e-07','2.43239e-06','-1.82489e-06','1.27109e-08','-6.61401e-12','8.23156e-10','5.07932e-10','-8.73302e-12','0','0','0','0','-7.90779e-08','-3.99709e-07','3.64374e-07','-6.61401e-12','1.43226e-08','5.35938e-09','-2.17144e-10','9.90762e-10','0','0','0','0','-1.21492e-07','-1.90665e-09','1.61108e-08','8.23156e-10','5.35938e-09','6.61799e-09','1.22775e-11','4.16192e-10','0','0','0','0','1.50383e-08','9.81898e-08','-7.43011e-08','5.07932e-10','-2.17144e-10','1.22775e-11','7.60996e-06','-1.50388e-11','0','0','0','0','-9.70715e-10','5.76066e-08','-3.21409e-08','-8.73302e-12','9.90762e-10','4.16192e-10','-1.50388e-11','1.64741e-05','0','0','0','0','0','0','0','0','0','0','0','0','0','0','0','0','0','0','0','0','0','0','0','0','0','0','0','0','0','0','0','0','0','0','0','0','0','0','0','0','0','0','0','0','0','0','0','0','0','0','0','0']

reports.append(Report(575700992, ("DT", -2, 1, 4), "MBwhAst1sec04"))
reports[-1].posNum = 41334
reports[-1].negNum = 0
reports[-1].fittype = "6DOF"
reports[-1].add_parameters(ValErr(-0.103622, 0.00423603, 0), \
                           ValErr(0.0971218, 0.0365445, 0), \
                           ValErr(-0.0581464, 0.0295731, 0), \
                           ValErr(0.000137644, 9.74755e-05, 0), \
                           ValErr(-4.54185e-05, 0.000105839, 0), \
                           ValErr(0.000358058, 6.88166e-05, 0), \
                           -101249, 41334, 41334, -nan)
reports[-1].sigmax = ValErr(0.676355, 0.00235237, 0)
reports[-1].sigmay = ValErr(1.00269, 0.00348739, 0)
reports[-1].sigmadxdz = ValErr(0, 0, 0)
reports[-1].sigmadydz = ValErr(0, 0, 0)
reports[-1].add_stats(-0.103863, 0.0224, 0.000545237, -0.0030308, -0.102978, 0.0240894, 0.000564632, -0.00217565, -0.102978, 0.0240894, 0.000564632, -0.00217565, -0.104861, 0.0227076, 0.000572775, -0.00216449, -0.104861, 0.0227076, 0.000572775, -0.00216449, 0.676601, 1.00285, 0.0034505, 0.0343953, 0.676601, 1.00285, 0.0034505, 0.0343953)
reports[-1].CovMatrix = ['1.7944e-05','8.91033e-05','-7.29093e-05','1.28792e-07','-2.44611e-08','-4.84661e-08','1.41175e-08','-5.33256e-09','0','0','0','0','8.91033e-05','0.0013355','-0.0010703','1.9461e-06','-2.63804e-07','9.62504e-08','1.03532e-07','-6.28693e-09','0','0','0','0','-7.29093e-05','-0.0010703','0.000874567','-1.51628e-06','1.86496e-07','-7.34834e-08','-8.51611e-08','1.90359e-08','0','0','0','0','1.28792e-07','1.9461e-06','-1.51628e-06','9.50148e-09','-3.05486e-10','6.29489e-10','1.99863e-10','1.91346e-10','0','0','0','0','-2.44611e-08','-2.63804e-07','1.86496e-07','-3.05486e-10','1.12019e-08','3.81007e-09','3.18059e-10','-4.86782e-12','0','0','0','0','-4.84661e-08','9.62504e-08','-7.34834e-08','6.29489e-10','3.81007e-09','4.73572e-09','4.21474e-11','2.62133e-10','0','0','0','0','1.41175e-08','1.03532e-07','-8.51611e-08','1.99863e-10','3.18059e-10','4.21474e-11','5.53366e-06','-6.65691e-12','0','0','0','0','-5.33256e-09','-6.28693e-09','1.90359e-08','1.91346e-10','-4.86782e-12','2.62133e-10','-6.65691e-12','1.21619e-05','0','0','0','0','0','0','0','0','0','0','0','0','0','0','0','0','0','0','0','0','0','0','0','0','0','0','0','0','0','0','0','0','0','0','0','0','0','0','0','0','0','0','0','0','0','0','0','0','0','0','0','0']

reports.append(Report(575963136, ("DT", -2, 1, 5), "MBwhAst1sec05"))
reports[-1].posNum = 37273
reports[-1].negNum = 0
reports[-1].fittype = "6DOF"
reports[-1].add_parameters(ValErr(0.0222309, 0.00467055, 0), \
                           ValErr(-0.0232038, 0.0379, 0), \
                           ValErr(-0.0160842, 0.0307725, 0), \
                           ValErr(-0.000342752, 0.000101212, 0), \
                           ValErr(6.72696e-05, 0.000110977, 0), \
                           ValErr(-0.000207065, 7.15545e-05, 0), \
                           -90739.5, 37273, 37273, -nan)
reports[-1].sigmax = ValErr(0.672446, 0.00246289, 0)
reports[-1].sigmay = ValErr(0.993434, 0.00363855, 0)
reports[-1].sigmadxdz = ValErr(0, 0, 0)
reports[-1].sigmadydz = ValErr(0, 0, 0)
reports[-1].add_stats(0.0172029, -0.0295362, -0.000149209, -0.000669053, 0.0172178, -0.0370751, -0.00013641, -0.000725746, 0.0172178, -0.0370751, -0.00013641, -0.000725746, 0.0173713, -0.0410838, -0.000141547, -0.000893178, 0.0173713, -0.0410838, -0.000141547, -0.000893178, 0.672494, 0.99378, 0.00343915, 0.0338792, 0.672494, 0.99378, 0.00343915, 0.0338792)
reports[-1].CovMatrix = ['2.1814e-05','0.000109189','-8.94712e-05','1.56031e-07','-4.64579e-08','-7.38685e-08','1.20337e-08','6.78045e-11','0','0','0','0','0.000109189','0.00143641','-0.00115468','2.09238e-06','-3.86078e-07','-1.82014e-08','4.35264e-08','9.73236e-08','0','0','0','0','-8.94712e-05','-0.00115468','0.000946949','-1.61706e-06','3.30854e-07','2.34415e-08','-3.51888e-08','-6.38274e-08','0','0','0','0','1.56031e-07','2.09238e-06','-1.61706e-06','1.02439e-08','-1.89824e-11','5.94785e-10','8.68122e-11','4.33194e-10','0','0','0','0','-4.64579e-08','-3.86078e-07','3.30854e-07','-1.89824e-11','1.23159e-08','4.14886e-09','1.20764e-10','3.56821e-10','0','0','0','0','-7.38685e-08','-1.82014e-08','2.34415e-08','5.94785e-10','4.14886e-09','5.12005e-09','-8.34082e-11','4.57905e-10','0','0','0','0','1.20337e-08','4.35264e-08','-3.51888e-08','8.68122e-11','1.20764e-10','-8.34082e-11','6.06585e-06','-3.55986e-12','0','0','0','0','6.78045e-11','9.73236e-08','-6.38274e-08','4.33194e-10','3.56821e-10','4.57905e-10','-3.55986e-12','1.3239e-05','0','0','0','0','0','0','0','0','0','0','0','0','0','0','0','0','0','0','0','0','0','0','0','0','0','0','0','0','0','0','0','0','0','0','0','0','0','0','0','0','0','0','0','0','0','0','0','0','0','0','0','0']

reports.append(Report(576225280, ("DT", -2, 1, 6), "MBwhAst1sec06"))
reports[-1].posNum = 31467
reports[-1].negNum = 0
reports[-1].fittype = "6DOF"
reports[-1].add_parameters(ValErr(0.00558765, 0.00535831, 0), \
                           ValErr(-0.0716211, 0.0404722, 0), \
                           ValErr(0.0973547, 0.0328329, 0), \
                           ValErr(0.000313644, 0.000110786, 0), \
                           ValErr(0.000127566, 0.000120151, 0), \
                           ValErr(9.2644e-05, 7.99518e-05, 0), \
                           -76740.8, 31467, 31467, -nan)
reports[-1].sigmax = ValErr(0.674276, 0.0026878, 0)
reports[-1].sigmay = ValErr(0.995025, 0.00396636, 0)
reports[-1].sigmadxdz = ValErr(0, 0, 0)
reports[-1].sigmadydz = ValErr(0, 0, 0)
reports[-1].add_stats(0.012682, 0.0492725, -1.33518e-05, -0.00350245, 0.0161925, 0.036146, -5.36644e-05, -0.00270379, 0.0161925, 0.036146, -5.36644e-05, -0.00270379, 0.0178416, 0.0341017, -5.47255e-05, -0.0028527, 0.0178416, 0.0341017, -5.47255e-05, -0.0028527, 0.674325, 0.995474, 0.00344245, 0.0323566, 0.674325, 0.995474, 0.00344245, 0.0323566)
reports[-1].CovMatrix = ['2.87115e-05','0.000136769','-0.000111885','1.8908e-07','-8.6261e-08','-1.26516e-07','8.62971e-09','8.46145e-09','0','0','0','0','0.000136769','0.001638','-0.00131389','2.37392e-06','-4.26476e-07','-4.04088e-08','3.23093e-08','1.5293e-07','0','0','0','0','-0.000111885','-0.00131389','0.001078','-1.77242e-06','4.04112e-07','4.87679e-08','-1.6926e-08','-1.14917e-07','0','0','0','0','1.8908e-07','2.37392e-06','-1.77242e-06','1.22735e-08','8.69624e-11','7.91477e-10','4.59831e-10','5.00741e-11','0','0','0','0','-8.6261e-08','-4.26476e-07','4.04112e-07','8.69624e-11','1.44363e-08','5.2051e-09','5.34755e-10','-1.25124e-10','0','0','0','0','-1.26516e-07','-4.04088e-08','4.87679e-08','7.91477e-10','5.2051e-09','6.39229e-09','2.03163e-10','1.08882e-10','0','0','0','0','8.62971e-09','3.23093e-08','-1.6926e-08','4.59831e-10','5.34755e-10','2.03163e-10','7.22425e-06','-7.76435e-12','0','0','0','0','8.46145e-09','1.5293e-07','-1.14917e-07','5.00741e-11','-1.25124e-10','1.08882e-10','-7.76435e-12','1.5732e-05','0','0','0','0','0','0','0','0','0','0','0','0','0','0','0','0','0','0','0','0','0','0','0','0','0','0','0','0','0','0','0','0','0','0','0','0','0','0','0','0','0','0','0','0','0','0','0','0','0','0','0','0']

reports.append(Report(576487424, ("DT", -2, 1, 7), "MBwhAst1sec07"))
reports[-1].posNum = 42884
reports[-1].negNum = 0
reports[-1].fittype = "6DOF"
reports[-1].add_parameters(ValErr(-0.0426726, 0.00424153, 0), \
                           ValErr(0.0200061, 0.0355177, 0), \
                           ValErr(0.150424, 0.028797, 0), \
                           ValErr(-3.51404e-05, 9.75792e-05, 0), \
                           ValErr(0.00013164, 0.000104784, 0), \
                           ValErr(-0.000181489, 6.97777e-05, 0), \
                           -104601, 42884, 42884, -nan)
reports[-1].sigmax = ValErr(0.675042, 0.00230499, 0)
reports[-1].sigmay = ValErr(0.994277, 0.00339504, 0)
reports[-1].sigmadxdz = ValErr(0, 0, 0)
reports[-1].sigmadydz = ValErr(0, 0, 0)
reports[-1].add_stats(-0.0360351, 0.206498, 0.000189843, -0.00131336, -0.0334744, 0.200665, 0.000197921, -0.00159661, -0.0334744, 0.200665, 0.000197921, -0.00159661, -0.0324945, 0.199014, 0.000191567, -0.00167527, -0.0324945, 0.199014, 0.000191567, -0.00167527, 0.675268, 0.99452, 0.00344866, 0.0320261, 0.675268, 0.99452, 0.00344866, 0.0320261)
reports[-1].CovMatrix = ['1.79905e-05','8.79875e-05','-7.20821e-05','1.2632e-07','-3.75969e-08','-6.32371e-08','7.92484e-09','2.80582e-09','0','0','0','0','8.79875e-05','0.00126151','-0.00101264','1.85004e-06','-2.67658e-07','6.0798e-08','3.60601e-08','8.76596e-08','0','0','0','0','-7.20821e-05','-0.00101264','0.000829268','-1.42139e-06','2.06244e-07','-4.28177e-08','-2.73794e-08','-6.10283e-08','0','0','0','0','1.2632e-07','1.85004e-06','-1.42139e-06','9.52171e-09','-1.97898e-10','6.2049e-10','2.27026e-10','1.60649e-10','0','0','0','0','-3.75969e-08','-2.67658e-07','2.06244e-07','-1.97898e-10','1.09798e-08','3.95751e-09','1.61278e-10','2.28188e-10','0','0','0','0','-6.32371e-08','6.0798e-08','-4.28177e-08','6.2049e-10','3.95751e-09','4.86892e-09','7.20855e-11','2.12889e-10','0','0','0','0','7.92484e-09','3.60601e-08','-2.73794e-08','2.27026e-10','1.61278e-10','7.20855e-11','5.31297e-06','6.98227e-12','0','0','0','0','2.80582e-09','8.76596e-08','-6.10283e-08','1.60649e-10','2.28188e-10','2.12889e-10','6.98227e-12','1.15263e-05','0','0','0','0','0','0','0','0','0','0','0','0','0','0','0','0','0','0','0','0','0','0','0','0','0','0','0','0','0','0','0','0','0','0','0','0','0','0','0','0','0','0','0','0','0','0','0','0','0','0','0','0']

reports.append(Report(576749568, ("DT", -2, 1, 8), "MBwhAst1sec08"))
reports[-1].posNum = 38148
reports[-1].negNum = 0
reports[-1].fittype = "6DOF"
reports[-1].add_parameters(ValErr(0.0241438, 0.00446203, 0), \
                           ValErr(0.0198312, 0.0373278, 0), \
                           ValErr(-0.006021, 0.0302706, 0), \
                           ValErr(-0.000211285, 0.00010189, 0), \
                           ValErr(0.000495127, 0.00011071, 0), \
                           ValErr(-1.93041e-05, 7.2059e-05, 0), \
                           -93120.5, 38148, 38148, -nan)
reports[-1].sigmax = ValErr(0.670604, 0.00242781, 0)
reports[-1].sigmay = ValErr(1.00274, 0.00363025, 0)
reports[-1].sigmadxdz = ValErr(0, 0, 0)
reports[-1].sigmadydz = ValErr(0, 0, 0)
reports[-1].add_stats(0.0214142, 0.0238789, 0.000916443, -0.00146722, 0.0213234, 0.017644, 0.000905984, -0.00121294, 0.0213234, 0.017644, 0.000905984, -0.00121294, 0.0223529, 0.0206267, 0.000905371, -0.00129681, 0.0223529, 0.0206267, 0.000905371, -0.00129681, 0.670618, 1.0032, 0.00343768, 0.0335072, 0.670618, 1.0032, 0.00343768, 0.0335072)
reports[-1].CovMatrix = ['1.99097e-05','9.63284e-05','-7.89938e-05','1.35946e-07','-4.64989e-08','-7.74331e-08','7.48998e-09','4.44437e-09','0','0','0','0','9.63284e-05','0.00139336','-0.00111826','2.01806e-06','-3.64387e-07','-1.06925e-08','2.82053e-08','1.09587e-07','0','0','0','0','-7.89938e-05','-0.00111826','0.000916309','-1.5463e-06','2.86581e-07','1.7941e-08','-1.8892e-08','-7.99125e-08','0','0','0','0','1.35946e-07','2.01806e-06','-1.5463e-06','1.03816e-08','5.85855e-11','5.99395e-10','3.47596e-10','3.71814e-11','0','0','0','0','-4.64989e-08','-3.64387e-07','2.86581e-07','5.85855e-11','1.22568e-08','4.23846e-09','1.28949e-10','3.32634e-10','0','0','0','0','-7.74331e-08','-1.06925e-08','1.7941e-08','5.99395e-10','4.23846e-09','5.1925e-09','8.55978e-11','2.10821e-10','0','0','0','0','7.48998e-09','2.82053e-08','-1.8892e-08','3.47596e-10','1.28949e-10','8.55978e-11','5.89428e-06','1.62356e-12','0','0','0','0','4.44437e-09','1.09587e-07','-7.99125e-08','3.71814e-11','3.32634e-10','2.10821e-10','1.62356e-12','1.31787e-05','0','0','0','0','0','0','0','0','0','0','0','0','0','0','0','0','0','0','0','0','0','0','0','0','0','0','0','0','0','0','0','0','0','0','0','0','0','0','0','0','0','0','0','0','0','0','0','0','0','0','0','0']

reports.append(Report(577011712, ("DT", -2, 1, 9), "MBwhAst1sec09"))
reports[-1].posNum = 25199
reports[-1].negNum = 0
reports[-1].fittype = "6DOF"
reports[-1].add_parameters(ValErr(-0.0423047, 0.00530569, 0), \
                           ValErr(-0.0191751, 0.044782, 0), \
                           ValErr(-0.0304731, 0.0363027, 0), \
                           ValErr(0.000125334, 0.00012149, 0), \
                           ValErr(-2.2904e-05, 0.000129942, 0), \
                           ValErr(0.000113327, 8.65003e-05, 0), \
                           -61309.3, 25199, 25199, -nan)
reports[-1].sigmax = ValErr(0.672673, 0.00299638, 0)
reports[-1].sigmay = ValErr(0.991656, 0.00441728, 0)
reports[-1].sigmadxdz = ValErr(0, 0, 0)
reports[-1].sigmadydz = ValErr(0, 0, 0)
reports[-1].add_stats(-0.0398274, -0.0483948, 6.0843e-05, -0.00324419, -0.0430089, -0.057906, 7.6095e-05, -0.00217029, -0.0430089, -0.057906, 7.6095e-05, -0.00217029, -0.0433929, -0.0597993, 7.91585e-05, -0.00242247, -0.0433929, -0.0597993, 7.91585e-05, -0.00242247, 0.672704, 0.99168, 0.0034383, 0.0333292, 0.672704, 0.99168, 0.0034383, 0.0333292)
reports[-1].CovMatrix = ['2.81503e-05','0.000130547','-0.0001071','1.90201e-07','-3.25121e-08','-7.54068e-08','9.92496e-09','9.49188e-09','0','0','0','0','0.000130547','0.00200543','-0.00160872','2.9538e-06','-2.54146e-07','2.92546e-07','-1.09072e-08','2.50428e-07','0','0','0','0','-0.0001071','-0.00160872','0.00131789','-2.28829e-06','1.54051e-07','-2.31952e-07','1.07989e-08','-1.86529e-07','0','0','0','0','1.90201e-07','2.9538e-06','-2.28829e-06','1.47598e-08','-7.45736e-10','1.17001e-09','1.5705e-10','5.38818e-10','0','0','0','0','-3.25121e-08','-2.54146e-07','1.54051e-07','-7.45736e-10','1.6885e-08','5.97957e-09','2.10172e-11','6.98169e-10','0','0','0','0','-7.54068e-08','2.92546e-07','-2.31952e-07','1.17001e-09','5.97957e-09','7.48229e-09','-4.63408e-11','6.01834e-10','0','0','0','0','9.92496e-09','-1.09072e-08','1.07989e-08','1.5705e-10','2.10172e-11','-4.63408e-11','8.9783e-06','-5.68073e-13','0','0','0','0','9.49188e-09','2.50428e-07','-1.86529e-07','5.38818e-10','6.98169e-10','6.01834e-10','-5.68073e-13','1.95123e-05','0','0','0','0','0','0','0','0','0','0','0','0','0','0','0','0','0','0','0','0','0','0','0','0','0','0','0','0','0','0','0','0','0','0','0','0','0','0','0','0','0','0','0','0','0','0','0','0','0','0','0','0']

reports.append(Report(577273856, ("DT", -2, 1, 10), "MBwhAst1sec10"))
reports[-1].posNum = 27548
reports[-1].negNum = 0
reports[-1].fittype = "6DOF"
reports[-1].add_parameters(ValErr(0.0304758, 0.00503026, 0), \
                           ValErr(0.0872563, 0.0442515, 0), \
                           ValErr(0.00967332, 0.0359372, 0), \
                           ValErr(-0.000265143, 0.000113549, 0), \
                           ValErr(1.77712e-05, 0.000125383, 0), \
                           ValErr(0.00018795, 7.83664e-05, 0), \
                           -67050.7, 27548, 27548, -nan)
reports[-1].sigmax = ValErr(0.670871, 0.00285812, 0)
reports[-1].sigmay = ValErr(0.995271, 0.00424014, 0)
reports[-1].sigmadxdz = ValErr(0, 0, 0)
reports[-1].sigmadydz = ValErr(0, 0, 0)
reports[-1].add_stats(0.0296981, 0.10318, 0.00010757, -0.00154891, 0.0333879, 0.099854, 0.000101113, 4.42694e-05, 0.0333879, 0.099854, 0.000101113, 4.42694e-05, 0.0363315, 0.0963251, 8.28899e-05, 0.000158306, 0.0363315, 0.0963251, 8.28899e-05, 0.000158306, 0.670969, 0.995421, 0.00343259, 0.0331285, 0.670969, 0.995421, 0.00343259, 0.0331285)
reports[-1].CovMatrix = ['2.53035e-05','0.000127378','-0.000104633','1.88472e-07','3.09927e-09','-2.505e-08','1.50327e-08','2.57869e-09','0','0','0','0','0.000127378','0.0019582','-0.00157532','2.85556e-06','-3.10895e-07','2.16883e-07','1.15638e-07','4.10546e-08','0','0','0','0','-0.000104633','-0.00157532','0.00129148','-2.29447e-06','2.0234e-07','-1.75458e-07','-9.28421e-08','-2.05533e-08','0','0','0','0','1.88472e-07','2.85556e-06','-2.29447e-06','1.28935e-08','-5.56455e-10','9.47137e-10','5.35775e-10','-1.49792e-10','0','0','0','0','3.09927e-09','-3.10895e-07','2.0234e-07','-5.56455e-10','1.57208e-08','4.93199e-09','1.39896e-10','4.58588e-10','0','0','0','0','-2.505e-08','2.16883e-07','-1.75458e-07','9.47137e-10','4.93199e-09','6.14129e-09','2.48018e-10','9.53442e-11','0','0','0','0','1.50327e-08','1.15638e-07','-9.28421e-08','5.35775e-10','1.39896e-10','2.48018e-10','8.16884e-06','-2.97819e-12','0','0','0','0','2.57869e-09','4.10546e-08','-2.05533e-08','-1.49792e-10','4.58588e-10','9.53442e-11','-2.97819e-12','1.79788e-05','0','0','0','0','0','0','0','0','0','0','0','0','0','0','0','0','0','0','0','0','0','0','0','0','0','0','0','0','0','0','0','0','0','0','0','0','0','0','0','0','0','0','0','0','0','0','0','0','0','0','0','0']

reports.append(Report(577536000, ("DT", -2, 1, 11), "MBwhAst1sec11"))
reports[-1].posNum = 28683
reports[-1].negNum = 0
reports[-1].fittype = "6DOF"
reports[-1].add_parameters(ValErr(0.0544799, 0.00529403, 0), \
                           ValErr(0.109136, 0.0446528, 0), \
                           ValErr(-0.0446431, 0.0362066, 0), \
                           ValErr(0.000350605, 0.000114579, 0), \
                           ValErr(-0.000297047, 0.000127968, 0), \
                           ValErr(-6.60559e-05, 7.9837e-05, 0), \
                           -70451.6, 28683, 28683, -nan)
reports[-1].sigmax = ValErr(0.677069, 0.00282688, 0)
reports[-1].sigmay = ValErr(1.00836, 0.00421005, 0)
reports[-1].sigmadxdz = ValErr(0, 0, 0)
reports[-1].sigmadydz = ValErr(0, 0, 0)
reports[-1].add_stats(0.0495043, 0.0553682, -0.000601594, -0.0029016, 0.0507158, 0.0533371, -0.000592548, -0.00239002, 0.0507158, 0.0533371, -0.000592548, -0.00239002, 0.048926, 0.0511143, -0.00058414, -0.00258524, 0.048926, 0.0511143, -0.00058414, -0.00258524, 0.677091, 1.00859, 0.00345573, 0.0341044, 0.677091, 1.00859, 0.00345573, 0.0341044)
reports[-1].CovMatrix = ['2.80268e-05','0.00015044','-0.000122989','2.18029e-07','-1.19099e-08','-3.50065e-08','1.70922e-08','1.66351e-09','0','0','0','0','0.00015044','0.00199387','-0.00160213','2.85527e-06','-4.73173e-07','4.5121e-08','1.13654e-07','4.47467e-08','0','0','0','0','-0.000122989','-0.00160213','0.00131092','-2.29021e-06','4.09736e-07','-3.26263e-08','-8.90078e-08','-2.41951e-08','0','0','0','0','2.18029e-07','2.85527e-06','-2.29021e-06','1.31283e-08','-3.17196e-11','9.07463e-10','8.26497e-10','-5.5235e-10','0','0','0','0','-1.19099e-08','-4.73173e-07','4.09736e-07','-3.17196e-11','1.63758e-08','5.13104e-09','6.57747e-10','-2.44299e-10','0','0','0','0','-3.50065e-08','4.5121e-08','-3.26263e-08','9.07463e-10','5.13104e-09','6.37395e-09','3.80363e-10','-1.06132e-10','0','0','0','0','1.70922e-08','1.13654e-07','-8.90078e-08','8.26497e-10','6.57747e-10','3.80363e-10','7.99128e-06','-4.9388e-11','0','0','0','0','1.66351e-09','4.47467e-08','-2.41951e-08','-5.5235e-10','-2.44299e-10','-1.06132e-10','-4.9388e-11','1.77246e-05','0','0','0','0','0','0','0','0','0','0','0','0','0','0','0','0','0','0','0','0','0','0','0','0','0','0','0','0','0','0','0','0','0','0','0','0','0','0','0','0','0','0','0','0','0','0','0','0','0','0','0','0']

reports.append(Report(577798144, ("DT", -2, 1, 12), "MBwhAst1sec12"))
reports[-1].posNum = 36831
reports[-1].negNum = 0
reports[-1].fittype = "6DOF"
reports[-1].add_parameters(ValErr(-0.0123009, 0.00458321, 0), \
                           ValErr(0.0976575, 0.038327, 0), \
                           ValErr(0.0258284, 0.0310996, 0), \
                           ValErr(-5.35127e-05, 0.000103043, 0), \
                           ValErr(0.000337514, 0.000112041, 0), \
                           ValErr(0.000322348, 7.28178e-05, 0), \
                           -89762.2, 36831, 36831, -nan)
reports[-1].sigmax = ValErr(0.671571, 0.00247441, 0)
reports[-1].sigmay = ValErr(0.997398, 0.00367493, 0)
reports[-1].sigmadxdz = ValErr(0, 0, 0)
reports[-1].sigmadydz = ValErr(0, 0, 0)
reports[-1].add_stats(-0.00428247, 0.13801, 0.000787852, -0.00323575, -0.00538447, 0.129474, 0.000757454, -0.00152153, -0.00538447, 0.129474, 0.000757454, -0.00152153, -0.00133382, 0.127408, 0.000749017, -0.00159596, -0.00133382, 0.127408, 0.000749017, -0.00159596, 0.671762, 0.997401, 0.00343992, 0.0318667, 0.671762, 0.997401, 0.00343992, 0.0318667)
reports[-1].CovMatrix = ['2.10058e-05','0.000102722','-8.42196e-05','1.46738e-07','-4.68246e-08','-7.7473e-08','1.31183e-08','-2.5961e-09','0','0','0','0','0.000102722','0.00146896','-0.00117996','2.14743e-06','-3.26035e-07','5.07356e-08','7.16656e-08','6.03137e-08','0','0','0','0','-8.42196e-05','-0.00117996','0.000967185','-1.64864e-06','2.55961e-07','-3.31438e-08','-6.58247e-08','-2.21933e-08','0','0','0','0','1.46738e-07','2.14743e-06','-1.64864e-06','1.0618e-08','-1.88792e-10','6.54278e-10','-3.53949e-10','1.10134e-09','0','0','0','0','-4.68246e-08','-3.26035e-07','2.55961e-07','-1.88792e-10','1.25533e-08','4.30402e-09','2.34821e-10','1.79784e-10','0','0','0','0','-7.7473e-08','5.07356e-08','-3.31438e-08','6.54278e-10','4.30402e-09','5.30243e-09','-2.0337e-11','3.78655e-10','0','0','0','0','1.31183e-08','7.16656e-08','-6.58247e-08','-3.53949e-10','2.34821e-10','-2.0337e-11','6.12272e-06','-6.38352e-11','0','0','0','0','-2.5961e-09','6.03137e-08','-2.21933e-08','1.10134e-09','1.79784e-10','3.78655e-10','-6.38352e-11','1.35051e-05','0','0','0','0','0','0','0','0','0','0','0','0','0','0','0','0','0','0','0','0','0','0','0','0','0','0','0','0','0','0','0','0','0','0','0','0','0','0','0','0','0','0','0','0','0','0','0','0','0','0','0','0']

reports.append(Report(579108864, ("DT", -2, 2, 1), "MBwhAst2sec01"))
reports[-1].posNum = 49477
reports[-1].negNum = 0
reports[-1].fittype = "6DOF"
reports[-1].add_parameters(ValErr(-0.0937746, 0.00430804, 0), \
                           ValErr(0.0687875, 0.0341079, 0), \
                           ValErr(0.0112937, 0.0327182, 0), \
                           ValErr(-6.88268e-05, 0.000123769, 0), \
                           ValErr(0.0002826, 0.000117943, 0), \
                           ValErr(-0.000122738, 8.29685e-05, 0), \
                           -144457, 49477, 49477, -nan)
reports[-1].sigmax = ValErr(0.892065, 0.00283583, 0)
reports[-1].sigmay = ValErr(1.21655, 0.00386736, 0)
reports[-1].sigmadxdz = ValErr(0, 0, 0)
reports[-1].sigmadydz = ValErr(0, 0, 0)
reports[-1].add_stats(-0.0979996, 0.0818902, 0.000200022, 0.000384603, -0.0976592, 0.0809022, 0.000200501, -0.000580365, -0.0976592, 0.0809022, 0.000200501, -0.000580365, -0.0987867, 0.0844463, 0.000212784, -0.000648195, -0.0987867, 0.0844463, 0.000212784, -0.000648195, 0.892101, 1.21679, 0.00372608, 0.0260208, 0.892101, 1.21679, 0.00372608, 0.0260208)
reports[-1].CovMatrix = ['1.85592e-05','-4.72483e-05','4.58826e-05','-8.24714e-08','1.84286e-08','-3.04868e-08','7.95267e-09','8.54805e-10','0','0','0','0','-4.72483e-05','0.00116335','-0.00110125','1.97441e-06','2.18946e-07','5.30898e-08','-1.03372e-08','5.88464e-08','0','0','0','0','4.58826e-05','-0.00110125','0.00107048','-1.84049e-06','-2.18406e-07','-5.46292e-08','8.83286e-09','-3.61666e-08','0','0','0','0','-8.24714e-08','1.97441e-06','-1.84049e-06','1.53188e-08','-5.93774e-11','-4.12882e-10','-2.14177e-10','6.93203e-10','0','0','0','0','1.84286e-08','2.18946e-07','-2.18406e-07','-5.93774e-11','1.39106e-08','6.5628e-09','4.0369e-12','8.71989e-10','0','0','0','0','-3.04868e-08','5.30898e-08','-5.46292e-08','-4.12882e-10','6.5628e-09','6.88377e-09','1.85453e-10','3.19175e-10','0','0','0','0','7.95267e-09','-1.03372e-08','8.83286e-09','-2.14177e-10','4.0369e-12','1.85453e-10','8.04194e-06','-1.42429e-11','0','0','0','0','8.54805e-10','5.88464e-08','-3.61666e-08','6.93203e-10','8.71989e-10','3.19175e-10','-1.42429e-11','1.49565e-05','0','0','0','0','0','0','0','0','0','0','0','0','0','0','0','0','0','0','0','0','0','0','0','0','0','0','0','0','0','0','0','0','0','0','0','0','0','0','0','0','0','0','0','0','0','0','0','0','0','0','0','0']

reports.append(Report(579371008, ("DT", -2, 2, 2), "MBwhAst2sec02"))
reports[-1].posNum = 45494
reports[-1].negNum = 0
reports[-1].fittype = "6DOF"
reports[-1].add_parameters(ValErr(0.047272, 0.00457216, 0), \
                           ValErr(-0.0159986, 0.0353486, 0), \
                           ValErr(-0.0832991, 0.0338816, 0), \
                           ValErr(7.85813e-05, 0.000132996, 0), \
                           ValErr(-2.2759e-05, 0.000123843, 0), \
                           ValErr(9.00076e-05, 8.87205e-05, 0), \
                           -132843, 45494, 45494, -nan)
reports[-1].sigmax = ValErr(0.889447, 0.00294869, 0)
reports[-1].sigmay = ValErr(1.22054, 0.00404634, 0)
reports[-1].sigmadxdz = ValErr(0, 0, 0)
reports[-1].sigmadydz = ValErr(0, 0, 0)
reports[-1].add_stats(0.0513315, -0.0977429, 8.36186e-05, -0.000394007, 0.0526935, -0.101662, 8.32767e-05, -0.00122434, 0.0526935, -0.101662, 8.32767e-05, -0.00122434, 0.0507302, -0.0970098, 9.28954e-05, -0.00121107, 0.0507302, -0.0970098, 9.28954e-05, -0.00121107, 0.889499, 1.22059, 0.00369095, 0.0257844, 0.889499, 1.22059, 0.00369095, 0.0257844)
reports[-1].CovMatrix = ['2.09047e-05','-5.90058e-05','5.70659e-05','-1.0235e-07','2.4355e-09','-5.21719e-08','3.90608e-09','5.97833e-09','0','0','0','0','-5.90058e-05','0.00124952','-0.0011813','2.12861e-06','3.62737e-07','2.16277e-07','7.73119e-08','-5.17178e-08','0','0','0','0','5.70659e-05','-0.0011813','0.00114796','-1.94913e-06','-3.95113e-07','-2.16901e-07','-7.86974e-08','7.58194e-08','0','0','0','0','-1.0235e-07','2.12861e-06','-1.94913e-06','1.76879e-08','-6.29985e-10','-3.68029e-10','-3.64474e-10','9.46788e-10','0','0','0','0','2.4355e-09','3.62737e-07','-3.95113e-07','-6.29985e-10','1.5337e-08','7.48433e-09','1.77028e-10','6.90803e-10','0','0','0','0','-5.21719e-08','2.16277e-07','-2.16901e-07','-3.68029e-10','7.48433e-09','7.87133e-09','3.15642e-10','2.09567e-10','0','0','0','0','3.90608e-09','7.73119e-08','-7.86974e-08','-3.64474e-10','1.77028e-10','3.15642e-10','8.69476e-06','-4.30358e-11','0','0','0','0','5.97833e-09','-5.17178e-08','7.58194e-08','9.46788e-10','6.90803e-10','2.09567e-10','-4.30358e-11','1.63729e-05','0','0','0','0','0','0','0','0','0','0','0','0','0','0','0','0','0','0','0','0','0','0','0','0','0','0','0','0','0','0','0','0','0','0','0','0','0','0','0','0','0','0','0','0','0','0','0','0','0','0','0','0']

reports.append(Report(579633152, ("DT", -2, 2, 3), "MBwhAst2sec03"))
reports[-1].posNum = 40103
reports[-1].negNum = 0
reports[-1].fittype = "6DOF"
reports[-1].add_parameters(ValErr(-0.0611563, 0.00481201, 0), \
                           ValErr(-0.156289, 0.0377349, 0), \
                           ValErr(0.0477354, 0.0361787, 0), \
                           ValErr(0.000129875, 0.000139546, 0), \
                           ValErr(1.20398e-05, 0.000133911, 0), \
                           ValErr(-0.000120492, 9.50409e-05, 0), \
                           -116352, 40103, 40103, -nan)
reports[-1].sigmax = ValErr(0.89077, 0.00314531, 0)
reports[-1].sigmay = ValErr(1.19617, 0.0042237, 0)
reports[-1].sigmadxdz = ValErr(0, 0, 0)
reports[-1].sigmadydz = ValErr(0, 0, 0)
reports[-1].add_stats(-0.0618543, -0.107907, 0.000250747, 3.29912e-05, -0.0649838, -0.109882, 0.000254436, -0.000847036, -0.0649838, -0.109882, 0.000254436, -0.000847036, -0.0596769, -0.111105, 0.00023822, -0.000939665, -0.0596769, -0.111105, 0.00023822, -0.000939665, 0.890803, 1.19624, 0.00375132, 0.0254469, 0.890803, 1.19624, 0.00375132, 0.0254469)
reports[-1].CovMatrix = ['2.31554e-05','-5.39832e-05','5.24927e-05','-9.2891e-08','-2.50853e-08','-8.62995e-08','1.59112e-08','-1.12692e-08','0','0','0','0','-5.39832e-05','0.00142393','-0.00134686','2.46673e-06','2.46369e-07','2.88132e-08','-4.33539e-08','1.21686e-07','0','0','0','0','5.24927e-05','-0.00134686','0.0013089','-2.21227e-06','-2.27877e-07','-3.33838e-08','3.68131e-08','-8.39045e-08','0','0','0','0','-9.2891e-08','2.46673e-06','-2.21227e-06','1.94731e-08','2.86799e-10','-4.44781e-10','-5.55559e-10','1.33774e-09','0','0','0','0','-2.50853e-08','2.46369e-07','-2.27877e-07','2.86799e-10','1.79322e-08','8.70682e-09','3.61414e-10','6.19068e-10','0','0','0','0','-8.62995e-08','2.88132e-08','-3.33838e-08','-4.44781e-10','8.70682e-09','9.03276e-09','5.87386e-12','6.9746e-10','0','0','0','0','1.59112e-08','-4.33539e-08','3.68131e-08','-5.55559e-10','3.61414e-10','5.87386e-12','9.89296e-06','-4.43391e-11','0','0','0','0','-1.12692e-08','1.21686e-07','-8.39045e-08','1.33774e-09','6.19068e-10','6.9746e-10','-4.43391e-11','1.78397e-05','0','0','0','0','0','0','0','0','0','0','0','0','0','0','0','0','0','0','0','0','0','0','0','0','0','0','0','0','0','0','0','0','0','0','0','0','0','0','0','0','0','0','0','0','0','0','0','0','0','0','0','0']

reports.append(Report(579895296, ("DT", -2, 2, 4), "MBwhAst2sec04"))
reports[-1].posNum = 47954
reports[-1].negNum = 0
reports[-1].fittype = "6DOF"
reports[-1].add_parameters(ValErr(0.00261638, 0.00434724, 0), \
                           ValErr(-0.0236016, 0.0347014, 0), \
                           ValErr(0.048513, 0.0332514, 0), \
                           ValErr(7.63555e-05, 0.000128982, 0), \
                           ValErr(4.49747e-05, 0.00012161, 0), \
                           ValErr(1.48799e-05, 8.59757e-05, 0), \
                           -140112, 47954, 47954, -nan)
reports[-1].sigmax = ValErr(0.888548, 0.00286915, 0)
reports[-1].sigmay = ValErr(1.22397, 0.00395226, 0)
reports[-1].sigmadxdz = ValErr(0, 0, 0)
reports[-1].sigmadydz = ValErr(0, 0, 0)
reports[-1].add_stats(0.00253256, 0.029956, 8.27911e-05, -0.000598842, 0.000486668, 0.0252496, 9.58101e-05, -0.00110454, 0.000486668, 0.0252496, 9.58101e-05, -0.00110454, -0.0026166, 0.0296217, 0.000111287, -0.00116067, -0.0026166, 0.0296217, 0.000111287, -0.00116067, 0.888562, 1.224, 0.00370807, 0.0252367, 0.888562, 1.224, 0.00370807, 0.0252367)
