nan = None;  NAN = None
nan = 0
reports = []
class ValErr:
    def __init__(self, value, error, antisym):
        self.value, self.error, self.antisym = value, error, antisym

    def __repr__(self):
        if self.antisym == 0.:
            return "%g +- %g" % (self.value, self.error)
        else:
            return "%g +- %g ~ %g" % (self.value, self.error, self.antisym)

class Report:
    def __init__(self, chamberId, postal_address, name):
        self.chamberId, self.postal_address, self.name = chamberId, postal_address, name
        self.status = "NOFIT"
        self.fittype = None
        self.CovMatrix = None

    def add_parameters(self, deltax, deltay, deltaz, deltaphix, deltaphiy, deltaphiz, loglikelihood, numsegments, sumofweights, redchi2):
        self.status = "PASS"
        self.deltax, self.deltay, self.deltaz, self.deltaphix, self.deltaphiy, self.deltaphiz = deltax, deltay, deltaz, deltaphix, deltaphiy, deltaphiz
        self.loglikelihood, self.numsegments, self.sumofweights, self.redchi2 = loglikelihood, numsegments, sumofweights, redchi2

    def add_stats(self, median_x, median_y, median_dxdz, median_dydz, mean30_x, mean30_y, mean20_dxdz, mean50_dydz, mean15_x, mean15_y, mean10_dxdz, mean25_dydz, wmean30_x, wmean30_y, wmean20_dxdz, wmean50_dydz, wmean15_x, wmean15_y, wmean10_dxdz, wmean25_dydz, stdev30_x, stdev30_y, stdev20_dxdz, stdev50_dydz, stdev15_x, stdev15_y, stdev10_dxdz, stdev25_dydz):
        self.median_x, self.median_y, self.median_dxdz, self.median_dydz, self.mean30_x, self.mean30_y, self.mean20_dxdz, self.mean50_dydz, self.mean15_x, self.mean15_y, self.mean10_dxdz, self.mean25_dydz, self.wmean30_x, self.wmean30_y, self.wmean20_dxdz, self.wmean50_dydz, self.wmean15_x, self.wmean15_y, self.wmean10_dxdz, self.wmean25_dydz, self.stdev30_x, self.stdev30_y, self.stdev20_dxdz, self.stdev50_dydz, self.stdev15_x, self.stdev15_y, self.stdev10_dxdz, self.stdev25_dydz = median_x, median_y, median_dxdz, median_dydz, mean30_x, mean30_y, mean20_dxdz, mean50_dydz, mean15_x, mean15_y, mean10_dxdz, mean25_dydz, wmean30_x, wmean30_y, wmean20_dxdz, wmean50_dydz, wmean15_x, wmean15_y, wmean10_dxdz, wmean25_dydz, stdev30_x, stdev30_y, stdev20_dxdz, stdev50_dydz, stdev15_x, stdev15_y, stdev10_dxdz, stdev25_dydz

    def __repr__(self):
        return "<Report %s %s %s>" % (self.postal_address[0], " ".join(map(str, self.postal_address[1:])), self.status)

reports.append(Report(574914560, ("DT", -2, 1, 1), "MBwhAst1sec01"))
reports[-1].posNum = 23490
reports[-1].negNum = 0
reports[-1].fittype = "6DOF"
reports[-1].add_parameters(ValErr(-0.0800051, 0.00569961, 0), \
                           ValErr(0.155063, 0.0467305, 0), \
                           ValErr(0.0500038, 0.0378844, 0), \
                           ValErr(-3.91239e-05, 0.000129045, 0), \
                           ValErr(0.00029606, 0.000137748, 0), \
                           ValErr(1.61686e-05, 9.25324e-05, 0), \
                           -57300.2, 23490, 23490, -nan)
reports[-1].sigmax = ValErr(0.675822, 0.00311801, 0)
reports[-1].sigmay = ValErr(0.993316, 0.00458281, 0)
reports[-1].sigmadxdz = ValErr(0, 0, 0)
reports[-1].sigmadydz = ValErr(0, 0, 0)
reports[-1].add_stats(-0.0766201, 0.223464, 7.02885e-05, -0.00260812, -0.0767566, 0.215826, 8.47675e-05, -0.00156138, -0.0767566, 0.215826, 8.47675e-05, -0.00156138, -0.0702357, 0.222628, 5.23122e-05, -0.00162583, -0.0702357, 0.222628, 5.23122e-05, -0.00162583, 0.675831, 0.993459, 0.0034803, 0.031572, 0.675831, 0.993459, 0.0034803, 0.031572)
reports[-1].CovMatrix = ['3.24856e-05','0.000153144','-0.000125487','2.20021e-07','-6.36664e-08','-1.13665e-07','3.09784e-08','-1.95764e-08','0','0','0','0','0.000153144','0.00218374','-0.00175181','3.20552e-06','-4.33691e-07','1.22912e-07','2.33474e-07','-9.43017e-08','0','0','0','0','-0.000125487','-0.00175181','0.00143523','-2.45591e-06','3.38132e-07','-8.80189e-08','-1.90197e-07','1.01397e-07','0','0','0','0','2.20021e-07','3.20552e-06','-2.45591e-06','1.66527e-08','-3.22323e-10','1.11823e-09','4.80138e-10','1.76641e-10','0','0','0','0','-6.36664e-08','-4.33691e-07','3.38132e-07','-3.22323e-10','1.89745e-08','6.91331e-09','6.07545e-10','-5.71705e-11','0','0','0','0','-1.13665e-07','1.22912e-07','-8.80189e-08','1.11823e-09','6.91331e-09','8.56225e-09','-1.02207e-11','5.88921e-10','0','0','0','0','3.09784e-08','2.33474e-07','-1.90197e-07','4.80138e-10','6.07545e-10','-1.02207e-11','9.72197e-06','-3.95074e-11','0','0','0','0','-1.95764e-08','-9.43017e-08','1.01397e-07','1.76641e-10','-5.71705e-11','5.88921e-10','-3.95074e-11','2.10021e-05','0','0','0','0','0','0','0','0','0','0','0','0','0','0','0','0','0','0','0','0','0','0','0','0','0','0','0','0','0','0','0','0','0','0','0','0','0','0','0','0','0','0','0','0','0','0','0','0','0','0','0','0']

reports.append(Report(575176704, ("DT", -2, 1, 2), "MBwhAst1sec02"))
reports[-1].posNum = 15427
reports[-1].negNum = 0
reports[-1].fittype = "6DOF"
reports[-1].add_parameters(ValErr(0.0181147, 0.00693896, 0), \
                           ValErr(-0.0188969, 0.0575056, 0), \
                           ValErr(-0.0236579, 0.0465442, 0), \
                           ValErr(5.73745e-05, 0.000154798, 0), \
                           ValErr(0.000188799, 0.000172864, 0), \
                           ValErr(-1.58781e-05, 0.00010963, 0), \
                           -37574.3, 15427, 15427, -nan)
reports[-1].sigmax = ValErr(0.668491, 0.00380574, 0)
reports[-1].sigmay = ValErr(1.00048, 0.00569577, 0)
reports[-1].sigmadxdz = ValErr(0, 0, 0)
reports[-1].sigmadydz = ValErr(0, 0, 0)
reports[-1].add_stats(0.0171743, -0.0390224, 0.000904704, -0.00293021, 0.0148804, -0.047215, 0.000920207, -0.00163742, 0.0148804, -0.047215, 0.000920207, -0.00163742, 0.0163938, -0.0494768, 0.000905645, -0.00164213, 0.0163938, -0.0494768, 0.000905645, -0.00164213, 0.6685, 1.00054, 0.00343284, 0.0330364, 0.6685, 1.00054, 0.00343284, 0.0330364)
reports[-1].CovMatrix = ['4.81492e-05','0.00021863','-0.000179205','3.06077e-07','-1.34347e-07','-2.14385e-07','1.2476e-08','1.69461e-08','0','0','0','0','0.00021863','0.0033069','-0.00264691','4.78642e-06','-8.91255e-07','4.17602e-08','-9.65476e-08','5.17191e-07','0','0','0','0','-0.000179205','-0.00264691','0.00216636','-3.61689e-06','6.59867e-07','-1.19453e-08','8.47741e-08','-3.90705e-07','0','0','0','0','3.06077e-07','4.78642e-06','-3.61689e-06','2.39623e-08','-5.28877e-10','1.28931e-09','2.78084e-10','9.23079e-10','0','0','0','0','-1.34347e-07','-8.91255e-07','6.59867e-07','-5.28877e-10','2.98821e-08','9.88911e-09','2.82879e-10','7.86649e-10','0','0','0','0','-2.14385e-07','4.17602e-08','-1.19453e-08','1.28931e-09','9.88911e-09','1.20187e-08','-9.03726e-11','9.16439e-10','0','0','0','0','1.2476e-08','-9.65476e-08','8.47741e-08','2.78084e-10','2.82879e-10','-9.03726e-11','1.44837e-05','-1.54084e-11','0','0','0','0','1.69461e-08','5.17191e-07','-3.90705e-07','9.23079e-10','7.86649e-10','9.16439e-10','-1.54084e-11','3.24418e-05','0','0','0','0','0','0','0','0','0','0','0','0','0','0','0','0','0','0','0','0','0','0','0','0','0','0','0','0','0','0','0','0','0','0','0','0','0','0','0','0','0','0','0','0','0','0','0','0','0','0','0','0']

reports.append(Report(575438848, ("DT", -2, 1, 3), "MBwhAst1sec03"))
reports[-1].posNum = 17074
reports[-1].negNum = 0
reports[-1].fittype = "6DOF"
reports[-1].add_parameters(ValErr(-0.0278314, 0.00699949, 0), \
                           ValErr(-0.0106106, 0.0533505, 0), \
                           ValErr(-0.0778053, 0.0433303, 0), \
                           ValErr(-0.000162412, 0.00014707, 0), \
                           ValErr(0.000420706, 0.000157149, 0), \
                           ValErr(2.33322e-06, 0.000105747, 0), \
                           -41306.6, 17074, 17074, -nan)
reports[-1].sigmax = ValErr(0.666218, 0.00360524, 0)
reports[-1].sigmay = ValErr(0.987609, 0.00534446, 0)
reports[-1].sigmadxdz = ValErr(0, 0, 0)
reports[-1].sigmadydz = ValErr(0, 0, 0)
reports[-1].add_stats(-0.0339718, -0.0975355, 0.000104829, -0.0025073, -0.0373152, -0.100471, 0.00014776, -0.00152551, -0.0373152, -0.100471, 0.00014776, -0.00152551, -0.0315408, -0.102289, 0.000128255, -0.00159623, -0.0315408, -0.102289, 0.000128255, -0.00159623, 0.666301, 0.988057, 0.00343366, 0.032459, 0.666301, 0.988057, 0.00343366, 0.032459)
reports[-1].CovMatrix = ['4.89928e-05','0.000228269','-0.000187103','3.17756e-07','-1.34954e-07','-2.0731e-07','3.18099e-08','-1.06916e-08','0','0','0','0','0.000228269','0.00284628','-0.00228504','4.13254e-06','-6.84478e-07','3.34733e-10','2.41862e-07','-1.17006e-08','0','0','0','0','-0.000187103','-0.00228504','0.00187751','-3.09821e-06','6.28701e-07','2.49524e-08','-1.99116e-07','5.274e-08','0','0','0','0','3.17756e-07','4.13254e-06','-3.09821e-06','2.16296e-08','-3.2082e-11','1.42622e-09','3.49861e-10','7.47283e-10','0','0','0','0','-1.34954e-07','-6.84478e-07','6.28701e-07','-3.2082e-11','2.46959e-08','9.08809e-09','-3.10488e-10','1.61763e-09','0','0','0','0','-2.0731e-07','3.34733e-10','2.49524e-08','1.42622e-09','9.08809e-09','1.11825e-08','2.68941e-11','7.00061e-10','0','0','0','0','3.18099e-08','2.41862e-07','-1.99116e-07','3.49861e-10','-3.10488e-10','2.68941e-11','1.29978e-05','-1.92276e-11','0','0','0','0','-1.06916e-08','-1.17006e-08','5.274e-08','7.47283e-10','1.61763e-09','7.00061e-10','-1.92276e-11','2.85632e-05','0','0','0','0','0','0','0','0','0','0','0','0','0','0','0','0','0','0','0','0','0','0','0','0','0','0','0','0','0','0','0','0','0','0','0','0','0','0','0','0','0','0','0','0','0','0','0','0','0','0','0','0']

reports.append(Report(575700992, ("DT", -2, 1, 4), "MBwhAst1sec04"))
reports[-1].posNum = 23766
reports[-1].negNum = 0
reports[-1].fittype = "6DOF"
reports[-1].add_parameters(ValErr(-0.0918024, 0.0056315, 0), \
                           ValErr(0.097177, 0.0483482, 0), \
                           ValErr(-0.0628378, 0.0391255, 0), \
                           ValErr(3.92591e-05, 0.000128958, 0), \
                           ValErr(-5.93243e-05, 0.000139851, 0), \
                           ValErr(0.000336357, 9.09806e-05, 0), \
                           -58441.3, 23766, 23766, -nan)
reports[-1].sigmax = ValErr(0.679469, 0.00311656, 0)
reports[-1].sigmay = ValErr(1.00763, 0.00462179, 0)
reports[-1].sigmadxdz = ValErr(0, 0, 0)
reports[-1].sigmadydz = ValErr(0, 0, 0)
reports[-1].add_stats(-0.0936996, 0.0113247, 0.000504986, -0.00289174, -0.0916638, 0.0199732, 0.00051191, -0.00192088, -0.0916638, 0.0199732, 0.00051191, -0.00192088, -0.0923066, 0.013465, 0.00051818, -0.00187526, -0.0923066, 0.013465, 0.00051818, -0.00187526, 0.679706, 1.00778, 0.00345612, 0.0342146, 0.679706, 1.00778, 0.00345612, 0.0342146)
reports[-1].CovMatrix = ['3.17137e-05','0.000157571','-0.000128911','2.28065e-07','-4.24338e-08','-8.42204e-08','1.7304e-08','2.09335e-09','0','0','0','0','0.000157571','0.00233755','-0.00187331','3.41148e-06','-4.40299e-07','1.91885e-07','5.50311e-08','1.80294e-07','0','0','0','0','-0.000128911','-0.00187331','0.0015308','-2.65643e-06','3.13402e-07','-1.47768e-07','-5.03485e-08','-1.16129e-07','0','0','0','0','2.28065e-07','3.41148e-06','-2.65643e-06','1.66301e-08','-5.73784e-10','1.14194e-09','-2.37397e-10','1.21276e-09','0','0','0','0','-4.24338e-08','-4.40299e-07','3.13402e-07','-5.73784e-10','1.95584e-08','6.65222e-09','5.47556e-10','5.96867e-12','0','0','0','0','-8.42204e-08','1.91885e-07','-1.47768e-07','1.14194e-09','6.65222e-09','8.27747e-09','-2.87996e-11','6.14898e-10','0','0','0','0','1.7304e-08','5.50311e-08','-5.03485e-08','-2.37397e-10','5.47556e-10','-2.87996e-11','9.71295e-06','-4.01856e-11','0','0','0','0','2.09335e-09','1.80294e-07','-1.16129e-07','1.21276e-09','5.96867e-12','6.14898e-10','-4.01856e-11','2.1361e-05','0','0','0','0','0','0','0','0','0','0','0','0','0','0','0','0','0','0','0','0','0','0','0','0','0','0','0','0','0','0','0','0','0','0','0','0','0','0','0','0','0','0','0','0','0','0','0','0','0','0','0','0']

reports.append(Report(575963136, ("DT", -2, 1, 5), "MBwhAst1sec05"))
reports[-1].posNum = 21322
reports[-1].negNum = 0
reports[-1].fittype = "6DOF"
reports[-1].add_parameters(ValErr(0.0221887, 0.00616014, 0), \
                           ValErr(-0.0400938, 0.0501531, 0), \
                           ValErr(-0.00427194, 0.0407218, 0), \
                           ValErr(-0.000357149, 0.000133186, 0), \
                           ValErr(9.92251e-05, 0.000145891, 0), \
                           ValErr(-0.000209078, 9.43752e-05, 0), \
                           -51702.7, 21322, 21322, -nan)
reports[-1].sigmax = ValErr(0.67109, 0.00324978, 0)
reports[-1].sigmay = ValErr(0.985927, 0.00477439, 0)
reports[-1].sigmadxdz = ValErr(0, 0, 0)
reports[-1].sigmadydz = ValErr(0, 0, 0)
reports[-1].add_stats(0.0189476, -0.0328756, -0.00016649, -0.000676383, 0.0181453, -0.0397387, -0.000141395, -0.000757861, 0.0181453, -0.0397387, -0.000141395, -0.000757861, 0.01969, -0.0409683, -0.000154571, -0.000971168, 0.01969, -0.0409683, -0.000154571, -0.000971168, 0.671152, 0.98627, 0.00342143, 0.0338215, 0.671152, 0.98627, 0.00342143, 0.0338215)
reports[-1].CovMatrix = ['3.79473e-05','0.000190859','-0.000156378','2.73243e-07','-8.01203e-08','-1.27301e-07','6.38247e-09','2.15908e-08','0','0','0','0','0.000190859','0.00251534','-0.0020224','3.66563e-06','-6.7213e-07','-4.0129e-08','-1.07373e-07','4.38261e-07','0','0','0','0','-0.000156378','-0.0020224','0.00165827','-2.83823e-06','5.74091e-07','4.73503e-08','9.87661e-08','-3.46571e-07','0','0','0','0','2.73243e-07','3.66563e-06','-2.83823e-06','1.77385e-08','-1.2461e-11','1.00445e-09','6.11768e-10','6.86534e-11','0','0','0','0','-8.01203e-08','-6.7213e-07','5.74091e-07','-1.2461e-11','2.12842e-08','7.21741e-09','9.76557e-10','-5.11721e-10','0','0','0','0','-1.27301e-07','-4.0129e-08','4.73503e-08','1.00445e-09','7.21741e-09','8.90668e-09','8.11617e-11','4.59484e-10','0','0','0','0','6.38247e-09','-1.07373e-07','9.87661e-08','6.11768e-10','9.76557e-10','8.11617e-11','1.05611e-05','-9.56105e-11','0','0','0','0','2.15908e-08','4.38261e-07','-3.46571e-07','6.86534e-11','-5.11721e-10','4.59484e-10','-9.56105e-11','2.27948e-05','0','0','0','0','0','0','0','0','0','0','0','0','0','0','0','0','0','0','0','0','0','0','0','0','0','0','0','0','0','0','0','0','0','0','0','0','0','0','0','0','0','0','0','0','0','0','0','0','0','0','0','0']

reports.append(Report(576225280, ("DT", -2, 1, 6), "MBwhAst1sec06"))
reports[-1].posNum = 18116
reports[-1].negNum = 0
reports[-1].fittype = "6DOF"
reports[-1].add_parameters(ValErr(0.015587, 0.0071799, 0), \
                           ValErr(-0.0912529, 0.0539392, 0), \
                           ValErr(0.107505, 0.0437718, 0), \
                           ValErr(0.000383989, 0.000146959, 0), \
                           ValErr(-6.35353e-05, 0.000159207, 0), \
                           ValErr(-9.7807e-05, 0.000106563, 0), \
                           -44317.1, 18116, 18116, -nan)
reports[-1].sigmax = ValErr(0.68013, 0.00357311, 0)
reports[-1].sigmay = ValErr(0.993908, 0.00522156, 0)
reports[-1].sigmadxdz = ValErr(0, 0, 0)
reports[-1].sigmadydz = ValErr(0, 0, 0)
reports[-1].add_stats(0.022614, 0.0232907, -5.61524e-05, -0.00351755, 0.0236257, 0.026756, -8.08276e-05, -0.0026696, 0.0236257, 0.026756, -8.08276e-05, -0.0026696, 0.0245672, 0.021593, -7.80801e-05, -0.00294344, 0.0245672, 0.021593, -7.80801e-05, -0.00294344, 0.680241, 0.9945, 0.00347993, 0.0322173, 0.680241, 0.9945, 0.00347993, 0.0322173)
reports[-1].CovMatrix = ['5.15509e-05','0.000245975','-0.00020121','3.41193e-07','-1.57078e-07','-2.27563e-07','2.50882e-08','1.34731e-09','0','0','0','0','0.000245975','0.00290944','-0.00233492','4.23848e-06','-7.30617e-07','-4.85889e-08','1.2653e-07','1.77313e-07','0','0','0','0','-0.00020121','-0.00233492','0.00191597','-3.16469e-06','7.02831e-07','6.81626e-08','-9.05719e-08','-1.20923e-07','0','0','0','0','3.41193e-07','4.23848e-06','-3.16469e-06','2.15971e-08','1.60764e-10','1.45509e-09','6.46861e-10','3.56418e-10','0','0','0','0','-1.57078e-07','-7.30617e-07','7.02831e-07','1.60764e-10','2.5347e-08','9.21688e-09','9.64564e-10','-2.43658e-10','0','0','0','0','-2.27563e-07','-4.85889e-08','6.81626e-08','1.45509e-09','9.21688e-09','1.13556e-08','1.94686e-10','4.37739e-10','0','0','0','0','2.50882e-08','1.2653e-07','-9.05719e-08','6.46861e-10','9.64564e-10','1.94686e-10','1.27671e-05','-1.02137e-11','0','0','0','0','1.34731e-09','1.77313e-07','-1.20923e-07','3.56418e-10','-2.43658e-10','4.37739e-10','-1.02137e-11','2.72647e-05','0','0','0','0','0','0','0','0','0','0','0','0','0','0','0','0','0','0','0','0','0','0','0','0','0','0','0','0','0','0','0','0','0','0','0','0','0','0','0','0','0','0','0','0','0','0','0','0','0','0','0','0']

reports.append(Report(576487424, ("DT", -2, 1, 7), "MBwhAst1sec07"))
reports[-1].posNum = 24785
reports[-1].negNum = 0
reports[-1].fittype = "6DOF"
reports[-1].add_parameters(ValErr(-0.0521113, 0.00560319, 0), \
                           ValErr(-0.00520868, 0.0466268, 0), \
                           ValErr(0.161061, 0.0378013, 0), \
                           ValErr(2.7349e-05, 0.000128592, 0), \
                           ValErr(0.00019545, 0.000137577, 0), \
                           ValErr(-0.000117321, 9.20923e-05, 0), \
                           -60574.1, 24785, 24785, -nan)
reports[-1].sigmax = ValErr(0.676835, 0.00304, 0)
reports[-1].sigmay = ValErr(0.996441, 0.00447551, 0)
reports[-1].sigmadxdz = ValErr(0, 0, 0)
reports[-1].sigmadydz = ValErr(0, 0, 0)
reports[-1].add_stats(-0.042408, 0.198471, 0.000245619, -0.00137265, -0.0410988, 0.187102, 0.000238709, -0.00149312, -0.0410988, 0.187102, 0.000238709, -0.00149312, -0.0373926, 0.183542, 0.000222401, -0.00144918, -0.0373926, 0.183542, 0.000222401, -0.00144918, 0.67704, 0.996796, 0.00346653, 0.032032, 0.67704, 0.996796, 0.00346653, 0.032032)
reports[-1].CovMatrix = ['3.13958e-05','0.000153336','-0.000125591','2.20389e-07','-6.36139e-08','-1.08183e-07','6.58522e-09','1.56984e-08','0','0','0','0','0.000153336','0.00217406','-0.00174493','3.18882e-06','-4.52824e-07','1.08412e-07','-3.05049e-08','2.88799e-07','0','0','0','0','-0.000125591','-0.00174493','0.00142894','-2.45008e-06','3.53954e-07','-7.66248e-08','3.00208e-08','-2.19612e-07','0','0','0','0','2.20389e-07','3.18882e-06','-2.45008e-06','1.6536e-08','-2.99119e-10','1.09769e-09','3.74511e-10','3.09533e-10','0','0','0','0','-6.36139e-08','-4.52824e-07','3.53954e-07','-2.99119e-10','1.89273e-08','6.88521e-09','5.00076e-10','7.97634e-11','0','0','0','0','-1.08183e-07','1.08412e-07','-7.66248e-08','1.09769e-09','6.88521e-09','8.481e-09','2.12473e-10','2.46389e-10','0','0','0','0','6.58522e-09','-3.05049e-08','3.00208e-08','3.74511e-10','5.00076e-10','2.12473e-10','9.24162e-06','-3.29902e-12','0','0','0','0','1.56984e-08','2.88799e-07','-2.19612e-07','3.09533e-10','7.97634e-11','2.46389e-10','-3.29902e-12','2.00302e-05','0','0','0','0','0','0','0','0','0','0','0','0','0','0','0','0','0','0','0','0','0','0','0','0','0','0','0','0','0','0','0','0','0','0','0','0','0','0','0','0','0','0','0','0','0','0','0','0','0','0','0','0']

reports.append(Report(576749568, ("DT", -2, 1, 8), "MBwhAst1sec08"))
reports[-1].posNum = 21814
reports[-1].negNum = 0
reports[-1].fittype = "6DOF"
reports[-1].add_parameters(ValErr(0.0328647, 0.00591905, 0), \
                           ValErr(0.0642246, 0.0496104, 0), \
                           ValErr(-0.0421142, 0.0402301, 0), \
                           ValErr(-0.000227174, 0.000134809, 0), \
                           ValErr(0.000324547, 0.000146974, 0), \
                           ValErr(-0.00017056, 9.52722e-05, 0), \
                           -53544.7, 21814, 21814, -nan)
reports[-1].sigmax = ValErr(0.674726, 0.00323032, 0)
reports[-1].sigmay = ValErr(1.01022, 0.00483656, 0)
reports[-1].sigmadxdz = ValErr(0, 0, 0)
reports[-1].sigmadydz = ValErr(0, 0, 0)
reports[-1].add_stats(0.0221108, 0.0215121, 0.000911502, -0.00140872, 0.0250624, 0.0190209, 0.000888394, -0.00128619, 0.0250624, 0.0190209, 0.000888394, -0.00128619, 0.0233012, 0.017311, 0.000892072, -0.0013966, 0.0233012, 0.017311, 0.000892072, -0.0013966, 0.674803, 1.01068, 0.00343696, 0.0336518, 0.674803, 1.01068, 0.00343696, 0.0336518)
reports[-1].CovMatrix = ['3.50351e-05','0.000169979','-0.00013939','2.39913e-07','-7.65463e-08','-1.29896e-07','7.22941e-09','1.72225e-08','0','0','0','0','0.000169979','0.00246119','-0.00197526','3.55288e-06','-6.40638e-07','-8.98921e-09','-3.96682e-08','3.27551e-07','0','0','0','0','-0.00013939','-0.00197526','0.00161846','-2.73123e-06','5.02901e-07','2.29522e-08','3.83991e-08','-2.48932e-07','0','0','0','0','2.39913e-07','3.55288e-06','-2.73123e-06','1.81735e-08','1.30192e-10','1.07156e-09','3.52563e-10','4.49191e-10','0','0','0','0','-7.65463e-08','-6.40638e-07','5.02901e-07','1.30192e-10','2.16013e-08','7.40785e-09','-1.03509e-10','1.08777e-09','0','0','0','0','-1.29896e-07','-8.98921e-09','2.29522e-08','1.07156e-09','7.40785e-09','9.07679e-09','4.71013e-11','5.3029e-10','0','0','0','0','7.22941e-09','-3.96682e-08','3.83991e-08','3.52563e-10','-1.03509e-10','4.71013e-11','1.0435e-05','-1.16472e-11','0','0','0','0','1.72225e-08','3.27551e-07','-2.48932e-07','4.49191e-10','1.08777e-09','5.3029e-10','-1.16472e-11','2.33923e-05','0','0','0','0','0','0','0','0','0','0','0','0','0','0','0','0','0','0','0','0','0','0','0','0','0','0','0','0','0','0','0','0','0','0','0','0','0','0','0','0','0','0','0','0','0','0','0','0','0','0','0','0']

reports.append(Report(577011712, ("DT", -2, 1, 9), "MBwhAst1sec09"))
reports[-1].posNum = 14943
reports[-1].negNum = 0
reports[-1].fittype = "6DOF"
reports[-1].add_parameters(ValErr(-0.0375646, 0.00690929, 0), \
                           ValErr(-0.0494192, 0.0586446, 0), \
                           ValErr(-0.00580551, 0.0475271, 0), \
                           ValErr(9.19148e-05, 0.000159714, 0), \
                           ValErr(-4.70272e-05, 0.000170922, 0), \
                           ValErr(3.7889e-05, 0.000112524, 0), \
                           -36542.7, 14943, 14943, -nan)
reports[-1].sigmax = ValErr(0.673057, 0.00389329, 0)
reports[-1].sigmay = ValErr(1.00353, 0.0058049, 0)
reports[-1].sigmadxdz = ValErr(0, 0, 0)
reports[-1].sigmadydz = ValErr(0, 0, 0)
reports[-1].add_stats(-0.0405734, -0.0530218, 3.56556e-05, -0.00279363, -0.0373382, -0.0580723, 4.81984e-05, -0.00188579, -0.0373382, -0.0580723, 4.81984e-05, -0.00188579, -0.0369676, -0.0570354, 4.65856e-05, -0.00222014, -0.0369676, -0.0570354, 4.65856e-05, -0.00222014, 0.673058, 1.00355, 0.00344035, 0.0331417, 0.673058, 1.00355, 0.00344035, 0.0331417)
reports[-1].CovMatrix = ['4.77383e-05','0.00022282','-0.000182773','3.25265e-07','-5.48027e-08','-1.28246e-07','2.21244e-08','8.56817e-09','0','0','0','0','0.00022282','0.00343918','-0.00275777','5.07991e-06','-4.1116e-07','5.51175e-07','1.26226e-07','2.20888e-07','0','0','0','0','-0.000182773','-0.00275777','0.00225882','-3.92721e-06','2.38475e-07','-4.37812e-07','-9.9815e-08','-1.49434e-07','0','0','0','0','3.25265e-07','5.07991e-06','-3.92721e-06','2.55086e-08','-1.38088e-09','2.08619e-09','4.35745e-10','6.93996e-10','0','0','0','0','-5.48027e-08','-4.1116e-07','2.38475e-07','-1.38088e-09','2.92144e-08','1.00796e-08','1.71844e-11','1.21989e-09','0','0','0','0','-1.28246e-07','5.51175e-07','-4.37812e-07','2.08619e-09','1.00796e-08','1.26617e-08','1.88659e-10','6.27932e-10','0','0','0','0','2.21244e-08','1.26226e-07','-9.9815e-08','4.35745e-10','1.71844e-11','1.88659e-10','1.51577e-05','1.64367e-11','0','0','0','0','8.56817e-09','2.20888e-07','-1.49434e-07','6.93996e-10','1.21989e-09','6.27932e-10','1.64367e-11','3.36969e-05','0','0','0','0','0','0','0','0','0','0','0','0','0','0','0','0','0','0','0','0','0','0','0','0','0','0','0','0','0','0','0','0','0','0','0','0','0','0','0','0','0','0','0','0','0','0','0','0','0','0','0','0']

reports.append(Report(577273856, ("DT", -2, 1, 10), "MBwhAst1sec10"))
reports[-1].posNum = 15958
reports[-1].negNum = 0
reports[-1].fittype = "6DOF"
reports[-1].add_parameters(ValErr(0.0380054, 0.00660859, 0), \
                           ValErr(0.0731157, 0.0584458, 0), \
                           ValErr(0.0145003, 0.0474718, 0), \
                           ValErr(-0.00012837, 0.000148592, 0), \
                           ValErr(9.72428e-05, 0.000163857, 0), \
                           ValErr(0.000218215, 0.00010286, 0), \
                           -38799, 15958, 15958, -nan)
reports[-1].sigmax = ValErr(0.672835, 0.00376625, 0)
reports[-1].sigmay = ValErr(0.98976, 0.00554022, 0)
reports[-1].sigmadxdz = ValErr(0, 0, 0)
reports[-1].sigmadydz = ValErr(0, 0, 0)
reports[-1].add_stats(0.043076, 0.0921397, 4.05386e-05, -0.00182687, 0.0409698, 0.0908942, 7.30641e-05, -0.000315678, 0.0409698, 0.0908942, 7.30641e-05, -0.000315678, 0.0478132, 0.0916075, 3.93734e-05, -0.000213225, 0.0478132, 0.0916075, 3.93734e-05, -0.000213225, 0.672925, 0.989811, 0.00343115, 0.0332336, 0.672925, 0.989811, 0.00343115, 0.0332336)
reports[-1].CovMatrix = ['4.36734e-05','0.000220345','-0.000181013','3.26557e-07','9.51696e-09','-3.90673e-08','8.13295e-09','3.0956e-08','0','0','0','0','0.000220345','0.00341592','-0.00274902','4.98131e-06','-5.27834e-07','3.57429e-07','-2.423e-08','4.02884e-07','0','0','0','0','-0.000181013','-0.00274902','0.00225357','-4.01313e-06','3.37996e-07','-2.89421e-07','2.07434e-08','-3.03843e-07','0','0','0','0','3.26557e-07','4.98131e-06','-4.01313e-06','2.20797e-08','-8.57237e-10','1.58245e-09','-6.00194e-11','1.1953e-09','0','0','0','0','9.51696e-09','-5.27834e-07','3.37996e-07','-8.57237e-10','2.68492e-08','8.48307e-09','3.66166e-10','6.03728e-10','0','0','0','0','-3.90673e-08','3.57429e-07','-2.89421e-07','1.58245e-09','8.48307e-09','1.05802e-08','7.26473e-10','-2.72311e-10','0','0','0','0','8.13295e-09','-2.423e-08','2.07434e-08','-6.00194e-11','3.66166e-10','7.26473e-10','1.41846e-05','-4.00472e-11','0','0','0','0','3.0956e-08','4.02884e-07','-3.03843e-07','1.1953e-09','6.03728e-10','-2.72311e-10','-4.00472e-11','3.06941e-05','0','0','0','0','0','0','0','0','0','0','0','0','0','0','0','0','0','0','0','0','0','0','0','0','0','0','0','0','0','0','0','0','0','0','0','0','0','0','0','0','0','0','0','0','0','0','0','0','0','0','0','0']

reports.append(Report(577536000, ("DT", -2, 1, 11), "MBwhAst1sec11"))
reports[-1].posNum = 16572
reports[-1].negNum = 0
reports[-1].fittype = "6DOF"
reports[-1].add_parameters(ValErr(0.062267, 0.0069125, 0), \
                           ValErr(0.188863, 0.0582785, 0), \
                           ValErr(-0.112352, 0.0472431, 0), \
                           ValErr(0.0005668, 0.000151764, 0), \
                           ValErr(-0.000428527, 0.000169105, 0), \
                           ValErr(-0.000140332, 0.000104698, 0), \
                           -40727.9, 16572, 16572, -nan)
reports[-1].sigmax = ValErr(0.672216, 0.0036924, 0)
reports[-1].sigmay = ValErr(1.01708, 0.00558673, 0)
reports[-1].sigmadxdz = ValErr(0, 0, 0)
reports[-1].sigmadydz = ValErr(0, 0, 0)
reports[-1].add_stats(0.054719, 0.0549697, -0.000582615, -0.00276996, 0.0517545, 0.0496681, -0.000599146, -0.00254352, 0.0517545, 0.0496681, -0.000599146, -0.00254352, 0.0514023, 0.0461202, -0.000589885, -0.00267896, 0.0514023, 0.0461202, -0.000589885, -0.00267896, 0.672355, 1.0175, 0.00342754, 0.0342376, 0.672355, 1.0175, 0.00342754, 0.0342376)
reports[-1].CovMatrix = ['4.77827e-05','0.000255845','-0.000209171','3.71399e-07','-1.72883e-08','-5.83899e-08','4.0294e-08','-1.39073e-08','0','0','0','0','0.000255845','0.00339638','-0.00272753','4.8744e-06','-7.78569e-07','1.34213e-07','3.53872e-07','-1.65866e-07','0','0','0','0','-0.000209171','-0.00272753','0.00223191','-3.90307e-06','6.73933e-07','-1.02374e-07','-2.7945e-07','1.52541e-07','0','0','0','0','3.71399e-07','4.8744e-06','-3.90307e-06','2.30324e-08','-1.94735e-10','1.67327e-09','2.25361e-09','-2.22797e-09','0','0','0','0','-1.72883e-08','-7.78569e-07','6.73933e-07','-1.94735e-10','2.85967e-08','8.78122e-09','1.0876e-09','-3.69849e-10','0','0','0','0','-5.83899e-08','1.34213e-07','-1.02374e-07','1.67327e-09','8.78122e-09','1.09618e-08','8.16394e-10','-4.31451e-10','0','0','0','0','4.0294e-08','3.53872e-07','-2.7945e-07','2.25361e-09','1.0876e-09','8.16394e-10','1.36338e-05','-2.49698e-10','0','0','0','0','-1.39073e-08','-1.65866e-07','1.52541e-07','-2.22797e-09','-3.69849e-10','-4.31451e-10','-2.49698e-10','3.12116e-05','0','0','0','0','0','0','0','0','0','0','0','0','0','0','0','0','0','0','0','0','0','0','0','0','0','0','0','0','0','0','0','0','0','0','0','0','0','0','0','0','0','0','0','0','0','0','0','0','0','0','0','0']

reports.append(Report(577798144, ("DT", -2, 1, 12), "MBwhAst1sec12"))
reports[-1].posNum = 21141
reports[-1].negNum = 0
reports[-1].fittype = "6DOF"
reports[-1].add_parameters(ValErr(-0.012772, 0.00614345, 0), \
                           ValErr(0.133438, 0.0511634, 0), \
                           ValErr(-0.00118798, 0.041517, 0), \
                           ValErr(5.5896e-05, 0.000137632, 0), \
                           ValErr(0.00038193, 0.0001496, 0), \
                           ValErr(0.000276823, 9.75178e-05, 0), \
                           -51976.5, 21141, 21141, -nan)
reports[-1].sigmax = ValErr(0.680156, 0.00330774, 0)
reports[-1].sigmay = ValErr(1.00614, 0.0048931, 0)
reports[-1].sigmadxdz = ValErr(0, 0, 0)
reports[-1].sigmadydz = ValErr(0, 0, 0)
reports[-1].add_stats(-0.00937212, 0.136287, 0.000794838, -0.00285028, -0.00945583, 0.131323, 0.000776058, -0.0011518, -0.00945583, 0.131323, 0.000776058, -0.0011518, -0.0075473, 0.134381, 0.000770037, -0.00104757, -0.0075473, 0.134381, 0.000770037, -0.00104757, 0.680278, 1.00619, 0.00346714, 0.0318091, 0.680278, 1.00619, 0.00346714, 0.0318091)
reports[-1].CovMatrix = ['3.7742e-05','0.000184782','-0.00015147','2.64381e-07','-8.34284e-08','-1.37015e-07','2.06954e-08','-3.55357e-11','0','0','0','0','0.000184782','0.0026177','-0.00210288','3.83388e-06','-5.65221e-07','1.11607e-07','1.79393e-07','3.64462e-08','0','0','0','0','-0.00015147','-0.00210288','0.00172366','-2.94366e-06','4.46348e-07','-7.66065e-08','-1.56966e-07','1.50165e-08','0','0','0','0','2.64381e-07','3.83388e-06','-2.94366e-06','1.89425e-08','-4.11453e-10','1.20646e-09','-3.91807e-10','1.61957e-09','0','0','0','0','-8.34284e-08','-5.65221e-07','4.46348e-07','-4.11453e-10','2.23801e-08','7.71986e-09','6.28163e-10','1.48922e-11','0','0','0','0','-1.37015e-07','1.11607e-07','-7.66065e-08','1.20646e-09','7.71986e-09','9.50972e-09','3.65924e-10','8.71608e-11','0','0','0','0','2.06954e-08','1.79393e-07','-1.56966e-07','-3.91807e-10','6.28163e-10','3.65924e-10','1.09412e-05','-8.10581e-11','0','0','0','0','-3.55357e-11','3.64462e-08','1.50165e-08','1.61957e-09','1.48922e-11','8.71608e-11','-8.10581e-11','2.39425e-05','0','0','0','0','0','0','0','0','0','0','0','0','0','0','0','0','0','0','0','0','0','0','0','0','0','0','0','0','0','0','0','0','0','0','0','0','0','0','0','0','0','0','0','0','0','0','0','0','0','0','0','0']

reports.append(Report(579108864, ("DT", -2, 2, 1), "MBwhAst2sec01"))
reports[-1].posNum = 28537
reports[-1].negNum = 0
reports[-1].fittype = "6DOF"
reports[-1].add_parameters(ValErr(-0.0976772, 0.00572769, 0), \
                           ValErr(0.0716961, 0.0452242, 0), \
                           ValErr(0.00879973, 0.0433892, 0), \
                           ValErr(0.000144931, 0.000163779, 0), \
                           ValErr(0.000155349, 0.000156034, 0), \
                           ValErr(-0.000224223, 0.000110415, 0), \
                           -83583.9, 28537, 28537, -nan)
reports[-1].sigmax = ValErr(0.899324, 0.00376442, 0)
reports[-1].sigmay = ValErr(1.218, 0.00509838, 0)
reports[-1].sigmadxdz = ValErr(0, 0, 0)
reports[-1].sigmadydz = ValErr(0, 0, 0)
reports[-1].add_stats(-0.103219, 0.0847865, 0.000195693, 0.000291313, -0.101549, 0.0799787, 0.000210979, -0.000750261, -0.101549, 0.0799787, 0.000210979, -0.000750261, -0.104277, 0.0816119, 0.00021612, -0.000715484, -0.104277, 0.0816119, 0.00021612, -0.000715484, 0.899397, 1.21822, 0.00375293, 0.0260198, 0.899397, 1.21822, 0.00375293, 0.0260198)
reports[-1].CovMatrix = ['3.28065e-05','-8.45855e-05','8.21108e-05','-1.47708e-07','3.08584e-08','-5.42725e-08','1.82037e-08','-4.22892e-09','0','0','0','0','-8.45855e-05','0.00204523','-0.00193669','3.47446e-06','4.08561e-07','1.26735e-07','-9.91601e-08','2.12349e-07','0','0','0','0','8.21108e-05','-0.00193669','0.00188263','-3.24058e-06','-4.1258e-07','-1.2879e-07','9.38146e-08','-1.69527e-07','0','0','0','0','-1.47708e-07','3.47446e-06','-3.24058e-06','2.68234e-08','-1.98194e-10','-6.98053e-10','-6.09941e-10','1.5166e-09','0','0','0','0','3.08584e-08','4.08561e-07','-4.1258e-07','-1.98194e-10','2.43467e-08','1.16216e-08','-4.95432e-10','2.20309e-09','0','0','0','0','-5.42725e-08','1.26735e-07','-1.2879e-07','-6.98053e-10','1.16216e-08','1.21914e-08','-6.46145e-11','1.1013e-09','0','0','0','0','1.82037e-08','-9.91601e-08','9.38146e-08','-6.09941e-10','-4.95432e-10','-6.46145e-11','1.41708e-05','-7.75366e-11','0','0','0','0','-4.22892e-09','2.12349e-07','-1.69527e-07','1.5166e-09','2.20309e-09','1.1013e-09','-7.75366e-11','2.59935e-05','0','0','0','0','0','0','0','0','0','0','0','0','0','0','0','0','0','0','0','0','0','0','0','0','0','0','0','0','0','0','0','0','0','0','0','0','0','0','0','0','0','0','0','0','0','0','0','0','0','0','0','0']

reports.append(Report(579371008, ("DT", -2, 2, 2), "MBwhAst2sec02"))
reports[-1].posNum = 26270
reports[-1].negNum = 0
reports[-1].fittype = "6DOF"
reports[-1].add_parameters(ValErr(0.0419555, 0.00600642, 0), \
                           ValErr(-0.0733161, 0.046442, 0), \
                           ValErr(-0.03996, 0.0445045, 0), \
                           ValErr(0.00016875, 0.000175717, 0), \
                           ValErr(-5.454e-05, 0.000164003, 0), \
                           ValErr(-8.13833e-05, 0.000117069, 0), \
                           -76873.9, 26270, 26270, -nan)
reports[-1].sigmax = ValErr(0.889542, 0.00388081, 0)
reports[-1].sigmay = ValErr(1.2281, 0.00535787, 0)
reports[-1].sigmadxdz = ValErr(0, 0, 0)
reports[-1].sigmadydz = ValErr(0, 0, 0)
reports[-1].add_stats(0.0423158, -0.113318, 0.000145344, -0.000631547, 0.0433279, -0.115268, 0.000125851, -0.00134374, 0.0433279, -0.115268, 0.000125851, -0.00134374, 0.0417562, -0.110005, 0.000134085, -0.00135908, 0.0417562, -0.110005, 0.000134085, -0.00135908, 0.889566, 1.22811, 0.00370263, 0.0257952, 0.889566, 1.22811, 0.00370263, 0.0257952)
reports[-1].CovMatrix = ['3.60771e-05','-0.000100052','9.67958e-05','-1.72372e-07','1.31556e-09','-9.4404e-08','1.04515e-08','5.10878e-09','0','0','0','0','-0.000100052','0.00215686','-0.00203815','3.65887e-06','6.47159e-07','3.77991e-07','3.00059e-08','5.48757e-08','0','0','0','0','9.67958e-05','-0.00203815','0.00198065','-3.33977e-06','-6.97615e-07','-3.79359e-07','-3.1464e-08','-1.33906e-08','0','0','0','0','-1.72372e-07','3.65887e-06','-3.33977e-06','3.08764e-08','-1.02534e-09','-6.24888e-10','-4.25522e-10','1.38128e-09','0','0','0','0','1.31556e-09','6.47159e-07','-6.97615e-07','-1.02534e-09','2.6897e-08','1.30581e-08','-1.51809e-10','1.84895e-09','0','0','0','0','-9.4404e-08','3.77991e-07','-3.79359e-07','-6.24888e-10','1.30581e-08','1.37052e-08','3.80926e-10','5.93281e-10','0','0','0','0','1.04515e-08','3.00059e-08','-3.1464e-08','-4.25522e-10','-1.51809e-10','3.80926e-10','1.50607e-05','-5.85651e-11','0','0','0','0','5.10878e-09','5.48757e-08','-1.33906e-08','1.38128e-09','1.84895e-09','5.93281e-10','-5.85651e-11','2.87068e-05','0','0','0','0','0','0','0','0','0','0','0','0','0','0','0','0','0','0','0','0','0','0','0','0','0','0','0','0','0','0','0','0','0','0','0','0','0','0','0','0','0','0','0','0','0','0','0','0','0','0','0','0']

reports.append(Report(579633152, ("DT", -2, 2, 3), "MBwhAst2sec03"))
reports[-1].posNum = 23190
reports[-1].negNum = 0
reports[-1].fittype = "6DOF"
reports[-1].add_parameters(ValErr(-0.0691926, 0.0063139, 0), \
                           ValErr(-0.130891, 0.0494607, 0), \
                           ValErr(0.0208265, 0.047411, 0), \
                           ValErr(-9.22608e-06, 0.000184319, 0), \
                           ValErr(5.08236e-05, 0.00017668, 0), \
                           ValErr(5.68313e-05, 0.000124689, 0), \
                           -67386.1, 23190, 23190, -nan)
reports[-1].sigmax = ValErr(0.888224, 0.00412438, 0)
reports[-1].sigmay = ValErr(1.20501, 0.00559532, 0)
reports[-1].sigmadxdz = ValErr(0, 0, 0)
reports[-1].sigmadydz = ValErr(0, 0, 0)
reports[-1].add_stats(-0.0688992, -0.116872, 0.000253066, 9.29447e-06, -0.0694502, -0.109776, 0.000256126, -0.00077004, -0.0694502, -0.109776, 0.000256126, -0.00077004, -0.0678225, -0.110761, 0.00025074, -0.000825235, -0.0678225, -0.110761, 0.00025074, -0.000825235, 0.888233, 1.205, 0.0037287, 0.0254033, 0.888233, 1.205, 0.0037287, 0.0254033)
reports[-1].CovMatrix = ['3.98653e-05','-9.26171e-05','9.00789e-05','-1.58878e-07','-4.53821e-08','-1.52938e-07','1.57497e-08','-3.89824e-09','0','0','0','0','-9.26171e-05','0.00244636','-0.00231275','4.22518e-06','4.84925e-07','1.0629e-07','9.36484e-08','-1.28512e-08','0','0','0','0','9.00789e-05','-0.00231275','0.0022478','-3.77805e-06','-4.54403e-07','-1.13728e-07','-8.67633e-08','5.45055e-08','0','0','0','0','-1.58878e-07','4.22518e-06','-3.77805e-06','3.39734e-08','3.58743e-10','-6.83462e-10','5.29298e-10','3.183e-10','0','0','0','0','-4.53821e-08','4.84925e-07','-4.54403e-07','3.58743e-10','3.12157e-08','1.50064e-08','-3.14885e-10','2.34042e-09','0','0','0','0','-1.52938e-07','1.0629e-07','-1.13728e-07','-6.83462e-10','1.50064e-08','1.55473e-08','-1.04146e-10','1.35795e-09','0','0','0','0','1.57497e-08','9.36484e-08','-8.67633e-08','5.29298e-10','-3.14885e-10','-1.04146e-10','1.70105e-05','-1.94185e-11','0','0','0','0','-3.89824e-09','-1.28512e-08','5.45055e-08','3.183e-10','2.34042e-09','1.35795e-09','-1.94185e-11','3.13077e-05','0','0','0','0','0','0','0','0','0','0','0','0','0','0','0','0','0','0','0','0','0','0','0','0','0','0','0','0','0','0','0','0','0','0','0','0','0','0','0','0','0','0','0','0','0','0','0','0','0','0','0','0']

reports.append(Report(579895296, ("DT", -2, 2, 4), "MBwhAst2sec04"))
reports[-1].posNum = 27554
reports[-1].negNum = 0
reports[-1].fittype = "6DOF"
reports[-1].add_parameters(ValErr(0.00704239, 0.00573513, 0), \
                           ValErr(-0.0453825, 0.0455536, 0), \
                           ValErr(0.0638925, 0.0436442, 0), \
                           ValErr(0.000132008, 0.0001701, 0), \
                           ValErr(-0.000185845, 0.000159759, 0), \
                           ValErr(-0.0001004, 0.000113738, 0), \
                           -80352.5, 27554, 27554, -nan)
reports[-1].sigmax = ValErr(0.887897, 0.00378305, 0)
reports[-1].sigmay = ValErr(1.21799, 0.00518768, 0)
reports[-1].sigmadxdz = ValErr(0, 0, 0)
reports[-1].sigmadydz = ValErr(0, 0, 0)
reports[-1].add_stats(0.00660824, 0.0196041, 6.78727e-05, -0.000746341, 0.0046598, 0.0187652, 8.69419e-05, -0.00120059, 0.0046598, 0.0187652, 8.69419e-05, -0.00120059, 0.00319483, 0.0237822, 9.22453e-05, -0.00128599, 0.00319483, 0.0237822, 9.22453e-05, -0.00128599, 0.887934, 1.21807, 0.00368009, 0.025318, 0.887934, 1.21807, 0.00368009, 0.025318)
