nan = None;  NAN = None
nan = 0
reports = []
class ValErr:
    def __init__(self, value, error, antisym):
        self.value, self.error, self.antisym = value, error, antisym

    def __repr__(self):
        if self.antisym == 0.:
            return "%g +- %g" % (self.value, self.error)
        else:
            return "%g +- %g ~ %g" % (self.value, self.error, self.antisym)

class Report:
    def __init__(self, chamberId, postal_address, name):
        self.chamberId, self.postal_address, self.name = chamberId, postal_address, name
        self.status = "NOFIT"
        self.fittype = None
        self.CovMatrix = None

    def add_parameters(self, deltax, deltay, deltaz, deltaphix, deltaphiy, deltaphiz, loglikelihood, numsegments, sumofweights, redchi2):
        self.status = "PASS"
        self.deltax, self.deltay, self.deltaz, self.deltaphix, self.deltaphiy, self.deltaphiz = deltax, deltay, deltaz, deltaphix, deltaphiy, deltaphiz
        self.loglikelihood, self.numsegments, self.sumofweights, self.redchi2 = loglikelihood, numsegments, sumofweights, redchi2

    def add_stats(self, median_x, median_y, median_dxdz, median_dydz, mean30_x, mean30_y, mean20_dxdz, mean50_dydz, mean15_x, mean15_y, mean10_dxdz, mean25_dydz, wmean30_x, wmean30_y, wmean20_dxdz, wmean50_dydz, wmean15_x, wmean15_y, wmean10_dxdz, wmean25_dydz, stdev30_x, stdev30_y, stdev20_dxdz, stdev50_dydz, stdev15_x, stdev15_y, stdev10_dxdz, stdev25_dydz):
        self.median_x, self.median_y, self.median_dxdz, self.median_dydz, self.mean30_x, self.mean30_y, self.mean20_dxdz, self.mean50_dydz, self.mean15_x, self.mean15_y, self.mean10_dxdz, self.mean25_dydz, self.wmean30_x, self.wmean30_y, self.wmean20_dxdz, self.wmean50_dydz, self.wmean15_x, self.wmean15_y, self.wmean10_dxdz, self.wmean25_dydz, self.stdev30_x, self.stdev30_y, self.stdev20_dxdz, self.stdev50_dydz, self.stdev15_x, self.stdev15_y, self.stdev10_dxdz, self.stdev25_dydz = median_x, median_y, median_dxdz, median_dydz, mean30_x, mean30_y, mean20_dxdz, mean50_dydz, mean15_x, mean15_y, mean10_dxdz, mean25_dydz, wmean30_x, wmean30_y, wmean20_dxdz, wmean50_dydz, wmean15_x, wmean15_y, wmean10_dxdz, wmean25_dydz, stdev30_x, stdev30_y, stdev20_dxdz, stdev50_dydz, stdev15_x, stdev15_y, stdev10_dxdz, stdev25_dydz

    def __repr__(self):
        return "<Report %s %s %s>" % (self.postal_address[0], " ".join(map(str, self.postal_address[1:])), self.status)

reports.append(Report(574914560, ("DT", -2, 1, 1), "MBwhAst1sec01"))
reports[-1].posNum = 5762
reports[-1].negNum = 0
reports[-1].fittype = "6DOF"
reports[-1].add_parameters(ValErr(-0.0790114, 0.011531, 0), \
                           ValErr(0.233022, 0.0940668, 0), \
                           ValErr(-0.0181799, 0.0762218, 0), \
                           ValErr(-0.000148335, 0.000266216, 0), \
                           ValErr(0.000324277, 0.000282456, 0), \
                           ValErr(9.72184e-05, 0.000188579, 0), \
                           -14207, 5762, 5762, -nan)
reports[-1].sigmax = ValErr(0.677258, 0.00630894, 0)
reports[-1].sigmay = ValErr(1.01762, 0.00947959, 0)
reports[-1].sigmadxdz = ValErr(0, 0, 0)
reports[-1].sigmadydz = ValErr(0, 0, 0)
reports[-1].add_stats(-0.0731764, 0.216535, 2.49407e-05, -0.00274534, -0.0801293, 0.214342, 7.60291e-05, -0.00165091, -0.0801293, 0.214342, 7.60291e-05, -0.00165091, -0.0739564, 0.214553, 6.01471e-05, -0.00225096, -0.0739564, 0.214553, 6.01471e-05, -0.00225096, 0.677319, 1.01771, 0.00350022, 0.0310604, 0.677319, 1.01771, 0.00350022, 0.0310604)
reports[-1].CovMatrix = ['0.000132965','0.000620509','-0.000508481','8.87695e-07','-2.57642e-07','-4.73278e-07','1.0588e-07','-5.12989e-08','0','0','0','0','0.000620509','0.00884856','-0.00709022','1.29908e-05','-1.74838e-06','5.87779e-07','1.12708e-06','-6.61928e-07','0','0','0','0','-0.000508481','-0.00709022','0.00580977','-9.88779e-06','1.35008e-06','-4.28247e-07','-8.59929e-07','5.5841e-07','0','0','0','0','8.87695e-07','1.29908e-05','-9.88779e-06','7.0871e-08','-2.13516e-09','4.84248e-09','5.54839e-09','-4.59324e-09','0','0','0','0','-2.57642e-07','-1.74838e-06','1.35008e-06','-2.13516e-09','7.97814e-08','2.86812e-08','-4.96616e-09','1.09877e-08','0','0','0','0','-4.73278e-07','5.87779e-07','-4.28247e-07','4.84248e-09','2.86812e-08','3.55619e-08','-1.44474e-10','2.64101e-09','0','0','0','0','1.0588e-07','1.12708e-06','-8.59929e-07','5.54839e-09','-4.96616e-09','-1.44474e-10','3.98028e-05','-1.05919e-09','0','0','0','0','-5.12989e-08','-6.61928e-07','5.5841e-07','-4.59324e-09','1.09877e-08','2.64101e-09','-1.05919e-09','8.9863e-05','0','0','0','0','0','0','0','0','0','0','0','0','0','0','0','0','0','0','0','0','0','0','0','0','0','0','0','0','0','0','0','0','0','0','0','0','0','0','0','0','0','0','0','0','0','0','0','0','0','0','0','0']

reports.append(Report(575176704, ("DT", -2, 1, 2), "MBwhAst1sec02"))
reports[-1].posNum = 3817
reports[-1].negNum = 0
reports[-1].fittype = "6DOF"
reports[-1].add_parameters(ValErr(0.0232175, 0.0137341, 0), \
                           ValErr(0.0221449, 0.115232, 0), \
                           ValErr(-0.0720024, 0.0932689, 0), \
                           ValErr(0.000294529, 0.000304682, 0), \
                           ValErr(-0.00041691, 0.000336936, 0), \
                           ValErr(-0.00035558, 0.000217079, 0), \
                           -9186.2, 3817, 3817, -nan)
reports[-1].sigmax = ValErr(0.664191, 0.00760193, 0)
reports[-1].sigmay = ValErr(0.978211, 0.011196, 0)
reports[-1].sigmadxdz = ValErr(0, 0, 0)
reports[-1].sigmadydz = ValErr(0, 0, 0)
reports[-1].add_stats(0.0113029, -0.0737819, 0.000935943, -0.00162418, 0.0115421, -0.0695651, 0.000921992, -0.00133697, 0.0115421, -0.0695651, 0.000921992, -0.00133697, 0.0016944, -0.0776787, 0.000949965, -0.00146243, 0.0016944, -0.0776787, 0.000949965, -0.00146243, 0.664523, 0.978237, 0.00341608, 0.0334498, 0.664523, 0.978237, 0.00341608, 0.0334498)
reports[-1].CovMatrix = ['0.000188626','0.000869967','-0.00071269','1.23589e-06','-4.55064e-07','-7.52104e-07','2.36651e-08','1.09052e-07','0','0','0','0','0.000869967','0.0132784','-0.0106351','1.92853e-05','-3.19145e-06','4.50972e-07','-1.40199e-06','3.54416e-06','0','0','0','0','-0.00071269','-0.0106351','0.00869908','-1.47318e-05','2.30865e-06','-2.95038e-07','1.05709e-06','-2.61706e-06','0','0','0','0','1.23589e-06','1.92853e-05','-1.47318e-05','9.28314e-08','-2.64918e-09','5.11066e-09','-4.983e-09','1.24215e-08','0','0','0','0','-4.55064e-07','-3.19145e-06','2.30865e-06','-2.64918e-09','1.13526e-07','3.8448e-08','1.02836e-08','-1.05134e-08','0','0','0','0','-7.52104e-07','4.50972e-07','-2.95038e-07','5.11066e-09','3.8448e-08','4.71231e-08','-4.29153e-10','3.72399e-09','0','0','0','0','2.36651e-08','-1.40199e-06','1.05709e-06','-4.983e-09','1.02836e-08','-4.29153e-10','5.77895e-05','-2.27544e-09','0','0','0','0','1.09052e-07','3.54416e-06','-2.61706e-06','1.24215e-08','-1.05134e-08','3.72399e-09','-2.27544e-09','0.000125352','0','0','0','0','0','0','0','0','0','0','0','0','0','0','0','0','0','0','0','0','0','0','0','0','0','0','0','0','0','0','0','0','0','0','0','0','0','0','0','0','0','0','0','0','0','0','0','0','0','0','0','0']

reports.append(Report(575438848, ("DT", -2, 1, 3), "MBwhAst1sec03"))
reports[-1].posNum = 4143
reports[-1].negNum = 0
reports[-1].fittype = "6DOF"
reports[-1].add_parameters(ValErr(-0.0122296, 0.0144791, 0), \
                           ValErr(0.0962181, 0.111423, 0), \
                           ValErr(-0.156439, 0.0904734, 0), \
                           ValErr(-2.01969e-05, 0.000303198, 0), \
                           ValErr(8.29366e-05, 0.000324619, 0), \
                           ValErr(-3.23687e-05, 0.000219486, 0), \
                           -10210.6, 4143, 4143, -nan)
reports[-1].sigmax = ValErr(0.686604, 0.00754298, 0)
reports[-1].sigmay = ValErr(1.00266, 0.0110151, 0)
reports[-1].sigmadxdz = ValErr(0, 0, 0)
reports[-1].sigmadydz = ValErr(0, 0, 0)
reports[-1].add_stats(-0.0148783, -0.105841, 5.48005e-05, -0.00138027, -0.0283096, -0.0892408, 0.000103995, -0.00101932, -0.0283096, -0.0892408, 0.000103995, -0.00101932, -0.0235474, -0.0920611, 9.09254e-05, -0.00117427, -0.0235474, -0.0920611, 9.09254e-05, -0.00117427, 0.686844, 1.00285, 0.00350646, 0.0324712, 0.686844, 1.00285, 0.00350646, 0.0324712)
reports[-1].CovMatrix = ['0.000209644','0.000988113','-0.00080977','1.37551e-06','-5.75211e-07','-8.96328e-07','3.50322e-07','-3.56934e-07','0','0','0','0','0.000988113','0.0124151','-0.00997014','1.78991e-05','-3.70511e-06','-1.06979e-06','3.24951e-06','-3.33727e-06','0','0','0','0','-0.00080977','-0.00997014','0.00818544','-1.35525e-05','3.35537e-06','9.85124e-07','-2.49844e-06','2.66815e-06','0','0','0','0','1.37551e-06','1.78991e-05','-1.35525e-05','9.19293e-08','2.69619e-09','4.63035e-09','1.46357e-08','-1.60333e-08','0','0','0','0','-5.75211e-07','-3.70511e-06','3.35537e-06','2.69619e-09','1.05377e-07','3.93396e-08','-3.08304e-09','9.61553e-09','0','0','0','0','-8.96328e-07','-1.06979e-06','9.85124e-07','4.63035e-09','3.93396e-08','4.81743e-08','-1.90793e-09','5.91973e-09','0','0','0','0','3.50322e-07','3.24951e-06','-2.49844e-06','1.46357e-08','-3.08304e-09','-1.90793e-09','5.68968e-05','-3.00553e-09','0','0','0','0','-3.56934e-07','-3.33727e-06','2.66815e-06','-1.60333e-08','9.61553e-09','5.91973e-09','-3.00553e-09','0.000121332','0','0','0','0','0','0','0','0','0','0','0','0','0','0','0','0','0','0','0','0','0','0','0','0','0','0','0','0','0','0','0','0','0','0','0','0','0','0','0','0','0','0','0','0','0','0','0','0','0','0','0','0']

reports.append(Report(575700992, ("DT", -2, 1, 4), "MBwhAst1sec04"))
reports[-1].posNum = 5850
reports[-1].negNum = 0
reports[-1].fittype = "6DOF"
reports[-1].add_parameters(ValErr(-0.0940256, 0.0111113, 0), \
                           ValErr(-0.0289631, 0.095268, 0), \
                           ValErr(0.0254303, 0.077089, 0), \
                           ValErr(-0.000192886, 0.000255961, 0), \
                           ValErr(8.94811e-05, 0.000280367, 0), \
                           ValErr(0.000285215, 0.000179696, 0), \
                           -14227.9, 5850, 5850, -nan)
reports[-1].sigmax = ValErr(0.665638, 0.00615387, 0)
reports[-1].sigmay = ValErr(1.00126, 0.00925675, 0)
reports[-1].sigmadxdz = ValErr(0, 0, 0)
reports[-1].sigmadydz = ValErr(0, 0, 0)
reports[-1].add_stats(-0.0990767, 0.0182402, 0.000551052, -0.00309514, -0.0874346, 0.00357312, 0.000505802, -0.00190639, -0.0874346, 0.00357312, 0.000505802, -0.00190639, -0.0868508, 0.000560869, 0.00049428, -0.00155249, -0.0868508, 0.000560869, 0.00049428, -0.00155249, 0.665841, 1.00128, 0.00340498, 0.034267, 0.665841, 1.00128, 0.00340498, 0.034267)
reports[-1].CovMatrix = ['0.000123462','0.000607484','-0.00049728','8.67621e-07','-1.94714e-07','-3.71064e-07','1.82354e-07','-1.69131e-07','0','0','0','0','0.000607484','0.009076','-0.00727016','1.31435e-05','-2.02452e-06','4.43649e-07','1.41611e-06','-1.13545e-06','0','0','0','0','-0.00049728','-0.00727016','0.00594272','-1.01929e-05','1.46451e-06','-3.21274e-07','-1.18388e-06','1.06166e-06','0','0','0','0','8.67621e-07','1.31435e-05','-1.01929e-05','6.55161e-08','-1.55838e-09','4.22683e-09','9.43014e-10','1.98741e-09','0','0','0','0','-1.94714e-07','-2.02452e-06','1.46451e-06','-1.55838e-09','7.86057e-08','2.61159e-08','1.97326e-09','2.94659e-10','0','0','0','0','-3.71064e-07','4.43649e-07','-3.21274e-07','4.22683e-09','2.61159e-08','3.22908e-08','-2.04877e-09','5.2785e-09','0','0','0','0','1.82354e-07','1.41611e-06','-1.18388e-06','9.43014e-10','1.97326e-09','-2.04877e-09','3.78702e-05','-9.06187e-10','0','0','0','0','-1.69131e-07','-1.13545e-06','1.06166e-06','1.98741e-09','2.94659e-10','5.2785e-09','-9.06187e-10','8.56876e-05','0','0','0','0','0','0','0','0','0','0','0','0','0','0','0','0','0','0','0','0','0','0','0','0','0','0','0','0','0','0','0','0','0','0','0','0','0','0','0','0','0','0','0','0','0','0','0','0','0','0','0','0']

reports.append(Report(575963136, ("DT", -2, 1, 5), "MBwhAst1sec05"))
reports[-1].posNum = 5290
reports[-1].negNum = 0
reports[-1].fittype = "6DOF"
reports[-1].add_parameters(ValErr(0.0292581, 0.0121947, 0), \
                           ValErr(0.0725877, 0.0983485, 0), \
                           ValErr(-0.0872431, 0.0798064, 0), \
                           ValErr(3.63147e-06, 0.000268824, 0), \
                           ValErr(-3.95321e-05, 0.000291617, 0), \
                           ValErr(-0.000298836, 0.000187983, 0), \
                           -12824.5, 5290, 5290, -nan)
reports[-1].sigmax = ValErr(0.663066, 0.00644643, 0)
reports[-1].sigmay = ValErr(0.997317, 0.00969616, 0)
reports[-1].sigmadxdz = ValErr(0, 0, 0)
reports[-1].sigmadydz = ValErr(0, 0, 0)
reports[-1].add_stats(0.0163629, -0.0214262, -0.000167358, -0.000693855, 0.0158586, -0.0315843, -0.0001566, -0.000937559, 0.0158586, -0.0315843, -0.0001566, -0.000937559, 0.00936236, -0.0472225, -0.000128095, -0.000759384, 0.00936236, -0.0472225, -0.000128095, -0.000759384, 0.663258, 0.997456, 0.00339445, 0.0347679, 0.663258, 0.997456, 0.00339445, 0.0347679)
reports[-1].CovMatrix = ['0.00014871','0.000734266','-0.000601637','1.04978e-06','-3.2979e-07','-5.24505e-07','8.86728e-08','-1.14349e-08','0','0','0','0','0.000734266','0.00967243','-0.00776616','1.41187e-05','-2.83055e-06','-2.15842e-07','3.31273e-07','6.03644e-07','0','0','0','0','-0.000601637','-0.00776616','0.00636906','-1.08517e-05','2.41107e-06','2.36688e-07','-3.21772e-07','-3.01635e-07','0','0','0','0','1.04978e-06','1.41187e-05','-1.08517e-05','7.22666e-08','-6.99917e-10','3.96183e-09','-3.15012e-09','8.68149e-09','0','0','0','0','-3.2979e-07','-2.83055e-06','2.41107e-06','-6.99917e-10','8.50406e-08','2.85061e-08','-1.37297e-09','5.76683e-09','0','0','0','0','-5.24505e-07','-2.15842e-07','2.36688e-07','3.96183e-09','2.85061e-08','3.53376e-08','-1.45448e-09','4.4665e-09','0','0','0','0','8.86728e-08','3.31273e-07','-3.21772e-07','-3.15012e-09','-1.37297e-09','-1.45448e-09','4.15566e-05','-6.74749e-10','0','0','0','0','-1.14349e-08','6.03644e-07','-3.01635e-07','8.68149e-09','5.76683e-09','4.4665e-09','-6.74749e-10','9.40158e-05','0','0','0','0','0','0','0','0','0','0','0','0','0','0','0','0','0','0','0','0','0','0','0','0','0','0','0','0','0','0','0','0','0','0','0','0','0','0','0','0','0','0','0','0','0','0','0','0','0','0','0','0']

reports.append(Report(576225280, ("DT", -2, 1, 6), "MBwhAst1sec06"))
reports[-1].posNum = 4537
reports[-1].negNum = 0
reports[-1].fittype = "6DOF"
reports[-1].add_parameters(ValErr(0.00169915, 0.014011, 0), \
                           ValErr(-0.078921, 0.105628, 0), \
                           ValErr(0.130897, 0.0856043, 0), \
                           ValErr(0.000122266, 0.000296084, 0), \
                           ValErr(1.74793e-05, 0.000321138, 0), \
                           ValErr(-1.46289e-05, 0.000209577, 0), \
                           -11102.9, 4537, 4537, -nan)
reports[-1].sigmax = ValErr(0.667213, 0.00699703, 0)
reports[-1].sigmay = ValErr(1.01406, 0.0106363, 0)
reports[-1].sigmadxdz = ValErr(0, 0, 0)
reports[-1].sigmadydz = ValErr(0, 0, 0)
reports[-1].add_stats(0.0142436, 0.0649707, -2.58525e-05, -0.00172839, 0.0140997, 0.0725768, -4.34258e-05, -0.00140621, 0.0140997, 0.0725768, -4.34258e-05, -0.00140621, 0.0105566, 0.080297, -2.30179e-05, -0.0017003, 0.0105566, 0.080297, -2.30179e-05, -0.0017003, 0.667343, 1.01431, 0.00343686, 0.0323876, 0.667343, 1.01431, 0.00343686, 0.0323876)
reports[-1].CovMatrix = ['0.000196309','0.000925821','-0.000757073','1.26599e-06','-6.21747e-07','-9.16101e-07','3.80146e-07','-3.11809e-07','0','0','0','0','0.000925821','0.0111572','-0.00893314','1.61587e-05','-3.0723e-06','-2.82043e-07','2.67455e-06','-1.73235e-06','0','0','0','0','-0.000757073','-0.00893314','0.0073281','-1.19099e-05','2.89603e-06','3.52974e-07','-2.22347e-06','1.37172e-06','0','0','0','0','1.26599e-06','1.61587e-05','-1.19099e-05','8.76658e-08','7.95375e-10','5.71541e-09','7.23845e-09','-8.30236e-09','0','0','0','0','-6.21747e-07','-3.0723e-06','2.89603e-06','7.95375e-10','1.03129e-07','3.56642e-08','-1.50986e-09','-7.55781e-10','0','0','0','0','-9.16101e-07','-2.82043e-07','3.52974e-07','5.71541e-09','3.56642e-08','4.39226e-08','1.19927e-09','-2.16827e-09','0','0','0','0','3.80146e-07','2.67455e-06','-2.22347e-06','7.23845e-09','-1.50986e-09','1.19927e-09','4.89586e-05','1.15497e-07','0','0','0','0','-3.11809e-07','-1.73235e-06','1.37172e-06','-8.30236e-09','-7.55781e-10','-2.16827e-09','1.15497e-07','0.000113131','0','0','0','0','0','0','0','0','0','0','0','0','0','0','0','0','0','0','0','0','0','0','0','0','0','0','0','0','0','0','0','0','0','0','0','0','0','0','0','0','0','0','0','0','0','0','0','0','0','0','0','0']

reports.append(Report(576487424, ("DT", -2, 1, 7), "MBwhAst1sec07"))
reports[-1].posNum = 5999
reports[-1].negNum = 0
reports[-1].fittype = "6DOF"
reports[-1].add_parameters(ValErr(-0.0582916, 0.0113933, 0), \
                           ValErr(-0.0656616, 0.0940467, 0), \
                           ValErr(0.216553, 0.0762579, 0), \
                           ValErr(-0.000480461, 0.000263463, 0), \
                           ValErr(0.00072237, 0.000281786, 0), \
                           ValErr(0.000168207, 0.000189668, 0), \
                           -14604.4, 5999, 5999, -nan)
reports[-1].sigmax = ValErr(0.67327, 0.00614666, 0)
reports[-1].sigmay = ValErr(0.992236, 0.00905864, 0)
reports[-1].sigmadxdz = ValErr(0, 0, 0)
reports[-1].sigmadydz = ValErr(0, 0, 0)
reports[-1].add_stats(-0.0423627, 0.205275, 0.000178901, -0.00083054, -0.0387665, 0.201712, 0.00021616, -0.00121401, -0.0387665, 0.201712, 0.00021616, -0.00121401, -0.0260822, 0.211018, 0.000150089, -0.00142023, -0.0260822, 0.211018, 0.000150089, -0.00142023, 0.673708, 0.992754, 0.00344986, 0.0317793, 0.673708, 0.992754, 0.00344986, 0.0317793)
reports[-1].CovMatrix = ['0.000129806','0.000622625','-0.000510174','8.85458e-07','-3.26402e-07','-5.15816e-07','2.99933e-08','5.56647e-08','0','0','0','0','0.000622625','0.00884479','-0.00709794','1.29709e-05','-1.95857e-06','4.33419e-07','9.13725e-08','8.63754e-07','0','0','0','0','-0.000510174','-0.00709794','0.00581526','-9.85295e-06','1.52891e-06','-2.96973e-07','1.66492e-08','-7.3782e-07','0','0','0','0','8.85458e-07','1.29709e-05','-9.85295e-06','6.94127e-08','-1.62057e-09','4.6257e-09','6.36807e-09','-5.76032e-09','0','0','0','0','-3.26402e-07','-1.95857e-06','1.52891e-06','-1.62057e-09','7.94032e-08','2.93664e-08','2.56319e-09','-4.2048e-10','0','0','0','0','-5.15816e-07','4.33419e-07','-2.96973e-07','4.6257e-09','2.93664e-08','3.5974e-08','1.71198e-09','-2.06227e-10','0','0','0','0','2.99933e-08','9.13725e-08','1.66492e-08','6.36807e-09','2.56319e-09','1.71198e-09','3.77816e-05','-8.5152e-10','0','0','0','0','5.56647e-08','8.63754e-07','-7.3782e-07','-5.76032e-09','-4.2048e-10','-2.06227e-10','-8.5152e-10','8.20592e-05','0','0','0','0','0','0','0','0','0','0','0','0','0','0','0','0','0','0','0','0','0','0','0','0','0','0','0','0','0','0','0','0','0','0','0','0','0','0','0','0','0','0','0','0','0','0','0','0','0','0','0','0']

reports.append(Report(576749568, ("DT", -2, 1, 8), "MBwhAst1sec08"))
reports[-1].posNum = 5456
reports[-1].negNum = 0
reports[-1].fittype = "6DOF"
reports[-1].add_parameters(ValErr(0.0232031, 0.0116768, 0), \
                           ValErr(-0.0423207, 0.0983922, 0), \
                           ValErr(0.0513253, 0.0797518, 0), \
                           ValErr(-0.0004805, 0.000271132, 0), \
                           ValErr(0.000673346, 0.000293146, 0), \
                           ValErr(0.000212464, 0.000190499, 0), \
                           -13337.3, 5456, 5456, -nan)
reports[-1].sigmax = ValErr(0.668429, 0.00639895, 0)
reports[-1].sigmay = ValErr(1.00951, 0.00966404, 0)
reports[-1].sigmadxdz = ValErr(0, 0, 0)
reports[-1].sigmadydz = ValErr(0, 0, 0)
reports[-1].add_stats(0.0212817, 0.0441131, 0.000930383, -0.000780655, 0.0287962, 0.0284217, 0.0008645, -0.000327114, 0.0287962, 0.0284217, 0.0008645, -0.000327114, 0.0322774, 0.0182507, 0.000859411, -0.000262586, 0.0322774, 0.0182507, 0.000859411, -0.000262586, 0.668579, 1.0101, 0.00341805, 0.0330925, 0.668579, 1.0101, 0.00341805, 0.0330925)
reports[-1].CovMatrix = ['0.000136348','0.000658843','-0.000540397','9.2552e-07','-3.39246e-07','-5.59576e-07','9.2024e-08','-3.38198e-08','0','0','0','0','0.000658843','0.00968102','-0.00776467','1.39482e-05','-3.06747e-06','-6.45324e-07','1.1427e-06','-7.26235e-07','0','0','0','0','-0.000540397','-0.00776467','0.00636035','-1.06934e-05','2.4089e-06','5.93857e-07','-8.60504e-07','5.93568e-07','0','0','0','0','9.2552e-07','1.39482e-05','-1.06934e-05','7.35127e-08','1.29212e-09','3.36935e-09','7.56989e-09','-7.56429e-09','0','0','0','0','-3.39246e-07','-3.06747e-06','2.4089e-06','1.29212e-09','8.59348e-08','2.98207e-08','4.25297e-09','-2.70179e-09','0','0','0','0','-5.59576e-07','-6.45324e-07','5.93857e-07','3.36935e-09','2.98207e-08','3.62898e-08','2.9331e-09','-2.08453e-09','0','0','0','0','9.2024e-08','1.1427e-06','-8.60504e-07','7.56989e-09','4.25297e-09','2.9331e-09','4.09466e-05','-9.49819e-10','0','0','0','0','-3.38198e-08','-7.26235e-07','5.93568e-07','-7.56429e-09','-2.70179e-09','-2.08453e-09','-9.49819e-10','9.33939e-05','0','0','0','0','0','0','0','0','0','0','0','0','0','0','0','0','0','0','0','0','0','0','0','0','0','0','0','0','0','0','0','0','0','0','0','0','0','0','0','0','0','0','0','0','0','0','0','0','0','0','0','0']

reports.append(Report(577011712, ("DT", -2, 1, 9), "MBwhAst1sec09"))
reports[-1].posNum = 3520
reports[-1].negNum = 0
reports[-1].fittype = "6DOF"
reports[-1].add_parameters(ValErr(-0.0350531, 0.0142661, 0), \
                           ValErr(-0.0303463, 0.118915, 0), \
                           ValErr(-0.0248599, 0.0964016, 0), \
                           ValErr(0.00018659, 0.000327317, 0), \
                           ValErr(-0.00035145, 0.000350286, 0), \
                           ValErr(0.000177648, 0.000228464, 0), \
                           -8530.08, 3520, 3520, -nan)
reports[-1].sigmax = ValErr(0.661048, 0.00787877, 0)
reports[-1].sigmay = ValErr(0.999405, 0.0119114, 0)
reports[-1].sigmadxdz = ValErr(0, 0, 0)
reports[-1].sigmadydz = ValErr(0, 0, 0)
reports[-1].add_stats(-0.0347151, -0.0672973, -2.03502e-05, -0.00352034, -0.0327115, -0.064153, 9.82487e-06, -0.00188393, -0.0327115, -0.064153, 9.82487e-06, -0.00188393, -0.027286, -0.0582735, 7.08261e-07, -0.00207975, -0.027286, -0.0582735, 7.08261e-07, -0.00207975, 0.661109, 0.99976, 0.00336566, 0.0330981, 0.661109, 0.99976, 0.00336566, 0.0330981)
reports[-1].CovMatrix = ['0.000203522','0.000967306','-0.000793083','1.41329e-06','-2.5999e-07','-5.60075e-07','8.43421e-08','5.14772e-08','0','0','0','0','0.000967306','0.0141407','-0.0113398','2.09213e-05','-1.97697e-06','2.08066e-06','-1.74097e-07','1.99774e-06','0','0','0','0','-0.000793083','-0.0113398','0.00929327','-1.61299e-05','1.38697e-06','-1.6382e-06','2.01742e-07','-1.56793e-06','0','0','0','0','1.41329e-06','2.09213e-05','-1.61299e-05','1.07136e-07','-4.67072e-09','8.82201e-09','5.13944e-09','-1.99609e-09','0','0','0','0','-2.5999e-07','-1.97697e-06','1.38697e-06','-4.67072e-09','1.22701e-07','4.13456e-08','4.58869e-09','-1.67643e-09','0','0','0','0','-5.60075e-07','2.08066e-06','-1.6382e-06','8.82201e-09','4.13456e-08','5.21956e-08','-2.01972e-10','4.03955e-09','0','0','0','0','8.43421e-08','-1.74097e-07','2.01742e-07','5.13944e-09','4.58869e-09','-2.01972e-10','6.20752e-05','-6.96052e-10','0','0','0','0','5.14772e-08','1.99774e-06','-1.56793e-06','-1.99609e-09','-1.67643e-09','4.03955e-09','-6.96052e-10','0.000141883','0','0','0','0','0','0','0','0','0','0','0','0','0','0','0','0','0','0','0','0','0','0','0','0','0','0','0','0','0','0','0','0','0','0','0','0','0','0','0','0','0','0','0','0','0','0','0','0','0','0','0','0']

reports.append(Report(577273856, ("DT", -2, 1, 10), "MBwhAst1sec10"))
reports[-1].posNum = 3863
reports[-1].negNum = 0
reports[-1].fittype = "6DOF"
reports[-1].add_parameters(ValErr(0.0326135, 0.0133175, 0), \
                           ValErr(0.110618, 0.118153, 0), \
                           ValErr(-0.0262182, 0.0959305, 0), \
                           ValErr(-0.000169894, 0.000302213, 0), \
                           ValErr(-0.000225779, 0.000333718, 0), \
                           ValErr(6.33864e-05, 0.000210003, 0), \
                           -9426.87, 3863, 3863, -nan)
reports[-1].sigmax = ValErr(0.675955, 0.00769048, 0)
reports[-1].sigmay = ValErr(0.994065, 0.0113096, 0)
reports[-1].sigmadxdz = ValErr(0, 0, 0)
reports[-1].sigmadydz = ValErr(0, 0, 0)
reports[-1].add_stats(0.0245862, 0.0800227, 6.42652e-05, -0.00207132, 0.0325431, 0.0783107, 8.40323e-05, -0.000219189, 0.0325431, 0.0783107, 8.40323e-05, -0.000219189, 0.0472331, 0.084186, 4.04204e-06, -7.58545e-05, 0.0472331, 0.084186, 4.04204e-06, -7.58545e-05, 0.676015, 0.994236, 0.0034597, 0.0326386, 0.676015, 0.994236, 0.0034597, 0.0326386)
reports[-1].CovMatrix = ['0.000177355','0.000863112','-0.000709488','1.27785e-06','-1.71943e-08','-2.33726e-07','1.607e-07','-6.67628e-08','0','0','0','0','0.000863112','0.0139602','-0.0112265','2.04406e-05','-2.07062e-06','1.80702e-06','1.70788e-06','-9.81769e-07','0','0','0','0','-0.000709488','-0.0112265','0.00920266','-1.63242e-05','1.17377e-06','-1.46306e-06','-1.29153e-06','7.60182e-07','0','0','0','0','1.27785e-06','2.04406e-05','-1.63242e-05','9.13327e-08','-5.23883e-09','6.63042e-09','1.7104e-08','-2.0552e-08','0','0','0','0','-1.71943e-08','-2.07062e-06','1.17377e-06','-5.23883e-09','1.11368e-07','3.55215e-08','-1.63305e-09','7.02419e-09','0','0','0','0','-2.33726e-07','1.80702e-06','-1.46306e-06','6.63042e-09','3.55215e-08','4.41014e-08','1.50842e-09','1.09527e-09','0','0','0','0','1.607e-07','1.70788e-06','-1.29153e-06','1.7104e-08','-1.63305e-09','1.50842e-09','5.91437e-05','-4.69612e-09','0','0','0','0','-6.67628e-08','-9.81769e-07','7.60182e-07','-2.0552e-08','7.02419e-09','1.09527e-09','-4.69612e-09','0.000127908','0','0','0','0','0','0','0','0','0','0','0','0','0','0','0','0','0','0','0','0','0','0','0','0','0','0','0','0','0','0','0','0','0','0','0','0','0','0','0','0','0','0','0','0','0','0','0','0','0','0','0','0']

reports.append(Report(577536000, ("DT", -2, 1, 11), "MBwhAst1sec11"))
reports[-1].posNum = 4106
reports[-1].negNum = 0
reports[-1].fittype = "6DOF"
reports[-1].add_parameters(ValErr(0.0407187, 0.0137341, 0), \
                           ValErr(0.0871669, 0.11584, 0), \
                           ValErr(-0.045575, 0.0938734, 0), \
                           ValErr(0.000445386, 0.000299553, 0), \
                           ValErr(-0.000109734, 0.000336623, 0), \
                           ValErr(-4.89044e-05, 0.000206701, 0), \
                           -10071.7, 4106, 4106, -nan)
reports[-1].sigmax = ValErr(0.669606, 0.00738925, 0)
reports[-1].sigmay = ValErr(1.01626, 0.0112145, 0)
reports[-1].sigmadxdz = ValErr(0, 0, 0)
reports[-1].sigmadydz = ValErr(0, 0, 0)
reports[-1].add_stats(0.0508366, 0.0383965, -0.000592835, -0.00316442, 0.0361957, 0.0297203, -0.000534679, -0.00269776, 0.0361957, 0.0297203, -0.000534679, -0.00269776, 0.0269205, 0.0245268, -0.000461556, -0.003227, 0.0269205, 0.0245268, -0.000461556, -0.003227, 0.669645, 1.01651, 0.00345436, 0.0342943, 0.669645, 1.01651, 0.00345436, 0.0342943)
reports[-1].CovMatrix = ['0.000188627','0.00100347','-0.000820317','1.44969e-06','-3.19551e-08','-2.01468e-07','-4.89028e-08','2.61229e-07','0','0','0','0','0.00100347','0.0134189','-0.0107711','1.90759e-05','-3.27588e-06','2.1227e-07','-1.36294e-06','3.5197e-06','0','0','0','0','-0.000820317','-0.0107711','0.00881222','-1.53495e-05','2.82158e-06','-1.48574e-07','1.12401e-06','-2.76337e-06','0','0','0','0','1.44969e-06','1.90759e-05','-1.53495e-05','8.97322e-08','3.28172e-10','6.27124e-09','-5.89781e-10','5.55566e-09','0','0','0','0','-3.19551e-08','-3.27588e-06','2.82158e-06','3.28172e-10','1.13315e-07','3.45165e-08','5.10174e-09','-2.65213e-09','0','0','0','0','-2.01468e-07','2.1227e-07','-1.48574e-07','6.27124e-09','3.45165e-08','4.27252e-08','2.93453e-09','-1.26826e-09','0','0','0','0','-4.89028e-08','-1.36294e-06','1.12401e-06','-5.89781e-10','5.10174e-09','2.93453e-09','5.46012e-05','-4.48834e-10','0','0','0','0','2.61229e-07','3.5197e-06','-2.76337e-06','5.55566e-09','-2.65213e-09','-1.26826e-09','-4.48834e-10','0.000125766','0','0','0','0','0','0','0','0','0','0','0','0','0','0','0','0','0','0','0','0','0','0','0','0','0','0','0','0','0','0','0','0','0','0','0','0','0','0','0','0','0','0','0','0','0','0','0','0','0','0','0','0']

reports.append(Report(577798144, ("DT", -2, 1, 12), "MBwhAst1sec12"))
reports[-1].posNum = 5138
reports[-1].negNum = 0
reports[-1].fittype = "6DOF"
reports[-1].add_parameters(ValErr(-0.0210235, 0.0121953, 0), \
                           ValErr(-0.0362777, 0.102402, 0), \
                           ValErr(0.129982, 0.0830719, 0), \
                           ValErr(-0.000439892, 0.000274899, 0), \
                           ValErr(0.00028303, 0.000299816, 0), \
                           ValErr(0.000402456, 0.000193814, 0), \
                           -12490, 5138, 5138, -nan)
reports[-1].sigmax = ValErr(0.668667, 0.00659371, 0)
reports[-1].sigmay = ValErr(0.995514, 0.00981725, 0)
reports[-1].sigmadxdz = ValErr(0, 0, 0)
reports[-1].sigmadydz = ValErr(0, 0, 0)
reports[-1].add_stats(0.0150376, 0.127131, 0.000708163, -0.00218149, -0.00292207, 0.125863, 0.000742485, -0.00114864, -0.00292207, 0.125863, 0.000742485, -0.00114864, -0.00306102, 0.130714, 0.000739647, -0.00105086, -0.00306102, 0.130714, 0.000739647, -0.00105086, 0.669165, 0.995565, 0.00341454, 0.0316916, 0.669165, 0.995565, 0.00341454, 0.0316916)
reports[-1].CovMatrix = ['0.000148725','0.000729713','-0.000598253','1.04092e-06','-3.38728e-07','-5.5317e-07','3.09444e-07','-7.9083e-08','0','0','0','0','0.000729713','0.0104862','-0.00842148','1.531e-05','-2.541e-06','1.76061e-07','3.49183e-06','6.57034e-07','0','0','0','0','-0.000598253','-0.00842148','0.00690094','-1.17672e-05','1.9871e-06','-8.4949e-08','-2.87135e-06','-3.16021e-07','0','0','0','0','1.04092e-06','1.531e-05','-1.17672e-05','7.55692e-08','-1.47802e-09','4.31177e-09','-7.07483e-10','5.78153e-09','0','0','0','0','-3.38728e-07','-2.541e-06','1.9871e-06','-1.47802e-09','8.98895e-08','3.06038e-08','-2.39833e-09','-4.66582e-09','0','0','0','0','-5.5317e-07','1.76061e-07','-8.4949e-08','4.31177e-09','3.06038e-08','3.7564e-08','-2.90311e-09','5.61684e-09','0','0','0','0','3.09444e-07','3.49183e-06','-2.87135e-06','-7.07483e-10','-2.39833e-09','-2.90311e-09','4.34771e-05','-1.38528e-07','0','0','0','0','-7.9083e-08','6.57034e-07','-3.16021e-07','5.78153e-09','-4.66582e-09','5.61684e-09','-1.38528e-07','9.63787e-05','0','0','0','0','0','0','0','0','0','0','0','0','0','0','0','0','0','0','0','0','0','0','0','0','0','0','0','0','0','0','0','0','0','0','0','0','0','0','0','0','0','0','0','0','0','0','0','0','0','0','0','0']

reports.append(Report(579108864, ("DT", -2, 2, 1), "MBwhAst2sec01"))
reports[-1].posNum = 6799
reports[-1].negNum = 0
reports[-1].fittype = "6DOF"
reports[-1].add_parameters(ValErr(-0.0956246, 0.0117584, 0), \
                           ValErr(0.166959, 0.0925485, 0), \
                           ValErr(-0.0628574, 0.0887374, 0), \
                           ValErr(0.000419693, 0.000339124, 0), \
                           ValErr(0.000249888, 0.000321744, 0), \
                           ValErr(-0.000370095, 0.000226407, 0), \
                           -20027.2, 6799, 6799, -nan)
reports[-1].sigmax = ValErr(0.899381, 0.00771279, 0)
reports[-1].sigmay = ValErr(1.23836, 0.0106199, 0)
reports[-1].sigmadxdz = ValErr(0, 0, 0)
reports[-1].sigmadydz = ValErr(0, 0, 0)
reports[-1].add_stats(-0.115061, 0.116176, 0.000138159, 0.000421377, -0.0981127, 0.101476, 0.000198243, -0.000726868, -0.0981127, 0.101476, 0.000198243, -0.000726868, -0.0996405, 0.0944757, 0.000201679, -0.000951247, -0.0996405, 0.0944757, 0.000201679, -0.000951247, 0.899636, 1.23895, 0.00373095, 0.025834, 0.899636, 1.23895, 0.00373095, 0.025834)
reports[-1].CovMatrix = ['0.000138259','-0.000364113','0.000353064','-6.34329e-07','1.80683e-07','-1.84011e-07','1.41054e-07','-1.01131e-07','0','0','0','0','-0.000364113','0.00856523','-0.00810217','1.43931e-05','1.99948e-06','8.12027e-07','-2.13123e-06','3.26078e-06','0','0','0','0','0.000353064','-0.00810217','0.00787433','-1.34848e-05','-2.06531e-06','-8.15119e-07','2.03638e-06','-2.98091e-06','0','0','0','0','-6.34329e-07','1.43931e-05','-1.34848e-05','1.15005e-07','-2.0778e-09','-2.97857e-09','-1.09972e-08','1.79843e-08','0','0','0','0','1.80683e-07','1.99948e-06','-2.06531e-06','-2.0778e-09','1.03519e-07','4.89154e-08','-5.65585e-09','1.43208e-08','0','0','0','0','-1.84011e-07','8.12027e-07','-8.15119e-07','-2.97857e-09','4.89154e-08','5.12603e-08','-1.62534e-09','6.57829e-09','0','0','0','0','1.41054e-07','-2.13123e-06','2.03638e-06','-1.09972e-08','-5.65585e-09','-1.62534e-09','5.94873e-05','-2.59832e-09','0','0','0','0','-1.01131e-07','3.26078e-06','-2.98091e-06','1.79843e-08','1.43208e-08','6.57829e-09','-2.59832e-09','0.000112782','0','0','0','0','0','0','0','0','0','0','0','0','0','0','0','0','0','0','0','0','0','0','0','0','0','0','0','0','0','0','0','0','0','0','0','0','0','0','0','0','0','0','0','0','0','0','0','0','0','0','0','0']

reports.append(Report(579371008, ("DT", -2, 2, 2), "MBwhAst2sec02"))
reports[-1].posNum = 6462
reports[-1].negNum = 0
reports[-1].fittype = "6DOF"
reports[-1].add_parameters(ValErr(0.0557133, 0.0123107, 0), \
                           ValErr(0.0261853, 0.0950824, 0), \
                           ValErr(-0.133085, 0.09119, 0), \
                           ValErr(-0.00023261, 0.00034959, 0), \
                           ValErr(0.000290445, 0.000327726, 0), \
                           ValErr(2.24439e-05, 0.0002392, 0), \
                           -18843.7, 6462, 6462, -nan)
reports[-1].sigmax = ValErr(0.903021, 0.00794331, 0)
reports[-1].sigmay = ValErr(1.19747, 0.0105334, 0)
reports[-1].sigmadxdz = ValErr(0, 0, 0)
reports[-1].sigmadydz = ValErr(0, 0, 0)
reports[-1].add_stats(0.0585966, -0.118045, 0.000115633, -0.000115594, 0.0603088, -0.105965, 6.89054e-05, -0.000636792, 0.0603088, -0.105965, 6.89054e-05, -0.000636792, 0.0578874, -0.110648, 9.41582e-05, -0.000600722, 0.0578874, -0.110648, 9.41582e-05, -0.000600722, 0.903157, 1.19778, 0.00379184, 0.0256648, 0.903157, 1.19778, 0.00379184, 0.0256648)
reports[-1].CovMatrix = ['0.000151553','-0.00042853','0.000414456','-7.48696e-07','9.89368e-09','-3.62996e-07','-1.31173e-08','9.60828e-08','0','0','0','0','-0.00042853','0.00904066','-0.00855964','1.55154e-05','2.17507e-06','1.23137e-06','7.86087e-07','-6.74475e-07','0','0','0','0','0.000414456','-0.00855964','0.00831562','-1.42632e-05','-2.38954e-06','-1.2396e-06','-7.38789e-07','7.62841e-07','0','0','0','0','-7.48696e-07','1.55154e-05','-1.42632e-05','1.22213e-07','-3.82129e-09','-2.84258e-09','1.75521e-09','7.43379e-10','0','0','0','0','9.89368e-09','2.17507e-06','-2.38954e-06','-3.82129e-09','1.07404e-07','5.44165e-08','-3.72419e-09','1.15504e-08','0','0','0','0','-3.62996e-07','1.23137e-06','-1.2396e-06','-2.84258e-09','5.44165e-08','5.72166e-08','1.82862e-09','2.20943e-09','0','0','0','0','-1.31173e-08','7.86087e-07','-7.38789e-07','1.75521e-09','-3.72419e-09','1.82862e-09','6.30963e-05','-9.48512e-10','0','0','0','0','9.60828e-08','-6.74475e-07','7.62841e-07','7.43379e-10','1.15504e-08','2.20943e-09','-9.48512e-10','0.000110954','0','0','0','0','0','0','0','0','0','0','0','0','0','0','0','0','0','0','0','0','0','0','0','0','0','0','0','0','0','0','0','0','0','0','0','0','0','0','0','0','0','0','0','0','0','0','0','0','0','0','0','0']

reports.append(Report(579633152, ("DT", -2, 2, 3), "MBwhAst2sec03"))
reports[-1].posNum = 5689
reports[-1].negNum = 0
reports[-1].fittype = "6DOF"
reports[-1].add_parameters(ValErr(-0.0625895, 0.0129721, 0), \
                           ValErr(-0.12, 0.101633, 0), \
                           ValErr(0.0217913, 0.097458, 0), \
                           ValErr(0.000124183, 0.000375943, 0), \
                           ValErr(0.000157268, 0.000361478, 0), \
                           ValErr(-8.42019e-05, 0.000253623, 0), \
                           -16706.4, 5689, 5689, -nan)
reports[-1].sigmax = ValErr(0.900844, 0.00844545, 0)
reports[-1].sigmay = ValErr(1.22528, 0.0114872, 0)
reports[-1].sigmadxdz = ValErr(0, 0, 0)
reports[-1].sigmadydz = ValErr(0, 0, 0)
reports[-1].add_stats(-0.0651264, -0.120098, 0.00027624, 0.000312397, -0.0658676, -0.0997159, 0.000251791, -0.0006556, -0.0658676, -0.0997159, 0.000251791, -0.0006556, -0.0607289, -0.10084, 0.000256063, -0.000820147, -0.0607289, -0.10084, 0.000256063, -0.000820147, 0.900872, 1.22537, 0.00373977, 0.0255598, 0.900872, 1.22537, 0.00373977, 0.0255598)
reports[-1].CovMatrix = ['0.000168276','-0.00040464','0.000393434','-6.90289e-07','-2.0361e-07','-6.5646e-07','1.52224e-07','-1.35333e-07','0','0','0','0','-0.00040464','0.0103294','-0.00976938','1.77504e-05','2.52353e-06','9.80512e-07','-6.01904e-07','1.33833e-06','0','0','0','0','0.000393434','-0.00976938','0.00949806','-1.5901e-05','-2.46972e-06','-1.00891e-06','4.29634e-07','-8.91832e-07','0','0','0','0','-6.90289e-07','1.77504e-05','-1.5901e-05','1.41334e-07','-4.93954e-10','-2.29554e-09','-1.38603e-08','2.31505e-08','0','0','0','0','-2.0361e-07','2.52353e-06','-2.46972e-06','-4.93954e-10','1.30666e-07','6.20876e-08','-6.72217e-09','1.70457e-08','0','0','0','0','-6.5646e-07','9.80512e-07','-1.00891e-06','-2.29554e-09','6.20876e-08','6.43245e-08','-5.50083e-09','1.25561e-08','0','0','0','0','1.52224e-07','-6.01904e-07','4.29634e-07','-1.38603e-08','-6.72217e-09','-5.50083e-09','7.13258e-05','-3.84279e-09','0','0','0','0','-1.35333e-07','1.33833e-06','-8.91832e-07','2.31505e-08','1.70457e-08','1.25561e-08','-3.84279e-09','0.000131956','0','0','0','0','0','0','0','0','0','0','0','0','0','0','0','0','0','0','0','0','0','0','0','0','0','0','0','0','0','0','0','0','0','0','0','0','0','0','0','0','0','0','0','0','0','0','0','0','0','0','0','0']

reports.append(Report(579895296, ("DT", -2, 2, 4), "MBwhAst2sec04"))
reports[-1].posNum = 6867
reports[-1].negNum = 0
reports[-1].fittype = "6DOF"
reports[-1].add_parameters(ValErr(-0.00511079, 0.0113746, 0), \
                           ValErr(-0.0869548, 0.0909771, 0), \
                           ValErr(0.0879293, 0.0871219, 0), \
                           ValErr(-0.000303944, 0.00034144, 0), \
                           ValErr(-8.75847e-05, 0.000321525, 0), \
                           ValErr(-0.000118399, 0.000227919, 0), \
                           -20061.8, 6867, 6867, -nan)
reports[-1].sigmax = ValErr(0.887185, 0.00757039, 0)
reports[-1].sigmay = ValErr(1.22546, 0.0104569, 0)
reports[-1].sigmadxdz = ValErr(0, 0, 0)
reports[-1].sigmadydz = ValErr(0, 0, 0)
reports[-1].add_stats(-0.014842, 0.00200126, 0.000156902, -0.000858502, -0.00927527, 0.00456978, 0.000193929, -0.00151844, -0.00927527, 0.00456978, 0.000193929, -0.00151844, -0.0113928, 0.00970563, 0.000179555, -0.00179856, -0.0113928, 0.00970563, 0.000179555, -0.00179856, 0.887282, 1.22546, 0.00369562, 0.0254772, 0.887282, 1.22546, 0.00369562, 0.0254772)
