nan = None;  NAN = None
nan = 0
reports = []
class ValErr:
    def __init__(self, value, error, antisym):
        self.value, self.error, self.antisym = value, error, antisym

    def __repr__(self):
        if self.antisym == 0.:
            return "%g +- %g" % (self.value, self.error)
        else:
            return "%g +- %g ~ %g" % (self.value, self.error, self.antisym)

class Report:
    def __init__(self, chamberId, postal_address, name):
        self.chamberId, self.postal_address, self.name = chamberId, postal_address, name
        self.status = "NOFIT"
        self.fittype = None
        self.CovMatrix = None

    def add_parameters(self, deltax, deltay, deltaz, deltaphix, deltaphiy, deltaphiz, loglikelihood, numsegments, sumofweights, redchi2):
        self.status = "PASS"
        self.deltax, self.deltay, self.deltaz, self.deltaphix, self.deltaphiy, self.deltaphiz = deltax, deltay, deltaz, deltaphix, deltaphiy, deltaphiz
        self.loglikelihood, self.numsegments, self.sumofweights, self.redchi2 = loglikelihood, numsegments, sumofweights, redchi2

    def add_stats(self, median_x, median_y, median_dxdz, median_dydz, mean30_x, mean30_y, mean20_dxdz, mean50_dydz, mean15_x, mean15_y, mean10_dxdz, mean25_dydz, wmean30_x, wmean30_y, wmean20_dxdz, wmean50_dydz, wmean15_x, wmean15_y, wmean10_dxdz, wmean25_dydz, stdev30_x, stdev30_y, stdev20_dxdz, stdev50_dydz, stdev15_x, stdev15_y, stdev10_dxdz, stdev25_dydz):
        self.median_x, self.median_y, self.median_dxdz, self.median_dydz, self.mean30_x, self.mean30_y, self.mean20_dxdz, self.mean50_dydz, self.mean15_x, self.mean15_y, self.mean10_dxdz, self.mean25_dydz, self.wmean30_x, self.wmean30_y, self.wmean20_dxdz, self.wmean50_dydz, self.wmean15_x, self.wmean15_y, self.wmean10_dxdz, self.wmean25_dydz, self.stdev30_x, self.stdev30_y, self.stdev20_dxdz, self.stdev50_dydz, self.stdev15_x, self.stdev15_y, self.stdev10_dxdz, self.stdev25_dydz = median_x, median_y, median_dxdz, median_dydz, mean30_x, mean30_y, mean20_dxdz, mean50_dydz, mean15_x, mean15_y, mean10_dxdz, mean25_dydz, wmean30_x, wmean30_y, wmean20_dxdz, wmean50_dydz, wmean15_x, wmean15_y, wmean10_dxdz, wmean25_dydz, stdev30_x, stdev30_y, stdev20_dxdz, stdev50_dydz, stdev15_x, stdev15_y, stdev10_dxdz, stdev25_dydz

    def __repr__(self):
        return "<Report %s %s %s>" % (self.postal_address[0], " ".join(map(str, self.postal_address[1:])), self.status)

reports.append(Report(574914560, ("DT", -2, 1, 1), "MBwhAst1sec01"))
reports[-1].posNum = 5782
reports[-1].negNum = 0
reports[-1].fittype = "6DOF"
reports[-1].add_parameters(ValErr(-0.0681025, 0.0114848, 0), \
                           ValErr(0.157222, 0.0937982, 0), \
                           ValErr(0.0068223, 0.0760233, 0), \
                           ValErr(-0.000251212, 0.00026443, 0), \
                           ValErr(0.000609912, 0.000281443, 0), \
                           ValErr(0.000186945, 0.000187106, 0), \
                           -14118.5, 5782, 5782, -nan)
reports[-1].sigmax = ValErr(0.669898, 0.00622953, 0)
reports[-1].sigmay = ValErr(1.00457, 0.00934172, 0)
reports[-1].sigmadxdz = ValErr(0, 0, 0)
reports[-1].sigmadydz = ValErr(0, 0, 0)
reports[-1].add_stats(-0.0709481, 0.202077, 9.23045e-05, -0.00200186, -0.0663572, 0.17069, 2.50254e-05, -0.00116146, -0.0663572, 0.17069, 2.50254e-05, -0.00116146, -0.0581894, 0.165129, -8.43648e-06, -0.00103139, -0.0581894, 0.165129, -8.43648e-06, -0.00103139, 0.670001, 1.00492, 0.0034543, 0.031629, 0.670001, 1.00492, 0.0034543, 0.031629)
reports[-1].CovMatrix = ['0.0001319','0.000618974','-0.00050725','8.87054e-07','-3.03173e-07','-5.13914e-07','9.16541e-08','-3.37596e-08','0','0','0','0','0.000618974','0.0087981','-0.00705249','1.29821e-05','-1.95247e-06','4.217e-07','7.50439e-07','-1.0849e-07','0','0','0','0','-0.00050725','-0.00705249','0.00577954','-9.84643e-06','1.53074e-06','-2.87961e-07','-6.06569e-07','1.8763e-07','0','0','0','0','8.87054e-07','1.29821e-05','-9.84643e-06','6.99232e-08','-1.84378e-09','4.53689e-09','1.40939e-09','1.60666e-09','0','0','0','0','-3.03173e-07','-1.95247e-06','1.53074e-06','-1.84378e-09','7.92099e-08','2.82368e-08','-2.44685e-09','7.08162e-09','0','0','0','0','-5.13914e-07','4.217e-07','-2.87961e-07','4.53689e-09','2.82368e-08','3.50087e-08','-3.28079e-10','2.80666e-09','0','0','0','0','9.16541e-08','7.50439e-07','-6.06569e-07','1.40939e-09','-2.44685e-09','-3.28079e-10','3.88071e-05','-2.06965e-10','0','0','0','0','-3.37596e-08','-1.0849e-07','1.8763e-07','1.60666e-09','7.08162e-09','2.80666e-09','-2.06965e-10','8.72679e-05','0','0','0','0','0','0','0','0','0','0','0','0','0','0','0','0','0','0','0','0','0','0','0','0','0','0','0','0','0','0','0','0','0','0','0','0','0','0','0','0','0','0','0','0','0','0','0','0','0','0','0','0']

reports.append(Report(575176704, ("DT", -2, 1, 2), "MBwhAst1sec02"))
reports[-1].posNum = 3894
reports[-1].negNum = 0
reports[-1].fittype = "6DOF"
reports[-1].add_parameters(ValErr(0.00976953, 0.0138423, 0), \
                           ValErr(-0.160871, 0.114212, 0), \
                           ValErr(0.0687532, 0.0925055, 0), \
                           ValErr(-2.56642e-05, 0.000308891, 0), \
                           ValErr(0.000539816, 0.000344978, 0), \
                           ValErr(8.28098e-05, 0.000218216, 0), \
                           -9476.42, 3894, 3894, -nan)
reports[-1].sigmax = ValErr(0.666331, 0.00754875, 0)
reports[-1].sigmay = ValErr(1.00169, 0.011349, 0)
reports[-1].sigmadxdz = ValErr(0, 0, 0)
reports[-1].sigmadydz = ValErr(0, 0, 0)
reports[-1].add_stats(0.0311003, -0.0891706, 0.000924827, -0.00238493, 0.0148496, -0.076811, 0.000897265, -0.00148408, 0.0148496, -0.076811, 0.000897265, -0.00148408, 0.0192051, -0.0619373, 0.000887488, -0.00220983, 0.0192051, -0.0619373, 0.000887488, -0.00220983, 0.666391, 1.00201, 0.00340642, 0.0332972, 0.666391, 1.00201, 0.00340642, 0.0332972)
reports[-1].CovMatrix = ['0.000191608','0.000866774','-0.000711036','1.21237e-06','-5.75039e-07','-8.85147e-07','-1.67597e-08','3.53911e-07','0','0','0','0','0.000866774','0.0130443','-0.0104465','1.89247e-05','-3.68483e-06','1.46821e-07','-2.12175e-07','5.53268e-06','0','0','0','0','-0.000711036','-0.0104465','0.00855727','-1.4246e-05','2.73131e-06','-3.45761e-08','2.44377e-07','-4.28907e-06','0','0','0','0','1.21237e-06','1.89247e-05','-1.4246e-05','9.54138e-08','-3.4066e-09','4.91118e-09','-2.96827e-09','1.35815e-08','0','0','0','0','-5.75039e-07','-3.68483e-06','2.73131e-06','-3.4066e-09','1.1901e-07','3.93375e-08','-7.28861e-09','7.23752e-09','0','0','0','0','-8.85147e-07','1.46821e-07','-3.45761e-08','4.91118e-09','3.93375e-08','4.76183e-08','-2.68212e-09','2.93248e-09','0','0','0','0','-1.67597e-08','-2.12175e-07','2.44377e-07','-2.96827e-09','-7.28861e-09','-2.68212e-09','5.69839e-05','4.13641e-09','0','0','0','0','3.53911e-07','5.53268e-06','-4.28907e-06','1.35815e-08','7.23752e-09','2.93248e-09','4.13641e-09','0.0001288','0','0','0','0','0','0','0','0','0','0','0','0','0','0','0','0','0','0','0','0','0','0','0','0','0','0','0','0','0','0','0','0','0','0','0','0','0','0','0','0','0','0','0','0','0','0','0','0','0','0','0','0']

reports.append(Report(575438848, ("DT", -2, 1, 3), "MBwhAst1sec03"))
reports[-1].posNum = 4309
reports[-1].negNum = 0
reports[-1].fittype = "6DOF"
reports[-1].add_parameters(ValErr(-0.0263428, 0.0136635, 0), \
                           ValErr(-0.140953, 0.106618, 0), \
                           ValErr(0.0401651, 0.0865071, 0), \
                           ValErr(0.000132416, 0.000290847, 0), \
                           ValErr(0.000675477, 0.000309375, 0), \
                           ValErr(0.000102385, 0.000210535, 0), \
                           -10413.5, 4309, 4309, -nan)
reports[-1].sigmax = ValErr(0.670068, 0.00721799, 0)
reports[-1].sigmay = ValErr(0.979365, 0.0105498, 0)
reports[-1].sigmadxdz = ValErr(0, 0, 0)
reports[-1].sigmadydz = ValErr(0, 0, 0)
reports[-1].add_stats(-0.0245609, -0.10234, 3.96402e-05, -0.00175746, -0.0242895, -0.0968249, 6.83067e-05, -0.00122582, -0.0242895, -0.0968249, 6.83067e-05, -0.00122582, -0.0256009, -0.103575, 9.79574e-05, -0.00145642, -0.0256009, -0.103575, 9.79574e-05, -0.00145642, 0.670202, 0.979902, 0.00350055, 0.032556, 0.670202, 0.979902, 0.00350055, 0.032556)
reports[-1].CovMatrix = ['0.00018669','0.000866817','-0.000710164','1.22283e-06','-4.63246e-07','-7.51105e-07','3.01867e-07','-3.00851e-07','0','0','0','0','0.000866817','0.0113673','-0.00912165','1.65843e-05','-2.46214e-06','1.86022e-07','3.59424e-06','-3.89906e-06','0','0','0','0','-0.000710164','-0.00912165','0.00748347','-1.2548e-05','2.13995e-06','-6.70493e-08','-2.96723e-06','3.38147e-06','0','0','0','0','1.22283e-06','1.65843e-05','-1.2548e-05','8.45917e-08','-5.11409e-10','5.46219e-09','4.43014e-09','-1.67501e-09','0','0','0','0','-4.63246e-07','-2.46214e-06','2.13995e-06','-5.11409e-10','9.57128e-08','3.58531e-08','-1.01383e-08','1.91757e-08','0','0','0','0','-7.51105e-07','1.86022e-07','-6.70493e-08','5.46219e-09','3.58531e-08','4.4325e-08','-6.80019e-10','3.94284e-09','0','0','0','0','3.01867e-07','3.59424e-06','-2.96723e-06','4.43014e-09','-1.01383e-08','-6.80019e-10','5.20996e-05','-3.42019e-09','0','0','0','0','-3.00851e-07','-3.89906e-06','3.38147e-06','-1.67501e-09','1.91757e-08','3.94284e-09','-3.42019e-09','0.000111298','0','0','0','0','0','0','0','0','0','0','0','0','0','0','0','0','0','0','0','0','0','0','0','0','0','0','0','0','0','0','0','0','0','0','0','0','0','0','0','0','0','0','0','0','0','0','0','0','0','0','0','0']

reports.append(Report(575700992, ("DT", -2, 1, 4), "MBwhAst1sec04"))
reports[-1].posNum = 5918
reports[-1].negNum = 0
reports[-1].fittype = "6DOF"
reports[-1].add_parameters(ValErr(-0.117971, 0.0111195, 0), \
                           ValErr(0.107998, 0.0963233, 0), \
                           ValErr(-0.0693631, 0.0779201, 0), \
                           ValErr(5.94259e-05, 0.000256233, 0), \
                           ValErr(-0.000406109, 0.000278272, 0), \
                           ValErr(0.000296327, 0.000179703, 0), \
                           -14470.1, 5918, 5918, -nan)
reports[-1].sigmax = ValErr(0.673359, 0.00618927, 0)
reports[-1].sigmay = ValErr(1.00268, 0.0092163, 0)
reports[-1].sigmadxdz = ValErr(0, 0, 0)
reports[-1].sigmadydz = ValErr(0, 0, 0)
reports[-1].add_stats(-0.115944, 0.0335933, 0.000592746, -0.00257581, -0.117713, 0.0209775, 0.000605386, -0.00223004, -0.117713, 0.0209775, 0.000605386, -0.00223004, -0.111362, 0.0233303, 0.00058211, -0.00242267, -0.111362, 0.0233303, 0.00058211, -0.00242267, 0.673572, 1.00329, 0.00342345, 0.034628, 0.673572, 1.00329, 0.00342345, 0.034628)
reports[-1].CovMatrix = ['0.000123643','0.000618184','-0.000505694','8.97076e-07','-1.50156e-07','-3.07719e-07','1.38585e-07','-9.64374e-08','0','0','0','0','0.000618184','0.00927817','-0.00743317','1.35265e-05','-1.92918e-06','6.28655e-07','1.35473e-06','-1.00419e-06','0','0','0','0','-0.000505694','-0.00743317','0.00607154','-1.05798e-05','1.37099e-06','-4.79955e-07','-1.10234e-06','9.02217e-07','0','0','0','0','8.97076e-07','1.35265e-05','-1.05798e-05','6.56556e-08','-2.03977e-09','4.31505e-09','3.68879e-09','-2.13824e-09','0','0','0','0','-1.50156e-07','-1.92918e-06','1.37099e-06','-2.03977e-09','7.74356e-08','2.59689e-08','4.18739e-09','-2.98723e-09','0','0','0','0','-3.07719e-07','6.28655e-07','-4.79955e-07','4.31505e-09','2.59689e-08','3.22933e-08','1.2483e-09','3.67309e-10','0','0','0','0','1.38585e-07','1.35473e-06','-1.10234e-06','3.68879e-09','4.18739e-09','1.2483e-09','3.83072e-05','-3.98854e-10','0','0','0','0','-9.64374e-08','-1.00419e-06','9.02217e-07','-2.13824e-09','-2.98723e-09','3.67309e-10','-3.98854e-10','8.49405e-05','0','0','0','0','0','0','0','0','0','0','0','0','0','0','0','0','0','0','0','0','0','0','0','0','0','0','0','0','0','0','0','0','0','0','0','0','0','0','0','0','0','0','0','0','0','0','0','0','0','0','0','0']

reports.append(Report(575963136, ("DT", -2, 1, 5), "MBwhAst1sec05"))
reports[-1].posNum = 5157
reports[-1].negNum = 0
reports[-1].fittype = "6DOF"
reports[-1].add_parameters(ValErr(0.0302827, 0.0126188, 0), \
                           ValErr(0.0260426, 0.101613, 0), \
                           ValErr(-0.0455508, 0.0825314, 0), \
                           ValErr(1.17676e-05, 0.000271419, 0), \
                           ValErr(-0.000116397, 0.000296596, 0), \
                           ValErr(-0.000268767, 0.000193489, 0), \
                           -12536, 5157, 5157, -nan)
reports[-1].sigmax = ValErr(0.674769, 0.00664429, 0)
reports[-1].sigmay = ValErr(0.986468, 0.00971342, 0)
reports[-1].sigmadxdz = ValErr(0, 0, 0)
reports[-1].sigmadydz = ValErr(0, 0, 0)
reports[-1].add_stats(0.0208998, -0.0181131, -0.000169519, -0.000708956, 0.0215404, -0.0284889, -0.000157263, -0.0009644, 0.0215404, -0.0284889, -0.000157263, -0.0009644, 0.019051, -0.0345983, -0.000155065, -0.00101861, 0.019051, -0.0345983, -0.000155065, -0.00101861, 0.674897, 0.986513, 0.00345464, 0.0335921, 0.674897, 0.986513, 0.00345464, 0.0335921)
reports[-1].CovMatrix = ['0.000159235','0.00078818','-0.000645982','1.12801e-06','-3.67758e-07','-5.73311e-07','1.54923e-07','-9.93838e-08','0','0','0','0','0.00078818','0.0103253','-0.00830292','1.50852e-05','-2.83206e-06','-2.45909e-07','1.20207e-06','-5.94947e-07','0','0','0','0','-0.000645982','-0.00830292','0.00681143','-1.16264e-05','2.43876e-06','2.654e-07','-9.61517e-07','5.75339e-07','0','0','0','0','1.12801e-06','1.50852e-05','-1.16264e-05','7.36684e-08','-4.59648e-11','4.03093e-09','2.89897e-09','-1.73928e-10','0','0','0','0','-3.67758e-07','-2.83206e-06','2.43876e-06','-4.59648e-11','8.79691e-08','3.03729e-08','8.71859e-09','-8.9099e-09','0','0','0','0','-5.73311e-07','-2.45909e-07','2.654e-07','4.03093e-09','3.03729e-08','3.74378e-08','1.58105e-09','1.06692e-10','0','0','0','0','1.54923e-07','1.20207e-06','-9.61517e-07','2.89897e-09','8.71859e-09','1.58105e-09','4.41467e-05','-1.1987e-09','0','0','0','0','-9.93838e-08','-5.94947e-07','5.75339e-07','-1.73928e-10','-8.9099e-09','1.06692e-10','-1.1987e-09','9.43508e-05','0','0','0','0','0','0','0','0','0','0','0','0','0','0','0','0','0','0','0','0','0','0','0','0','0','0','0','0','0','0','0','0','0','0','0','0','0','0','0','0','0','0','0','0','0','0','0','0','0','0','0','0']

reports.append(Report(576225280, ("DT", -2, 1, 6), "MBwhAst1sec06"))
reports[-1].posNum = 4458
reports[-1].negNum = 0
reports[-1].fittype = "6DOF"
reports[-1].add_parameters(ValErr(0.00892455, 0.0138727, 0), \
                           ValErr(0.0220698, 0.104041, 0), \
                           ValErr(0.0153461, 0.0843319, 0), \
                           ValErr(0.000216919, 0.000291798, 0), \
                           ValErr(0.000430568, 0.000315527, 0), \
                           ValErr(6.44229e-05, 0.000204965, 0), \
                           -10840.6, 4458, 4458, -nan)
reports[-1].sigmax = ValErr(0.659095, 0.00698045, 0)
reports[-1].sigmay = ValErr(1.0108, 0.0107052, 0)
reports[-1].sigmadxdz = ValErr(0, 0, 0)
reports[-1].sigmadydz = ValErr(0, 0, 0)
reports[-1].add_stats(0.00110626, 0.0500887, -1.82789e-05, -0.00411892, 0.00910902, 0.0334212, -7.56138e-05, -0.00335134, 0.00910902, 0.0334212, -7.56138e-05, -0.00335134, 0.00989577, 0.0241843, -5.15115e-05, -0.00381978, 0.00989577, 0.0241843, -5.15115e-05, -0.00381978, 0.659009, 1.01125, 0.00338282, 0.0325366, 0.659009, 1.01125, 0.00338282, 0.0325366)
reports[-1].CovMatrix = ['0.000192452','0.000910645','-0.000744818','1.25169e-06','-5.55547e-07','-8.24624e-07','3.41902e-07','-3.7739e-07','0','0','0','0','0.000910645','0.0108245','-0.00866622','1.56088e-05','-3.30012e-06','-3.96991e-07','1.99714e-06','-1.72858e-06','0','0','0','0','-0.000744818','-0.00866622','0.00711187','-1.15954e-05','3.10784e-06','4.32863e-07','-1.50979e-06','1.39806e-06','0','0','0','0','1.25169e-06','1.56088e-05','-1.15954e-05','8.51463e-08','2.32119e-10','5.45222e-09','5.44917e-09','-3.30077e-09','0','0','0','0','-5.55547e-07','-3.30012e-06','3.10784e-06','2.32119e-10','9.9557e-08','3.38838e-08','1.52992e-08','-1.88475e-08','0','0','0','0','-8.24624e-07','-3.96991e-07','4.32863e-07','5.45222e-09','3.38838e-08','4.20105e-08','-1.63001e-09','5.25671e-09','0','0','0','0','3.41902e-07','1.99714e-06','-1.50979e-06','5.44917e-09','1.52992e-08','-1.63001e-09','4.87269e-05','-6.27034e-09','0','0','0','0','-3.7739e-07','-1.72858e-06','1.39806e-06','-3.30077e-09','-1.88475e-08','5.25671e-09','-6.27034e-09','0.000114602','0','0','0','0','0','0','0','0','0','0','0','0','0','0','0','0','0','0','0','0','0','0','0','0','0','0','0','0','0','0','0','0','0','0','0','0','0','0','0','0','0','0','0','0','0','0','0','0','0','0','0','0']

reports.append(Report(576487424, ("DT", -2, 1, 7), "MBwhAst1sec07"))
reports[-1].posNum = 6006
reports[-1].negNum = 0
reports[-1].fittype = "6DOF"
reports[-1].add_parameters(ValErr(-0.0462959, 0.0114977, 0), \
                           ValErr(-0.00874511, 0.0953461, 0), \
                           ValErr(0.191455, 0.0773132, 0), \
                           ValErr(4.54702e-05, 0.000262766, 0), \
                           ValErr(0.000192073, 0.00028225, 0), \
                           ValErr(-0.00013564, 0.000189531, 0), \
                           -14713.8, 6006, 6006, -nan)
reports[-1].sigmax = ValErr(0.680634, 0.00621028, 0)
reports[-1].sigmay = ValErr(0.996708, 0.00909416, 0)
reports[-1].sigmadxdz = ValErr(0, 0, 0)
reports[-1].sigmadydz = ValErr(0, 0, 0)
reports[-1].add_stats(-0.0433321, 0.214059, 0.000239874, -0.00187237, -0.0328814, 0.219482, 0.000228499, -0.00195345, -0.0328814, 0.219482, 0.000228499, -0.00195345, -0.0395265, 0.220444, 0.000240095, -0.00201823, -0.0395265, 0.220444, 0.000240095, -0.00201823, 0.680896, 0.997218, 0.00346685, 0.0327714, 0.680896, 0.997218, 0.00346685, 0.0327714)
reports[-1].CovMatrix = ['0.000132196','0.00064809','-0.000530834','9.26389e-07','-2.97626e-07','-4.84734e-07','5.06601e-08','3.02015e-08','0','0','0','0','0.00064809','0.00909089','-0.00729868','1.32895e-05','-2.18591e-06','9.84012e-08','4.086e-08','9.34546e-07','0','0','0','0','-0.000530834','-0.00729868','0.00597733','-1.0207e-05','1.74462e-06','-2.79489e-08','3.98151e-08','-7.71103e-07','0','0','0','0','9.26389e-07','1.32895e-05','-1.0207e-05','6.90457e-08','-9.04473e-10','4.08752e-09','5.85428e-09','-4.99881e-09','0','0','0','0','-2.97626e-07','-2.18591e-06','1.74462e-06','-9.04473e-10','7.96653e-08','2.93666e-08','3.86513e-09','-2.22578e-09','0','0','0','0','-4.84734e-07','9.84012e-08','-2.79489e-08','4.08752e-09','2.93666e-08','3.59222e-08','8.39995e-10','1.08528e-09','0','0','0','0','5.06601e-08','4.086e-08','3.98151e-08','5.85428e-09','3.86513e-09','8.39995e-10','3.85676e-05','-8.95515e-10','0','0','0','0','3.02015e-08','9.34546e-07','-7.71103e-07','-4.99881e-09','-2.22578e-09','1.08528e-09','-8.95515e-10','8.27039e-05','0','0','0','0','0','0','0','0','0','0','0','0','0','0','0','0','0','0','0','0','0','0','0','0','0','0','0','0','0','0','0','0','0','0','0','0','0','0','0','0','0','0','0','0','0','0','0','0','0','0','0','0']

reports.append(Report(576749568, ("DT", -2, 1, 8), "MBwhAst1sec08"))
reports[-1].posNum = 5366
reports[-1].negNum = 0
reports[-1].fittype = "6DOF"
reports[-1].add_parameters(ValErr(0.0497955, 0.0119165, 0), \
                           ValErr(0.292026, 0.10061, 0), \
                           ValErr(-0.201878, 0.0815102, 0), \
                           ValErr(0.000151483, 0.000271414, 0), \
                           ValErr(0.000456523, 0.000294262, 0), \
                           ValErr(7.63159e-05, 0.000191722, 0), \
                           -13106.9, 5366, 5366, -nan)
reports[-1].sigmax = ValErr(0.672802, 0.00650288, 0)
reports[-1].sigmay = ValErr(1.00102, 0.00969032, 0)
reports[-1].sigmadxdz = ValErr(0, 0, 0)
reports[-1].sigmadydz = ValErr(0, 0, 0)
reports[-1].add_stats(0.0373006, 0.0577651, 0.000899664, -0.00138967, 0.0319073, 0.0500255, 0.00087122, -0.000585544, 0.0319073, 0.0500255, 0.00087122, -0.000585544, 0.0353053, 0.0541596, 0.000857122, -0.000631154, 0.0353053, 0.0541596, 0.000857122, -0.000631154, 0.673228, 1.00135, 0.00341303, 0.0337361, 0.673228, 1.00135, 0.00341303, 0.0337361)
reports[-1].CovMatrix = ['0.000142003','0.00069681','-0.000571077','9.83917e-07','-3.13293e-07','-5.30546e-07','-6.0369e-07','-5.15157e-07','0','0','0','0','0.00069681','0.0101224','-0.00811648','1.46386e-05','-2.63504e-06','-1.74029e-07','-4.90143e-06','-5.60875e-06','0','0','0','0','-0.000571077','-0.00811648','0.00664392','-1.12803e-05','2.05845e-06','2.04782e-07','3.87192e-06','6.81577e-06','0','0','0','0','9.83917e-07','1.46386e-05','-1.12803e-05','7.36655e-08','8.0391e-10','3.92734e-09','6.87163e-09','-1.79952e-08','0','0','0','0','-3.13293e-07','-2.63504e-06','2.05845e-06','8.0391e-10','8.65904e-08','2.98839e-08','-4.87548e-09','-9.19399e-09','0','0','0','0','-5.30546e-07','-1.74029e-07','2.04782e-07','3.92734e-09','2.98839e-08','3.67573e-08','1.35974e-10','-1.16852e-09','0','0','0','0','-6.0369e-07','-4.90143e-06','3.87192e-06','6.87163e-09','-4.87548e-09','1.35974e-10','4.22875e-05','-4.37787e-07','0','0','0','0','-5.15157e-07','-5.60875e-06','6.81577e-06','-1.79952e-08','-9.19399e-09','-1.16852e-09','-4.37787e-07','9.39026e-05','0','0','0','0','0','0','0','0','0','0','0','0','0','0','0','0','0','0','0','0','0','0','0','0','0','0','0','0','0','0','0','0','0','0','0','0','0','0','0','0','0','0','0','0','0','0','0','0','0','0','0','0']

reports.append(Report(577011712, ("DT", -2, 1, 9), "MBwhAst1sec09"))
reports[-1].posNum = 3636
reports[-1].negNum = 0
reports[-1].fittype = "6DOF"
reports[-1].add_parameters(ValErr(-0.0313131, 0.0139649, 0), \
                           ValErr(0.0617636, 0.119953, 0), \
                           ValErr(-0.0975239, 0.0972809, 0), \
                           ValErr(0.000399296, 0.00031898, 0), \
                           ValErr(0.000350898, 0.000344172, 0), \
                           ValErr(0.000182518, 0.00022509, 0), \
                           -8873.39, 3636, 3636, -nan)
reports[-1].sigmax = ValErr(0.674617, 0.007911, 0)
reports[-1].sigmay = ValErr(0.996167, 0.0116817, 0)
reports[-1].sigmadxdz = ValErr(0, 0, 0)
reports[-1].sigmadydz = ValErr(0, 0, 0)
reports[-1].add_stats(-0.0437336, -0.0421231, 8.30714e-05, -0.0036745, -0.0382118, -0.0592875, 5.76646e-05, -0.0021864, -0.0382118, -0.0592875, 5.76646e-05, -0.0021864, -0.0277196, -0.0599004, 1.73514e-05, -0.0022612, -0.0277196, -0.0599004, 1.73514e-05, -0.0022612, 0.674801, 0.996297, 0.00349212, 0.0338234, 0.674801, 0.996297, 0.00349212, 0.0338234)
reports[-1].CovMatrix = ['0.000195017','0.000911585','-0.000748343','1.32615e-06','-2.68355e-07','-5.6711e-07','7.09565e-08','5.9978e-08','0','0','0','0','0.000911585','0.0143888','-0.0115499','2.11511e-05','-2.33534e-06','1.55992e-06','4.39905e-07','9.82538e-07','0','0','0','0','-0.000748343','-0.0115499','0.00946357','-1.64218e-05','1.47613e-06','-1.2248e-06','-3.30929e-07','-7.00683e-07','0','0','0','0','1.32615e-06','2.11511e-05','-1.64218e-05','1.01748e-07','-5.13143e-09','6.98541e-09','6.61844e-10','4.36351e-09','0','0','0','0','-2.68355e-07','-2.33534e-06','1.47613e-06','-5.13143e-09','1.18454e-07','4.06574e-08','-6.39025e-09','1.44196e-08','0','0','0','0','-5.6711e-07','1.55992e-06','-1.2248e-06','6.98541e-09','4.06574e-08','5.06654e-08','-3.57483e-10','4.09051e-09','0','0','0','0','7.09565e-08','4.39905e-07','-3.30929e-07','6.61844e-10','-6.39025e-09','-3.57483e-10','6.25841e-05','-8.21339e-10','0','0','0','0','5.9978e-08','9.82538e-07','-7.00683e-07','4.36351e-09','1.44196e-08','4.09051e-09','-8.21339e-10','0.000136464','0','0','0','0','0','0','0','0','0','0','0','0','0','0','0','0','0','0','0','0','0','0','0','0','0','0','0','0','0','0','0','0','0','0','0','0','0','0','0','0','0','0','0','0','0','0','0','0','0','0','0','0']

reports.append(Report(577273856, ("DT", -2, 1, 10), "MBwhAst1sec10"))
reports[-1].posNum = 3845
reports[-1].negNum = 0
reports[-1].fittype = "6DOF"
reports[-1].add_parameters(ValErr(0.013803, 0.0134908, 0), \
                           ValErr(0.181267, 0.118394, 0), \
                           ValErr(-0.0482648, 0.0961768, 0), \
                           ValErr(2.64396e-05, 0.000301348, 0), \
                           ValErr(0.00012021, 0.000333066, 0), \
                           ValErr(0.000373981, 0.000208097, 0), \
                           -9307.7, 3845, 3845, -nan)
reports[-1].sigmax = ValErr(0.667982, 0.00761736, 0)
reports[-1].sigmay = ValErr(0.986441, 0.0112489, 0)
reports[-1].sigmadxdz = ValErr(0, 0, 0)
reports[-1].sigmadydz = ValErr(0, 0, 0)
reports[-1].add_stats(0.0128533, 0.125381, 0.000185346, -0.00131893, 0.0125875, 0.121981, 0.000185423, 0.000264178, 0.0125875, 0.121981, 0.000185423, 0.000264178, 0.0163511, 0.120854, 0.000155637, 0.000783792, 0.0163511, 0.120854, 0.000155637, 0.000783792, 0.668317, 0.986447, 0.00338448, 0.0333086, 0.668317, 0.986447, 0.00338448, 0.0333086)
reports[-1].CovMatrix = ['0.000182001','0.00093046','-0.000764121','1.38258e-06','9.7675e-08','-8.94041e-08','6.87785e-08','8.30093e-08','0','0','0','0','0.00093046','0.0140172','-0.0112822','2.04732e-05','-1.66184e-06','1.97534e-06','-2.85236e-07','1.97311e-06','0','0','0','0','-0.000764121','-0.0112822','0.00924997','-1.65375e-05','1.03318e-06','-1.61262e-06','2.47402e-07','-1.52657e-06','0','0','0','0','1.38258e-06','2.04732e-05','-1.65375e-05','9.08107e-08','-4.35814e-09','7.49454e-09','5.90953e-09','-4.19083e-09','0','0','0','0','9.7675e-08','-1.66184e-06','1.03318e-06','-4.35814e-09','1.10933e-07','3.47271e-08','1.53395e-09','2.49223e-09','0','0','0','0','-8.94041e-08','1.97534e-06','-1.61262e-06','7.49454e-09','3.47271e-08','4.33042e-08','-1.4998e-09','5.55314e-09','0','0','0','0','6.87785e-08','-2.85236e-07','2.47402e-07','5.90953e-09','1.53395e-09','-1.4998e-09','5.80244e-05','-1.12023e-09','0','0','0','0','8.30093e-08','1.97311e-06','-1.52657e-06','-4.19083e-09','2.49223e-09','5.55314e-09','-1.12023e-09','0.000126539','0','0','0','0','0','0','0','0','0','0','0','0','0','0','0','0','0','0','0','0','0','0','0','0','0','0','0','0','0','0','0','0','0','0','0','0','0','0','0','0','0','0','0','0','0','0','0','0','0','0','0','0']

reports.append(Report(577536000, ("DT", -2, 1, 11), "MBwhAst1sec11"))
reports[-1].posNum = 4103
reports[-1].negNum = 0
reports[-1].fittype = "6DOF"
reports[-1].add_parameters(ValErr(0.0587814, 0.0101362, 0), \
                           ValErr(-0.0106152, 0.0248439, 0), \
                           ValErr(0.0211009, 0.017982, 0), \
                           ValErr(-0.000256688, 0.000250422, 0), \
                           ValErr(-0.000713644, 0.000337739, 0), \
                           ValErr(-0.000554201, 0.000206129, 0), \
                           -10006.3, 4103, 4103, -nan)
reports[-1].sigmax = ValErr(0.663979, 0.00730159, 0)
reports[-1].sigmay = ValErr(1.01047, 0.0111482, 0)
reports[-1].sigmadxdz = ValErr(0, 0, 0)
reports[-1].sigmadydz = ValErr(0, 0, 0)
reports[-1].add_stats(0.0542241, 0.0191974, -0.000560781, -0.00285875, 0.058915, 0.0168463, -0.000627602, -0.00266566, 0.058915, 0.0168463, -0.000627602, -0.00266566, 0.0662688, 0.0179485, -0.000639716, -0.00290842, 0.0662688, 0.0179485, -0.000639716, -0.00290842, 0.664595, 1.01056, 0.00338774, 0.0338782, 0.664595, 1.01056, 0.00338774, 0.0338782)
reports[-1].CovMatrix = ['0.000102742','-3.42744e-05','2.50334e-05','-7.69989e-08','1.63198e-08','-3.56863e-07','-3.35708e-06','-6.92425e-08','0','0','0','0','-3.42744e-05','0.000617219','-0.000347574','2.79299e-07','-2.15129e-06','-1.19727e-06','-4.53582e-05','6.90027e-07','0','0','0','0','2.50334e-05','-0.000347574','0.000323353','1.45351e-08','1.88049e-06','9.9687e-07','3.67433e-05','-5.37418e-07','0','0','0','0','-7.69989e-08','2.79299e-07','1.45351e-08','6.27111e-08','-2.44339e-10','3.94172e-09','-5.51776e-08','-1.7234e-08','0','0','0','0','1.63198e-08','-2.15129e-06','1.88049e-06','-2.44339e-10','1.14068e-07','3.4369e-08','1.61836e-08','-1.71152e-08','0','0','0','0','-3.56863e-07','-1.19727e-06','9.9687e-07','3.94172e-09','3.4369e-08','4.24892e-08','-7.26649e-09','-2.03441e-09','0','0','0','0','-3.35708e-06','-4.53582e-05','3.67433e-05','-5.51776e-08','1.61836e-08','-7.26649e-09','5.33134e-05','1.13293e-07','0','0','0','0','-6.92425e-08','6.90027e-07','-5.37418e-07','-1.7234e-08','-1.71152e-08','-2.03441e-09','1.13293e-07','0.000124282','0','0','0','0','0','0','0','0','0','0','0','0','0','0','0','0','0','0','0','0','0','0','0','0','0','0','0','0','0','0','0','0','0','0','0','0','0','0','0','0','0','0','0','0','0','0','0','0','0','0','0','0']

reports.append(Report(577798144, ("DT", -2, 1, 12), "MBwhAst1sec12"))
reports[-1].posNum = 5218
reports[-1].negNum = 0
reports[-1].fittype = "6DOF"
reports[-1].add_parameters(ValErr(-0.0414199, 0.0121176, 0), \
                           ValErr(0.0472697, 0.102967, 0), \
                           ValErr(0.0714684, 0.0835264, 0), \
                           ValErr(-0.000344804, 0.000275556, 0), \
                           ValErr(0.000627213, 0.000302156, 0), \
                           ValErr(0.000310346, 0.000192325, 0), \
                           -12833.5, 5218, 5218, -nan)
reports[-1].sigmax = ValErr(0.675213, 0.00660962, 0)
reports[-1].sigmay = ValErr(1.01441, 0.00993004, 0)
reports[-1].sigmadxdz = ValErr(0, 0, 0)
reports[-1].sigmadydz = ValErr(0, 0, 0)
reports[-1].add_stats(-0.0287962, 0.13801, 0.000883092, -0.0032161, -0.0317782, 0.139442, 0.000882642, -0.0010299, -0.0317782, 0.139442, 0.000882642, -0.0010299, -0.0244815, 0.138494, 0.000862571, -0.000807065, -0.0244815, 0.138494, 0.000862571, -0.000807065, 0.675489, 1.01462, 0.00343772, 0.0323408, 0.675489, 1.01462, 0.00343772, 0.0323408)
reports[-1].CovMatrix = ['0.000146837','0.000717624','-0.000588552','1.03082e-06','-2.96192e-07','-5.15899e-07','1.94805e-07','-1.7065e-07','0','0','0','0','0.000717624','0.0106021','-0.0085131','1.55226e-05','-2.16791e-06','6.50539e-07','2.36083e-06','-2.32453e-06','0','0','0','0','-0.000588552','-0.0085131','0.00697666','-1.19416e-05','1.59811e-06','-4.79992e-07','-1.92928e-06','2.01495e-06','0','0','0','0','1.03082e-06','1.55226e-05','-1.19416e-05','7.59309e-08','-2.49878e-09','4.73961e-09','3.12705e-09','-5.82712e-10','0','0','0','0','-2.96192e-07','-2.16791e-06','1.59811e-06','-2.49878e-09','9.12982e-08','2.99241e-08','-3.24697e-09','8.60951e-09','0','0','0','0','-5.15899e-07','6.50539e-07','-4.79992e-07','4.73961e-09','2.99241e-08','3.69888e-08','2.62762e-10','2.08282e-09','0','0','0','0','1.94805e-07','2.36083e-06','-1.92928e-06','3.12705e-09','-3.24697e-09','2.62762e-10','4.36872e-05','-8.43733e-10','0','0','0','0','-1.7065e-07','-2.32453e-06','2.01495e-06','-5.82712e-10','8.60951e-09','2.08282e-09','-8.43733e-10','9.86061e-05','0','0','0','0','0','0','0','0','0','0','0','0','0','0','0','0','0','0','0','0','0','0','0','0','0','0','0','0','0','0','0','0','0','0','0','0','0','0','0','0','0','0','0','0','0','0','0','0','0','0','0','0']

reports.append(Report(579108864, ("DT", -2, 2, 1), "MBwhAst2sec01"))
reports[-1].posNum = 6843
reports[-1].negNum = 0
reports[-1].fittype = "6DOF"
reports[-1].add_parameters(ValErr(-0.0761375, 0.0114624, 0), \
                           ValErr(-0.0474526, 0.0906332, 0), \
                           ValErr(0.122226, 0.0869461, 0), \
                           ValErr(-8.43997e-05, 0.000330325, 0), \
                           ValErr(0.000131787, 0.000314495, 0), \
                           ValErr(-0.000188668, 0.000220033, 0), \
                           -19840.2, 6843, 6843, -nan)
reports[-1].sigmax = ValErr(0.879607, 0.00751896, 0)
reports[-1].sigmay = ValErr(1.20895, 0.0103342, 0)
reports[-1].sigmadxdz = ValErr(0, 0, 0)
reports[-1].sigmadydz = ValErr(0, 0, 0)
reports[-1].add_stats(-0.0902529, 0.0576525, 0.000128917, 0.000502901, -0.0846257, 0.077659, 0.000174146, -0.000524385, -0.0846257, 0.077659, 0.000174146, -0.000524385, -0.0967191, 0.0735492, 0.000211131, -0.000485723, -0.0967191, 0.0735492, 0.000211131, -0.000485723, 0.87988, 1.209, 0.0036937, 0.0262918, 0.87988, 1.209, 0.0036937, 0.0262918)
reports[-1].CovMatrix = ['0.000131386','-0.000341744','0.000331775','-5.97161e-07','1.3309e-07','-2.13321e-07','-6.23827e-08','1.68929e-07','0','0','0','0','-0.000341744','0.00821438','-0.00777502','1.3973e-05','1.20604e-06','-3.96005e-08','1.28599e-06','-1.50179e-06','0','0','0','0','0.000331775','-0.00777502','0.00755962','-1.29989e-05','-1.21588e-06','2.13735e-08','-1.27039e-06','1.62641e-06','0','0','0','0','-5.97161e-07','1.3973e-05','-1.29989e-05','1.09115e-07','4.11016e-10','-3.79492e-09','-1.80818e-09','5.32517e-09','0','0','0','0','1.3309e-07','1.20604e-06','-1.21588e-06','4.11016e-10','9.89069e-08','4.60504e-08','-7.0349e-09','1.58653e-08','0','0','0','0','-2.13321e-07','-3.96005e-08','2.13735e-08','-3.79492e-09','4.60504e-08','4.84144e-08','2.11349e-09','1.08049e-09','0','0','0','0','-6.23827e-08','1.28599e-06','-1.27039e-06','-1.80818e-09','-7.0349e-09','2.11349e-09','5.65348e-05','-3.08375e-09','0','0','0','0','1.68929e-07','-1.50179e-06','1.62641e-06','5.32517e-09','1.58653e-08','1.08049e-09','-3.08375e-09','0.000106797','0','0','0','0','0','0','0','0','0','0','0','0','0','0','0','0','0','0','0','0','0','0','0','0','0','0','0','0','0','0','0','0','0','0','0','0','0','0','0','0','0','0','0','0','0','0','0','0','0','0','0','0']

reports.append(Report(579371008, ("DT", -2, 2, 2), "MBwhAst2sec02"))
reports[-1].posNum = 6322
reports[-1].negNum = 0
reports[-1].fittype = "6DOF"
reports[-1].add_parameters(ValErr(0.0570711, 0.0120885, 0), \
                           ValErr(-0.011322, 0.0938336, 0), \
                           ValErr(-0.105388, 0.0899407, 0), \
                           ValErr(9.80624e-05, 0.000351112, 0), \
                           ValErr(-0.000703975, 0.000328551, 0), \
                           ValErr(-0.00032596, 0.000236366, 0), \
                           -18315.3, 6322, 6322, -nan)
reports[-1].sigmax = ValErr(0.883689, 0.00785885, 0)
reports[-1].sigmay = ValErr(1.20064, 0.0106775, 0)
reports[-1].sigmadxdz = ValErr(0, 0, 0)
reports[-1].sigmadydz = ValErr(0, 0, 0)
reports[-1].add_stats(0.0644845, -0.122151, -5.46506e-06, -0.000134237, 0.0631375, -0.120193, 4.0744e-05, -0.000811609, 0.0631375, -0.120193, 4.0744e-05, -0.000811609, 0.0591969, -0.121987, 7.02795e-05, -0.000702778, 0.0591969, -0.121987, 7.02795e-05, -0.000702778, 0.884002, 1.20085, 0.00367908, 0.0257231, 0.884002, 1.20085, 0.00367908, 0.0257231)
reports[-1].CovMatrix = ['0.000146132','-0.000391803','0.000379451','-6.77078e-07','-2.92702e-09','-3.86452e-07','7.08719e-08','-1.90798e-08','0','0','0','0','-0.000391803','0.00880475','-0.00832567','1.4977e-05','2.83248e-06','1.789e-06','3.89169e-07','-9.86287e-08','0','0','0','0','0.000379451','-0.00832567','0.00808932','-1.37117e-05','-2.97363e-06','-1.78734e-06','-3.53546e-07','2.09014e-07','0','0','0','0','-6.77078e-07','1.4977e-05','-1.37117e-05','1.2328e-07','-3.90319e-09','-1.46832e-09','4.79835e-09','-3.29363e-09','0','0','0','0','-2.92702e-09','2.83248e-06','-2.97363e-06','-3.90319e-09','1.07946e-07','5.32921e-08','6.57444e-09','-2.31307e-09','0','0','0','0','-3.86452e-07','1.789e-06','-1.78734e-06','-1.46832e-09','5.32921e-08','5.5869e-08','2.62979e-09','9.90527e-10','0','0','0','0','7.08719e-08','3.89169e-07','-3.53546e-07','4.79835e-09','6.57444e-09','2.62979e-09','6.17617e-05','-3.37947e-10','0','0','0','0','-1.90798e-08','-9.86287e-08','2.09014e-07','-3.29363e-09','-2.31307e-09','9.90527e-10','-3.37947e-10','0.000114009','0','0','0','0','0','0','0','0','0','0','0','0','0','0','0','0','0','0','0','0','0','0','0','0','0','0','0','0','0','0','0','0','0','0','0','0','0','0','0','0','0','0','0','0','0','0','0','0','0','0','0','0']

reports.append(Report(579633152, ("DT", -2, 2, 3), "MBwhAst2sec03"))
reports[-1].posNum = 5809
reports[-1].negNum = 0
reports[-1].fittype = "6DOF"
reports[-1].add_parameters(ValErr(-0.0544002, 0.0127619, 0), \
                           ValErr(-0.28306, 0.101211, 0), \
                           ValErr(0.170533, 0.097118, 0), \
                           ValErr(0.000203139, 0.000364627, 0), \
                           ValErr(0.000322215, 0.000353133, 0), \
                           ValErr(-0.000119427, 0.000252839, 0), \
                           -16798.4, 5809, 5809, -nan)
reports[-1].sigmax = ValErr(0.898632, 0.00833718, 0)
reports[-1].sigmay = ValErr(1.17445, 0.0108963, 0)
reports[-1].sigmadxdz = ValErr(0, 0, 0)
reports[-1].sigmadydz = ValErr(0, 0, 0)
reports[-1].add_stats(-0.0563748, -0.113335, 0.000190753, -0.00159635, -0.0650852, -0.114148, 0.000201544, -0.00180407, -0.0650852, -0.114148, 0.000201544, -0.00180407, -0.0652362, -0.111654, 0.000213404, -0.00175426, -0.0652362, -0.111654, 0.000213404, -0.00175426, 0.898831, 1.17507, 0.00374088, 0.0259052, 0.898831, 1.17507, 0.00374088, 0.0259052)
reports[-1].CovMatrix = ['0.000162865','-0.000387021','0.000376274','-6.71007e-07','-2.10192e-07','-6.1646e-07','1.85572e-07','-1.76394e-07','0','0','0','0','-0.000387021','0.0102438','-0.00970731','1.78404e-05','1.63286e-06','1.28463e-07','-1.4372e-06','2.3239e-06','0','0','0','0','0.000376274','-0.00970731','0.00943191','-1.60945e-05','-1.50633e-06','-1.62264e-07','1.48565e-06','-2.1939e-06','0','0','0','0','-6.71007e-07','1.78404e-05','-1.60945e-05','1.32953e-07','1.71093e-09','-3.11944e-09','5.31172e-09','-2.95935e-09','0','0','0','0','-2.10192e-07','1.63286e-06','-1.50633e-06','1.71093e-09','1.24703e-07','6.17096e-08','-8.46754e-09','1.86372e-08','0','0','0','0','-6.1646e-07','1.28463e-07','-1.62264e-07','-3.11944e-09','6.17096e-08','6.39277e-08','-6.63025e-09','1.3546e-08','0','0','0','0','1.85572e-07','-1.4372e-06','1.48565e-06','5.31172e-09','-8.46754e-09','-6.63025e-09','6.95088e-05','-2.33582e-09','0','0','0','0','-1.76394e-07','2.3239e-06','-2.1939e-06','-2.95935e-09','1.86372e-08','1.3546e-08','-2.33582e-09','0.000118729','0','0','0','0','0','0','0','0','0','0','0','0','0','0','0','0','0','0','0','0','0','0','0','0','0','0','0','0','0','0','0','0','0','0','0','0','0','0','0','0','0','0','0','0','0','0','0','0','0','0','0','0']

reports.append(Report(579895296, ("DT", -2, 2, 4), "MBwhAst2sec04"))
reports[-1].posNum = 6870
reports[-1].negNum = 0
reports[-1].fittype = "6DOF"
reports[-1].add_parameters(ValErr(0.0115594, 0.0117015, 0), \
                           ValErr(0.0255424, 0.0928197, 0), \
                           ValErr(0.0112273, 0.0889997, 0), \
                           ValErr(6.12033e-05, 0.00034154, 0), \
                           ValErr(0.000216805, 0.000322651, 0), \
                           ValErr(0.000176946, 0.000231812, 0), \
                           -20126.1, 6870, 6870, -nan)
reports[-1].sigmax = ValErr(0.902193, 0.00769682, 0)
reports[-1].sigmay = ValErr(1.21485, 0.0103642, 0)
reports[-1].sigmadxdz = ValErr(0, 0, 0)
reports[-1].sigmadydz = ValErr(0, 0, 0)
reports[-1].add_stats(0.0196419, 0.0427888, 8.69473e-05, -0.000802413, 0.0115007, 0.0365641, 6.71026e-05, -0.00134874, 0.0115007, 0.0365641, 6.71026e-05, -0.00134874, 0.0102723, 0.0406649, 6.93425e-05, -0.00113875, 0.0102723, 0.0406649, 6.93425e-05, -0.00113875, 0.902243, 1.21484, 0.00375128, 0.0253911, 0.902243, 1.21484, 0.00375128, 0.0253911)
