nan = None;  NAN = None
nan = 0
reports = []
class ValErr:
    def __init__(self, value, error, antisym):
        self.value, self.error, self.antisym = value, error, antisym

    def __repr__(self):
        if self.antisym == 0.:
            return "%g +- %g" % (self.value, self.error)
        else:
            return "%g +- %g ~ %g" % (self.value, self.error, self.antisym)

class Report:
    def __init__(self, chamberId, postal_address, name):
        self.chamberId, self.postal_address, self.name = chamberId, postal_address, name
        self.status = "NOFIT"
        self.fittype = None
        self.CovMatrix = None

    def add_parameters(self, deltax, deltay, deltaz, deltaphix, deltaphiy, deltaphiz, loglikelihood, numsegments, sumofweights, redchi2):
        self.status = "PASS"
        self.deltax, self.deltay, self.deltaz, self.deltaphix, self.deltaphiy, self.deltaphiz = deltax, deltay, deltaz, deltaphix, deltaphiy, deltaphiz
        self.loglikelihood, self.numsegments, self.sumofweights, self.redchi2 = loglikelihood, numsegments, sumofweights, redchi2

    def add_stats(self, median_x, median_y, median_dxdz, median_dydz, mean30_x, mean30_y, mean20_dxdz, mean50_dydz, mean15_x, mean15_y, mean10_dxdz, mean25_dydz, wmean30_x, wmean30_y, wmean20_dxdz, wmean50_dydz, wmean15_x, wmean15_y, wmean10_dxdz, wmean25_dydz, stdev30_x, stdev30_y, stdev20_dxdz, stdev50_dydz, stdev15_x, stdev15_y, stdev10_dxdz, stdev25_dydz):
        self.median_x, self.median_y, self.median_dxdz, self.median_dydz, self.mean30_x, self.mean30_y, self.mean20_dxdz, self.mean50_dydz, self.mean15_x, self.mean15_y, self.mean10_dxdz, self.mean25_dydz, self.wmean30_x, self.wmean30_y, self.wmean20_dxdz, self.wmean50_dydz, self.wmean15_x, self.wmean15_y, self.wmean10_dxdz, self.wmean25_dydz, self.stdev30_x, self.stdev30_y, self.stdev20_dxdz, self.stdev50_dydz, self.stdev15_x, self.stdev15_y, self.stdev10_dxdz, self.stdev25_dydz = median_x, median_y, median_dxdz, median_dydz, mean30_x, mean30_y, mean20_dxdz, mean50_dydz, mean15_x, mean15_y, mean10_dxdz, mean25_dydz, wmean30_x, wmean30_y, wmean20_dxdz, wmean50_dydz, wmean15_x, wmean15_y, wmean10_dxdz, wmean25_dydz, stdev30_x, stdev30_y, stdev20_dxdz, stdev50_dydz, stdev15_x, stdev15_y, stdev10_dxdz, stdev25_dydz

    def __repr__(self):
        return "<Report %s %s %s>" % (self.postal_address[0], " ".join(map(str, self.postal_address[1:])), self.status)

reports.append(Report(574914560, ("DT", -2, 1, 1), "MBwhAst1sec01"))
reports[-1].posNum = 11886
reports[-1].negNum = 0
reports[-1].fittype = "6DOF"
reports[-1].add_parameters(ValErr(-0.0728625, 0.00798741, 0), \
                           ValErr(0.197746, 0.0659651, 0), \
                           ValErr(-0.0138018, 0.0534473, 0), \
                           ValErr(-3.78967e-05, 0.000183325, 0), \
                           ValErr(1.46564e-05, 0.000193939, 0), \
                           ValErr(-0.000299453, 0.000130245, 0), \
                           -29061.4, 11886, 11886, -nan)
reports[-1].sigmax = ValErr(0.674728, 0.0043762, 0)
reports[-1].sigmay = ValErr(1.00058, 0.00648965, 0)
reports[-1].sigmadxdz = ValErr(0, 0, 0)
reports[-1].sigmadydz = ValErr(0, 0, 0)
reports[-1].add_stats(-0.0862565, 0.190375, 8.78524e-05, -0.0023968, -0.0793017, 0.182302, 9.47403e-05, -0.00146336, -0.0793017, 0.182302, 9.47403e-05, -0.00146336, -0.0811262, 0.189748, 0.000106855, -0.00165085, -0.0811262, 0.189748, 0.000106855, -0.00165085, 0.674891, 1.00068, 0.00346918, 0.031646, 0.674891, 1.00068, 0.00346918, 0.031646)
reports[-1].CovMatrix = ['6.37988e-05','0.000304784','-0.000249593','4.41602e-07','-1.05266e-07','-1.99435e-07','7.64428e-09','4.19044e-08','0','0','0','0','0.000304784','0.00435139','-0.00348879','6.42017e-06','-7.55433e-07','3.91878e-07','-1.50998e-08','5.27814e-07','0','0','0','0','-0.000249593','-0.00348879','0.00285662','-4.93401e-06','5.76965e-07','-2.97662e-07','2.73699e-08','-4.0407e-07','0','0','0','0','4.41602e-07','6.42017e-06','-4.93401e-06','3.36081e-08','-9.13939e-10','2.48479e-09','1.11483e-09','1.07346e-10','0','0','0','0','-1.05266e-07','-7.55433e-07','5.76965e-07','-9.13939e-10','3.76123e-08','1.35997e-08','5.52571e-10','8.42735e-10','0','0','0','0','-1.99435e-07','3.91878e-07','-2.97662e-07','2.48479e-09','1.35997e-08','1.69637e-08','8.77235e-10','-1.36453e-10','0','0','0','0','7.64428e-09','-1.50998e-08','2.73699e-08','1.11483e-09','5.52571e-10','8.77235e-10','1.91511e-05','-4.12953e-11','0','0','0','0','4.19044e-08','5.27814e-07','-4.0407e-07','1.07346e-10','8.42735e-10','-1.36453e-10','-4.12953e-11','4.21157e-05','0','0','0','0','0','0','0','0','0','0','0','0','0','0','0','0','0','0','0','0','0','0','0','0','0','0','0','0','0','0','0','0','0','0','0','0','0','0','0','0','0','0','0','0','0','0','0','0','0','0','0','0']

reports.append(Report(575176704, ("DT", -2, 1, 2), "MBwhAst1sec02"))
reports[-1].posNum = 7771
reports[-1].negNum = 0
reports[-1].fittype = "6DOF"
reports[-1].add_parameters(ValErr(0.0221615, 0.00975107, 0), \
                           ValErr(-0.113674, 0.0804087, 0), \
                           ValErr(0.0422105, 0.0650859, 0), \
                           ValErr(1.34159e-05, 0.000215358, 0), \
                           ValErr(0.000452883, 0.000238405, 0), \
                           ValErr(0.000227098, 0.000152296, 0), \
                           -18868.7, 7771, 7771, -nan)
reports[-1].sigmax = ValErr(0.667262, 0.00535237, 0)
reports[-1].sigmay = ValErr(0.994798, 0.00797967, 0)
reports[-1].sigmadxdz = ValErr(0, 0, 0)
reports[-1].sigmadydz = ValErr(0, 0, 0)
reports[-1].add_stats(0.0270457, -0.0666303, 0.000886572, -0.00310394, 0.0282436, -0.0628392, 0.000856411, -0.00188184, 0.0282436, -0.0628392, 0.000856411, -0.00188184, 0.0358255, -0.0585104, 0.000834543, -0.00195602, 0.0358255, -0.0585104, 0.000834543, -0.00195602, 0.667347, 0.99495, 0.00344214, 0.0332059, 0.667347, 0.99495, 0.00344214, 0.0332059)
reports[-1].CovMatrix = ['9.50834e-05','0.000436722','-0.0003578','6.14554e-07','-2.31047e-07','-3.86391e-07','1.23524e-10','7.26786e-08','0','0','0','0','0.000436722','0.00646556','-0.00517629','9.37266e-06','-1.65604e-06','1.04369e-07','-7.13353e-07','1.79539e-06','0','0','0','0','-0.0003578','-0.00517629','0.00423617','-7.13043e-06','1.25886e-06','-4.3201e-08','6.17615e-07','-1.4404e-06','0','0','0','0','6.14554e-07','9.37266e-06','-7.13043e-06','4.63789e-08','-8.4065e-10','2.64523e-09','1.56739e-09','2.52246e-10','0','0','0','0','-2.31047e-07','-1.65604e-06','1.25886e-06','-8.4065e-10','5.6837e-08','1.88703e-08','2.32124e-09','-1.08694e-09','0','0','0','0','-3.86391e-07','1.04369e-07','-4.3201e-08','2.64523e-09','1.88703e-08','2.3194e-08','-3.33713e-10','2.03206e-09','0','0','0','0','1.23524e-10','-7.13353e-07','6.17615e-07','1.56739e-09','2.32124e-09','-3.33713e-10','2.86479e-05','-5.65992e-10','0','0','0','0','7.26786e-08','1.79539e-06','-1.4404e-06','2.52246e-10','-1.08694e-09','2.03206e-09','-5.65992e-10','6.36753e-05','0','0','0','0','0','0','0','0','0','0','0','0','0','0','0','0','0','0','0','0','0','0','0','0','0','0','0','0','0','0','0','0','0','0','0','0','0','0','0','0','0','0','0','0','0','0','0','0','0','0','0','0']

reports.append(Report(575438848, ("DT", -2, 1, 3), "MBwhAst1sec03"))
reports[-1].posNum = 8445
reports[-1].negNum = 0
reports[-1].fittype = "6DOF"
reports[-1].add_parameters(ValErr(-0.0130012, 0.00995514, 0), \
                           ValErr(0.0422836, 0.0760221, 0), \
                           ValErr(-0.122253, 0.0617201, 0), \
                           ValErr(6.5168e-05, 0.000209281, 0), \
                           ValErr(8.03968e-05, 0.000222845, 0), \
                           ValErr(3.0909e-05, 0.000151729, 0), \
                           -20420, 8445, 8445, -nan)
reports[-1].sigmax = ValErr(0.669839, 0.00515407, 0)
reports[-1].sigmay = ValErr(0.981012, 0.00754845, 0)
reports[-1].sigmadxdz = ValErr(0, 0, 0)
reports[-1].sigmadydz = ValErr(0, 0, 0)
reports[-1].add_stats(-0.0321169, -0.0971248, 0.000114497, -0.0031717, -0.0246515, -0.103894, 9.48024e-05, -0.00210849, -0.0246515, -0.103894, 9.48024e-05, -0.00210849, -0.0197222, -0.101019, 5.62914e-05, -0.00225488, -0.0197222, -0.101019, 5.62914e-05, -0.00225488, 0.669997, 0.981076, 0.00343969, 0.0328999, 0.669997, 0.981076, 0.00343969, 0.0328999)
reports[-1].CovMatrix = ['9.91047e-05','0.000459796','-0.000376789','6.40835e-07','-2.7793e-07','-4.30417e-07','2.79722e-08','3.03907e-08','0','0','0','0','0.000459796','0.00577937','-0.00463904','8.40691e-06','-1.4161e-06','-1.12232e-07','5.55007e-08','6.08381e-07','0','0','0','0','-0.000376789','-0.00463904','0.00380937','-6.3089e-06','1.29091e-06','1.44727e-07','-5.95576e-08','-3.93476e-07','0','0','0','0','6.40835e-07','8.40691e-06','-6.3089e-06','4.37987e-08','4.57015e-10','2.77271e-09','-7.70013e-10','3.72006e-09','0','0','0','0','-2.7793e-07','-1.4161e-06','1.29091e-06','4.57015e-10','4.96597e-08','1.87332e-08','9.33303e-10','9.51234e-10','0','0','0','0','-4.30417e-07','-1.12232e-07','1.44727e-07','2.77271e-09','1.87332e-08','2.30217e-08','4.03864e-10','9.07464e-10','0','0','0','0','2.79722e-08','5.55007e-08','-5.95576e-08','-7.70013e-10','9.33303e-10','4.03864e-10','2.65645e-05','-5.40756e-11','0','0','0','0','3.03907e-08','6.08381e-07','-3.93476e-07','3.72006e-09','9.51234e-10','9.07464e-10','-5.40756e-11','5.69792e-05','0','0','0','0','0','0','0','0','0','0','0','0','0','0','0','0','0','0','0','0','0','0','0','0','0','0','0','0','0','0','0','0','0','0','0','0','0','0','0','0','0','0','0','0','0','0','0','0','0','0','0','0']

reports.append(Report(575700992, ("DT", -2, 1, 4), "MBwhAst1sec04"))
reports[-1].posNum = 12032
reports[-1].negNum = 0
reports[-1].fittype = "6DOF"
reports[-1].add_parameters(ValErr(-0.120438, 0.00773918, 0), \
                           ValErr(0.101568, 0.0665579, 0), \
                           ValErr(-0.0672268, 0.0538353, 0), \
                           ValErr(0.000200612, 0.000181388, 0), \
                           ValErr(-0.000244306, 0.000196747, 0), \
                           ValErr(0.00031919, 0.00012619, 0), \
                           -29463.8, 12032, 12032, -nan)
reports[-1].sigmax = ValErr(0.667355, 0.00430205, 0)
reports[-1].sigmay = ValErr(1.01546, 0.00654604, 0)
reports[-1].sigmadxdz = ValErr(0, 0, 0)
reports[-1].sigmadydz = ValErr(0, 0, 0)
reports[-1].add_stats(-0.118062, 0.0139348, 0.0005938, -0.00313547, -0.12012, 0.0159293, 0.000609335, -0.00194432, -0.12012, 0.0159293, 0.000609335, -0.00194432, -0.120758, 0.0157238, 0.000614627, -0.00203205, -0.120758, 0.0157238, 0.000614627, -0.00203205, 0.667554, 1.01583, 0.00340394, 0.0343248, 0.667554, 1.01583, 0.00340394, 0.0343248)
reports[-1].CovMatrix = ['5.98948e-05','0.000293612','-0.000240333','4.21983e-07','-8.57645e-08','-1.71961e-07','5.24289e-08','-2.75313e-08','0','0','0','0','0.000293612','0.00442995','-0.00354615','6.43933e-06','-9.13412e-07','3.39452e-07','4.70151e-07','-2.1936e-07','0','0','0','0','-0.000240333','-0.00354615','0.00289824','-4.98518e-06','6.40744e-07','-2.57742e-07','-3.72783e-07','2.08531e-07','0','0','0','0','4.21983e-07','6.43933e-06','-4.98518e-06','3.29015e-08','-1.03015e-09','2.23748e-09','2.08997e-09','-1.47825e-09','0','0','0','0','-8.57645e-08','-9.13412e-07','6.40744e-07','-1.03015e-09','3.87092e-08','1.28112e-08','1.58704e-09','-7.99547e-10','0','0','0','0','-1.71961e-07','3.39452e-07','-2.57742e-07','2.23748e-09','1.28112e-08','1.59238e-08','5.42084e-10','2.79851e-10','0','0','0','0','5.24289e-08','4.70151e-07','-3.72783e-07','2.08997e-09','1.58704e-09','5.42084e-10','1.85077e-05','-1.38704e-10','0','0','0','0','-2.75313e-08','-2.1936e-07','2.08531e-07','-1.47825e-09','-7.99547e-10','2.79851e-10','-1.38704e-10','4.28507e-05','0','0','0','0','0','0','0','0','0','0','0','0','0','0','0','0','0','0','0','0','0','0','0','0','0','0','0','0','0','0','0','0','0','0','0','0','0','0','0','0','0','0','0','0','0','0','0','0','0','0','0','0']

reports.append(Report(575963136, ("DT", -2, 1, 5), "MBwhAst1sec05"))
reports[-1].posNum = 10719
reports[-1].negNum = 0
reports[-1].fittype = "6DOF"
reports[-1].add_parameters(ValErr(0.0250307, 0.00877714, 0), \
                           ValErr(0.0220852, 0.0713444, 0), \
                           ValErr(-0.0553393, 0.0579263, 0), \
                           ValErr(-1.89283e-05, 0.000190433, 0), \
                           ValErr(-4.8713e-05, 0.000209082, 0), \
                           ValErr(-0.000259831, 0.000133969, 0), \
                           -26271.8, 10719, 10719, -nan)
reports[-1].sigmax = ValErr(0.676486, 0.00462027, 0)
reports[-1].sigmay = ValErr(1.00393, 0.00685667, 0)
reports[-1].sigmadxdz = ValErr(0, 0, 0)
reports[-1].sigmadydz = ValErr(0, 0, 0)
reports[-1].add_stats(0.019393, -0.0316274, -0.000153827, -0.000494238, 0.0154244, -0.0436863, -0.000140836, -0.000412205, 0.0154244, -0.0436863, -0.000140836, -0.000412205, 0.0217453, -0.0507638, -0.000172177, -0.000922625, 0.0217453, -0.0507638, -0.000172177, -0.000922625, 0.676619, 1.00401, 0.0034613, 0.0340725, 0.676619, 1.00401, 0.0034613, 0.0340725)
reports[-1].CovMatrix = ['7.70382e-05','0.000386869','-0.000317032','5.52004e-07','-1.7112e-07','-2.67562e-07','5.73969e-08','-2.21799e-08','0','0','0','0','0.000386869','0.00509002','-0.00409149','7.40812e-06','-1.45635e-06','-1.37793e-07','4.02583e-07','-2.70195e-08','0','0','0','0','-0.000317032','-0.00409149','0.00335546','-5.72201e-06','1.24446e-06','1.43584e-07','-3.14234e-07','5.82703e-08','0','0','0','0','5.52004e-07','7.40812e-06','-5.72201e-06','3.62648e-08','-3.74918e-11','1.98253e-09','1.73152e-09','-5.73914e-10','0','0','0','0','-1.7112e-07','-1.45635e-06','1.24446e-06','-3.74918e-11','4.37152e-08','1.45469e-08','-2.57667e-10','2.27611e-09','0','0','0','0','-2.67562e-07','-1.37793e-07','1.43584e-07','1.98253e-09','1.45469e-08','1.79477e-08','-2.0195e-10','1.46905e-09','0','0','0','0','5.73969e-08','4.02583e-07','-3.14234e-07','1.73152e-09','-2.57667e-10','-2.0195e-10','2.13469e-05','-5.14533e-11','0','0','0','0','-2.21799e-08','-2.70195e-08','5.82703e-08','-5.73914e-10','2.27611e-09','1.46905e-09','-5.14533e-11','4.7014e-05','0','0','0','0','0','0','0','0','0','0','0','0','0','0','0','0','0','0','0','0','0','0','0','0','0','0','0','0','0','0','0','0','0','0','0','0','0','0','0','0','0','0','0','0','0','0','0','0','0','0','0','0']

reports.append(Report(576225280, ("DT", -2, 1, 6), "MBwhAst1sec06"))
reports[-1].posNum = 9199
reports[-1].negNum = 0
reports[-1].fittype = "6DOF"
reports[-1].add_parameters(ValErr(0.0155928, 0.0099511, 0), \
                           ValErr(-0.0284497, 0.0753198, 0), \
                           ValErr(0.0630969, 0.0611003, 0), \
                           ValErr(0.00023377, 0.000206869, 0), \
                           ValErr(-0.000285185, 0.000224394, 0), \
                           ValErr(-0.000346876, 0.000149209, 0), \
                           -22512.2, 9199, 9199, -nan)
reports[-1].sigmax = ValErr(0.676424, 0.004987, 0)
reports[-1].sigmay = ValErr(1.0003, 0.00737481, 0)
reports[-1].sigmadxdz = ValErr(0, 0, 0)
reports[-1].sigmadydz = ValErr(0, 0, 0)
reports[-1].add_stats(0.0114851, 0.0635001, -6.21033e-06, -0.0038158, 0.0145584, 0.0406919, -5.13706e-05, -0.00275907, 0.0145584, 0.0406919, -5.13706e-05, -0.00275907, 0.013401, 0.0380411, -4.33997e-05, -0.00304374, 0.013401, 0.0380411, -4.33997e-05, -0.00304374, 0.676664, 1.00055, 0.0034498, 0.032642, 0.676664, 1.00055, 0.0034498, 0.032642)
reports[-1].CovMatrix = ['9.90243e-05','0.000470944','-0.000385342','6.47693e-07','-3.09645e-07','-4.50528e-07','2.58345e-08','3.46276e-08','0','0','0','0','0.000470944','0.00567307','-0.00455019','8.21198e-06','-1.5106e-06','-1.62803e-07','-4.82277e-07','1.40849e-06','0','0','0','0','-0.000385342','-0.00455019','0.00373325','-6.11269e-06','1.41738e-06','1.8973e-07','4.17282e-07','-1.09989e-06','0','0','0','0','6.47693e-07','8.21198e-06','-6.11269e-06','4.27947e-08','3.36862e-10','2.75656e-09','-3.69433e-10','3.1487e-09','0','0','0','0','-3.09645e-07','-1.5106e-06','1.41738e-06','3.36862e-10','5.03525e-08','1.8141e-08','3.60719e-09','-3.03666e-09','0','0','0','0','-4.50528e-07','-1.62803e-07','1.8973e-07','2.75656e-09','1.8141e-08','2.22634e-08','-9.29168e-10','2.78573e-09','0','0','0','0','2.58345e-08','-4.82277e-07','4.17282e-07','-3.69433e-10','3.60719e-09','-9.29168e-10','2.48702e-05','-8.23067e-10','0','0','0','0','3.46276e-08','1.40849e-06','-1.09989e-06','3.1487e-09','-3.03666e-09','2.78573e-09','-8.23067e-10','5.4388e-05','0','0','0','0','0','0','0','0','0','0','0','0','0','0','0','0','0','0','0','0','0','0','0','0','0','0','0','0','0','0','0','0','0','0','0','0','0','0','0','0','0','0','0','0','0','0','0','0','0','0','0','0']

reports.append(Report(576487424, ("DT", -2, 1, 7), "MBwhAst1sec07"))
reports[-1].posNum = 12558
reports[-1].negNum = 0
reports[-1].fittype = "6DOF"
reports[-1].add_parameters(ValErr(-0.0414585, 0.00784342, 0), \
                           ValErr(0.0196653, 0.065881, 0), \
                           ValErr(0.1451, 0.0534029, 0), \
                           ValErr(0.000103517, 0.000181659, 0), \
                           ValErr(3.10389e-05, 0.000195174, 0), \
                           ValErr(-0.000279933, 0.000130614, 0), \
                           -30735.1, 12558, 12558, -nan)
reports[-1].sigmax = ValErr(0.679015, 0.00428455, 0)
reports[-1].sigmay = ValErr(0.996693, 0.00628909, 0)
reports[-1].sigmadxdz = ValErr(0, 0, 0)
reports[-1].sigmadydz = ValErr(0, 0, 0)
reports[-1].add_stats(-0.040957, 0.197163, 0.000208924, -0.00177979, -0.034418, 0.191822, 0.000207043, -0.00196005, -0.034418, 0.191822, 0.000207043, -0.00196005, -0.0296341, 0.184877, 0.000169911, -0.00208562, -0.0296341, 0.184877, 0.000169911, -0.00208562, 0.679339, 0.997, 0.00348552, 0.0321295, 0.679339, 0.997, 0.00348552, 0.0321295)
reports[-1].CovMatrix = ['6.15193e-05','0.00029814','-0.00024425','4.2794e-07','-1.31393e-07','-2.20571e-07','2.58505e-08','1.10481e-08','0','0','0','0','0.00029814','0.00434031','-0.00348323','6.36634e-06','-8.91928e-07','2.57548e-07','1.64395e-07','2.416e-07','0','0','0','0','-0.00024425','-0.00348323','0.00285187','-4.88219e-06','6.66183e-07','-1.87678e-07','-1.51801e-07','-1.2511e-07','0','0','0','0','4.2794e-07','6.36634e-06','-4.88219e-06','3.3e-08','-9.53437e-10','2.14727e-09','-1.03312e-09','3.21226e-09','0','0','0','0','-1.31393e-07','-8.91928e-07','6.66183e-07','-9.53437e-10','3.8093e-08','1.38763e-08','2.52642e-10','1.22967e-09','0','0','0','0','-2.20571e-07','2.57548e-07','-1.87678e-07','2.14727e-09','1.38763e-08','1.70599e-08','3.53231e-10','5.95509e-10','0','0','0','0','2.58505e-08','1.64395e-07','-1.51801e-07','-1.03312e-09','2.52642e-10','3.53231e-10','1.83574e-05','-1.43409e-10','0','0','0','0','1.10481e-08','2.416e-07','-1.2511e-07','3.21226e-09','1.22967e-09','5.95509e-10','-1.43409e-10','3.95527e-05','0','0','0','0','0','0','0','0','0','0','0','0','0','0','0','0','0','0','0','0','0','0','0','0','0','0','0','0','0','0','0','0','0','0','0','0','0','0','0','0','0','0','0','0','0','0','0','0','0','0','0','0']

reports.append(Report(576749568, ("DT", -2, 1, 8), "MBwhAst1sec08"))
reports[-1].posNum = 11115
reports[-1].negNum = 0
reports[-1].fittype = "6DOF"
reports[-1].add_parameters(ValErr(0.0328518, 0.0082121, 0), \
                           ValErr(0.0531895, 0.0691687, 0), \
                           ValErr(-0.041507, 0.0561007, 0), \
                           ValErr(-0.000279143, 0.000188671, 0), \
                           ValErr(0.000249297, 0.000205063, 0), \
                           ValErr(-0.000263257, 0.000133008, 0), \
                           -26944, 11115, 11115, -nan)
reports[-1].sigmax = ValErr(0.665069, 0.00446067, 0)
reports[-1].sigmay = ValErr(0.994115, 0.00666761, 0)
reports[-1].sigmadxdz = ValErr(0, 0, 0)
reports[-1].sigmadydz = ValErr(0, 0, 0)
reports[-1].add_stats(0.0296887, 0.0165182, 0.000869726, -0.00124826, 0.0236562, 0.010251, 0.000887685, -0.00110672, 0.0236562, 0.010251, 0.000887685, -0.00110672, 0.0239794, 0.00867212, 0.000885551, -0.00102786, 0.0239794, 0.00867212, 0.000885551, -0.00102786, 0.665203, 0.994621, 0.00341719, 0.0332269, 0.665203, 0.994621, 0.00341719, 0.0332269)
reports[-1].CovMatrix = ['6.74386e-05','0.000326693','-0.000267954','4.62489e-07','-1.68877e-07','-2.74688e-07','8.32746e-08','-7.24192e-08','0','0','0','0','0.000326693','0.00478431','-0.00384067','6.96345e-06','-1.23197e-06','-7.5758e-09','9.96984e-07','-9.67514e-07','0','0','0','0','-0.000267954','-0.00384067','0.00314729','-5.3219e-06','9.56823e-07','3.80456e-08','-8.00271e-07','8.23063e-07','0','0','0','0','4.62489e-07','6.96345e-06','-5.3219e-06','3.55966e-08','8.17926e-11','2.0247e-09','2.31663e-09','-1.55398e-09','0','0','0','0','-1.68877e-07','-1.23197e-06','9.56823e-07','8.17926e-11','4.20508e-08','1.44517e-08','-1.15268e-09','3.47924e-09','0','0','0','0','-2.74688e-07','-7.5758e-09','3.80456e-08','2.0247e-09','1.44517e-08','1.76912e-08','1.77368e-10','8.72325e-10','0','0','0','0','8.32746e-08','9.96984e-07','-8.00271e-07','2.31663e-09','-1.15268e-09','1.77368e-10','1.98976e-05','-2.99062e-10','0','0','0','0','-7.24192e-08','-9.67514e-07','8.23063e-07','-1.55398e-09','3.47924e-09','8.72325e-10','-2.99062e-10','4.4457e-05','0','0','0','0','0','0','0','0','0','0','0','0','0','0','0','0','0','0','0','0','0','0','0','0','0','0','0','0','0','0','0','0','0','0','0','0','0','0','0','0','0','0','0','0','0','0','0','0','0','0','0','0']

reports.append(Report(577011712, ("DT", -2, 1, 9), "MBwhAst1sec09"))
reports[-1].posNum = 7332
reports[-1].negNum = 0
reports[-1].fittype = "6DOF"
reports[-1].add_parameters(ValErr(-0.0383603, 0.00997364, 0), \
                           ValErr(-0.0816706, 0.0842453, 0), \
                           ValErr(0.0041184, 0.0683327, 0), \
                           ValErr(0.000375669, 0.000222901, 0), \
                           ValErr(0.000131555, 0.000239601, 0), \
                           ValErr(-9.41794e-05, 0.000160782, 0), \
                           -17786, 7332, 7332, -nan)
reports[-1].sigmax = ValErr(0.678938, 0.00560666, 0)
reports[-1].sigmay = ValErr(0.975458, 0.00805538, 0)
reports[-1].sigmadxdz = ValErr(0, 0, 0)
reports[-1].sigmadydz = ValErr(0, 0, 0)
reports[-1].add_stats(-0.0320947, -0.075185, 8.99073e-06, -0.00358951, -0.0409089, -0.0812815, 7.04416e-05, -0.00248555, -0.0409089, -0.0812815, 7.04416e-05, -0.00248555, -0.0448278, -0.0738155, 8.23726e-05, -0.00225229, -0.0448278, -0.0738155, 8.23726e-05, -0.00225229, 0.678981, 0.975807, 0.0034491, 0.0333054, 0.678981, 0.975807, 0.0034491, 0.0333054)
reports[-1].CovMatrix = ['9.94734e-05','0.000466421','-0.000382563','6.81279e-07','-1.27813e-07','-2.71576e-07','-1.15959e-08','1.00212e-07','0','0','0','0','0.000466421','0.00709727','-0.00570023','1.04803e-05','-9.08316e-07','9.34179e-07','-7.16109e-07','1.84688e-06','0','0','0','0','-0.000382563','-0.00570023','0.00466936','-8.14981e-06','5.71986e-07','-7.39048e-07','5.7635e-07','-1.427e-06','0','0','0','0','6.81279e-07','1.04803e-05','-8.14981e-06','4.9685e-08','-2.32554e-09','3.8234e-09','-1.98934e-09','5.47423e-09','0','0','0','0','-1.27813e-07','-9.08316e-07','5.71986e-07','-2.32554e-09','5.74088e-08','2.06916e-08','-6.30939e-10','3.36481e-09','0','0','0','0','-2.71576e-07','9.34179e-07','-7.39048e-07','3.8234e-09','2.06916e-08','2.58509e-08','-4.97441e-10','2.52081e-09','0','0','0','0','-1.15959e-08','-7.16109e-07','5.7635e-07','-1.98934e-09','-6.30939e-10','-4.97441e-10','3.14346e-05','-3.08736e-10','0','0','0','0','1.00212e-07','1.84688e-06','-1.427e-06','5.47423e-09','3.36481e-09','2.52081e-09','-3.08736e-10','6.48893e-05','0','0','0','0','0','0','0','0','0','0','0','0','0','0','0','0','0','0','0','0','0','0','0','0','0','0','0','0','0','0','0','0','0','0','0','0','0','0','0','0','0','0','0','0','0','0','0','0','0','0','0','0']

reports.append(Report(577273856, ("DT", -2, 1, 10), "MBwhAst1sec10"))
reports[-1].posNum = 8049
reports[-1].negNum = 0
reports[-1].fittype = "6DOF"
reports[-1].add_parameters(ValErr(0.0252433, 0.00930185, 0), \
                           ValErr(0.120286, 0.0821587, 0), \
                           ValErr(-0.0259961, 0.0667123, 0), \
                           ValErr(-0.000226845, 0.000211314, 0), \
                           ValErr(-0.000198891, 0.000232135, 0), \
                           ValErr(0.00024327, 0.00014573, 0), \
                           -19648.9, 8049, 8049, -nan)
reports[-1].sigmax = ValErr(0.673013, 0.00530442, 0)
reports[-1].sigmay = ValErr(0.999274, 0.00787588, 0)
reports[-1].sigmadxdz = ValErr(0, 0, 0)
reports[-1].sigmadydz = ValErr(0, 0, 0)
reports[-1].add_stats(0.0270214, 0.0988673, 0.00014979, -0.00154864, 0.0266474, 0.0878531, 0.00012348, 3.22351e-05, 0.0266474, 0.0878531, 0.00012348, 3.22351e-05, 0.0337344, 0.0750291, 7.25652e-05, 9.42705e-05, 0.0337344, 0.0750291, 7.25652e-05, 9.42705e-05, 0.673163, 0.999682, 0.00343768, 0.032705, 0.673163, 0.999682, 0.00343768, 0.032705)
reports[-1].CovMatrix = ['8.65244e-05','0.00043506','-0.000357397','6.45051e-07','2.20617e-08','-7.3045e-08','4.03965e-08','2.61012e-08','0','0','0','0','0.00043506','0.00675005','-0.0054294','9.85032e-06','-1.02029e-06','8.02151e-07','2.42811e-07','3.72528e-07','0','0','0','0','-0.000357397','-0.0054294','0.00445053','-7.9248e-06','6.39285e-07','-6.51418e-07','-1.87903e-07','-2.67302e-07','0','0','0','0','6.45051e-07','9.85032e-06','-7.9248e-06','4.46538e-08','-2.18475e-09','3.2938e-09','2.3769e-09','-1.32463e-09','0','0','0','0','2.20617e-08','-1.02029e-06','6.39285e-07','-2.18475e-09','5.38869e-08','1.70678e-08','2.40631e-10','1.94065e-09','0','0','0','0','-7.3045e-08','8.02151e-07','-6.51418e-07','3.2938e-09','1.70678e-08','2.12374e-08','9.09369e-10','2.67691e-10','0','0','0','0','4.03965e-08','2.42811e-07','-1.87903e-07','2.3769e-09','2.40631e-10','9.09369e-10','2.81369e-05','-1.07678e-10','0','0','0','0','2.61012e-08','3.72528e-07','-2.67302e-07','-1.32463e-09','1.94065e-09','2.67691e-10','-1.07678e-10','6.20297e-05','0','0','0','0','0','0','0','0','0','0','0','0','0','0','0','0','0','0','0','0','0','0','0','0','0','0','0','0','0','0','0','0','0','0','0','0','0','0','0','0','0','0','0','0','0','0','0','0','0','0','0','0']

reports.append(Report(577536000, ("DT", -2, 1, 11), "MBwhAst1sec11"))
reports[-1].posNum = 8175
reports[-1].negNum = 0
reports[-1].fittype = "6DOF"
reports[-1].add_parameters(ValErr(0.0554589, 0.0099377, 0), \
                           ValErr(0.0785061, 0.0836615, 0), \
                           ValErr(-0.0119598, 0.0678315, 0), \
                           ValErr(0.000378116, 0.000214635, 0), \
                           ValErr(-0.000137532, 0.00023798, 0), \
                           ValErr(0.000222444, 0.000149769, 0), \
                           -20122.8, 8175, 8175, -nan)
reports[-1].sigmax = ValErr(0.679881, 0.00531709, 0)
reports[-1].sigmay = ValErr(1.00951, 0.00789508, 0)
reports[-1].sigmadxdz = ValErr(0, 0, 0)
reports[-1].sigmadydz = ValErr(0, 0, 0)
reports[-1].add_stats(0.0639751, 0.0822114, -0.000594754, -0.00289309, 0.0567434, 0.0625119, -0.000596908, -0.00225553, 0.0567434, 0.0625119, -0.000596908, -0.00225553, 0.0623162, 0.0675326, -0.000609867, -0.0021769, 0.0623162, 0.0675326, -0.000609867, -0.0021769, 0.67993, 1.00993, 0.0034687, 0.0340474, 0.67993, 1.00993, 0.0034687, 0.0340474)
reports[-1].CovMatrix = ['9.87578e-05','0.000528466','-0.000432007','7.69923e-07','-2.37993e-08','-1.0267e-07','1.25289e-07','-8.89773e-08','0','0','0','0','0.000528466','0.00699924','-0.00562366','1.00539e-05','-1.53615e-06','2.73705e-07','1.36048e-06','-1.26259e-06','0','0','0','0','-0.000432007','-0.00562366','0.00460111','-8.08102e-06','1.33133e-06','-2.11037e-07','-1.11031e-06','1.09221e-06','0','0','0','0','7.69923e-07','1.00539e-05','-8.08102e-06','4.60681e-08','-2.45954e-10','3.36749e-09','2.79715e-09','-1.78014e-09','0','0','0','0','-2.37993e-08','-1.53615e-06','1.33133e-06','-2.45954e-10','5.66345e-08','1.79897e-08','9.58906e-11','2.43454e-09','0','0','0','0','-1.0267e-07','2.73705e-07','-2.11037e-07','3.36749e-09','1.79897e-08','2.24307e-08','1.37745e-09','-3.97511e-10','0','0','0','0','1.25289e-07','1.36048e-06','-1.11031e-06','2.79715e-09','9.58906e-11','1.37745e-09','2.82715e-05','-3.17278e-10','0','0','0','0','-8.89773e-08','-1.26259e-06','1.09221e-06','-1.78014e-09','2.43454e-09','-3.97511e-10','-3.17278e-10','6.23324e-05','0','0','0','0','0','0','0','0','0','0','0','0','0','0','0','0','0','0','0','0','0','0','0','0','0','0','0','0','0','0','0','0','0','0','0','0','0','0','0','0','0','0','0','0','0','0','0','0','0','0','0','0']

reports.append(Report(577798144, ("DT", -2, 1, 12), "MBwhAst1sec12"))
reports[-1].posNum = 10770
reports[-1].negNum = 0
reports[-1].fittype = "6DOF"
reports[-1].add_parameters(ValErr(-0.0121003, 0.00866162, 0), \
                           ValErr(0.186889, 0.0717673, 0), \
                           ValErr(-0.060995, 0.0582547, 0), \
                           ValErr(-7.69309e-05, 0.000193788, 0), \
                           ValErr(0.000654308, 0.000209733, 0), \
                           ValErr(0.000296521, 0.000136526, 0), \
                           -26428.8, 10770, 10770, -nan)
reports[-1].sigmax = ValErr(0.676263, 0.0046078, 0)
reports[-1].sigmay = ValErr(1.00725, 0.00686303, 0)
reports[-1].sigmadxdz = ValErr(0, 0, 0)
reports[-1].sigmadydz = ValErr(0, 0, 0)
reports[-1].add_stats(-0.0117702, 0.117028, 0.000801104, -0.00285535, -0.0144525, 0.116259, 0.00079577, -0.00100082, -0.0144525, 0.116259, 0.00079577, -0.00100082, -0.0128121, 0.11234, 0.0007859, -0.00135879, -0.0128121, 0.11234, 0.0007859, -0.00135879, 0.67649, 1.00753, 0.00346085, 0.0319023, 0.67649, 1.00753, 0.00346085, 0.0319023)
reports[-1].CovMatrix = ['7.50237e-05','0.000369666','-0.00030305','5.27452e-07','-1.78582e-07','-2.86087e-07','2.11408e-08','2.87431e-08','0','0','0','0','0.000369666','0.00515054','-0.00413849','7.54929e-06','-1.11796e-06','1.9306e-07','-1.84085e-07','8.73804e-07','0','0','0','0','-0.00030305','-0.00413849','0.00339361','-5.77096e-06','9.06141e-07','-1.25942e-07','1.56512e-07','-6.63706e-07','0','0','0','0','5.27452e-07','7.54929e-06','-5.77096e-06','3.75537e-08','-5.70426e-10','2.39913e-09','1.35437e-10','1.86787e-09','0','0','0','0','-1.78582e-07','-1.11796e-06','9.06141e-07','-5.70426e-10','4.39879e-08','1.51144e-08','2.86482e-10','1.44143e-09','0','0','0','0','-2.86087e-07','1.9306e-07','-1.25942e-07','2.39913e-09','1.51144e-08','1.86395e-08','-5.22083e-10','2.00017e-09','0','0','0','0','2.11408e-08','-1.84085e-07','1.56512e-07','1.35437e-10','2.86482e-10','-5.22083e-10','2.12318e-05','-7.61928e-11','0','0','0','0','2.87431e-08','8.73804e-07','-6.63706e-07','1.86787e-09','1.44143e-09','2.00017e-09','-7.61928e-11','4.71013e-05','0','0','0','0','0','0','0','0','0','0','0','0','0','0','0','0','0','0','0','0','0','0','0','0','0','0','0','0','0','0','0','0','0','0','0','0','0','0','0','0','0','0','0','0','0','0','0','0','0','0','0','0']

reports.append(Report(579108864, ("DT", -2, 2, 1), "MBwhAst2sec01"))
reports[-1].posNum = 14352
reports[-1].negNum = 0
reports[-1].fittype = "6DOF"
reports[-1].add_parameters(ValErr(-0.1113, 0.00808029, 0), \
                           ValErr(0.0795873, 0.0638719, 0), \
                           ValErr(-0.0101943, 0.0612908, 0), \
                           ValErr(0.00030499, 0.000231468, 0), \
                           ValErr(0.000382029, 0.000221178, 0), \
                           ValErr(-8.22515e-05, 0.000156115, 0), \
                           -41990.3, 14352, 14352, -nan)
reports[-1].sigmax = ValErr(0.897965, 0.00530016, 0)
reports[-1].sigmay = ValErr(1.21591, 0.00717684, 0)
reports[-1].sigmadxdz = ValErr(0, 0, 0)
reports[-1].sigmadydz = ValErr(0, 0, 0)
reports[-1].add_stats(-0.122968, 0.059736, 0.00025746, 0.000293521, -0.114387, 0.0673742, 0.000258671, -0.000566944, -0.114387, 0.0673742, 0.000258671, -0.000566944, -0.116461, 0.0689267, 0.000254239, -0.000559462, -0.116461, 0.0689267, 0.000254239, -0.000559462, 0.898013, 1.21628, 0.0037707, 0.0260282, 0.898013, 1.21628, 0.0037707, 0.0260282)
reports[-1].CovMatrix = ['6.52911e-05','-0.000169283','0.000164326','-2.94594e-07','4.16679e-08','-1.28796e-07','1.9427e-08','1.23635e-08','0','0','0','0','-0.000169283','0.00407962','-0.00386387','6.93411e-06','8.17381e-07','2.68694e-07','4.62349e-09','1.55341e-07','0','0','0','0','0.000164326','-0.00386387','0.00375656','-6.43485e-06','-8.32674e-07','-2.75044e-07','-1.18317e-08','-7.39672e-08','0','0','0','0','-2.94594e-07','6.93411e-06','-6.43485e-06','5.35774e-08','-6.91832e-10','-1.43386e-09','-1.18204e-09','3.00229e-09','0','0','0','0','4.16679e-08','8.17381e-07','-8.32674e-07','-6.91832e-10','4.89197e-08','2.32869e-08','-1.01422e-09','4.40813e-09','0','0','0','0','-1.28796e-07','2.68694e-07','-2.75044e-07','-1.43386e-09','2.32869e-08','2.43719e-08','5.62413e-10','1.23684e-09','0','0','0','0','1.9427e-08','4.62349e-09','-1.18317e-08','-1.18204e-09','-1.01422e-09','5.62413e-10','2.80917e-05','-2.42688e-10','0','0','0','0','1.23635e-08','1.55341e-07','-7.39672e-08','3.00229e-09','4.40813e-09','1.23684e-09','-2.42688e-10','5.15072e-05','0','0','0','0','0','0','0','0','0','0','0','0','0','0','0','0','0','0','0','0','0','0','0','0','0','0','0','0','0','0','0','0','0','0','0','0','0','0','0','0','0','0','0','0','0','0','0','0','0','0','0','0']

reports.append(Report(579371008, ("DT", -2, 2, 2), "MBwhAst2sec02"))
reports[-1].posNum = 13148
reports[-1].negNum = 0
reports[-1].fittype = "6DOF"
reports[-1].add_parameters(ValErr(0.0662684, 0.0085574, 0), \
                           ValErr(0.00917126, 0.0657297, 0), \
                           ValErr(-0.112156, 0.0630262, 0), \
                           ValErr(6.29591e-05, 0.000246491, 0), \
                           ValErr(-0.000318583, 0.000231098, 0), \
                           ValErr(-0.000149514, 0.000164208, 0), \
                           -38433.4, 13148, 13148, -nan)
reports[-1].sigmax = ValErr(0.888764, 0.00548081, 0)
reports[-1].sigmay = ValErr(1.22529, 0.00755611, 0)
reports[-1].sigmadxdz = ValErr(0, 0, 0)
reports[-1].sigmadydz = ValErr(0, 0, 0)
reports[-1].add_stats(0.0644579, -0.105852, 2.77577e-05, -0.000338113, 0.0725261, -0.106063, 1.33615e-05, -0.00113977, 0.0725261, -0.106063, 1.33615e-05, -0.00113977, 0.0757014, -0.108164, -2.70693e-06, -0.00100895, 0.0757014, -0.108164, -2.70693e-06, -0.00100895, 0.888923, 1.22536, 0.00367635, 0.0256636, 0.888923, 1.22536, 0.00367635, 0.0256636)
reports[-1].CovMatrix = ['7.32292e-05','-0.000212812','0.000205736','-3.65162e-07','-4.93836e-09','-1.92569e-07','4.70404e-08','-2.63161e-08','0','0','0','0','-0.000212812','0.0043204','-0.00408529','7.31438e-06','1.3238e-06','7.71078e-07','-1.268e-07','3.5989e-07','0','0','0','0','0.000205736','-0.00408529','0.0039723','-6.67844e-06','-1.4683e-06','-7.75582e-07','8.63356e-08','-2.27437e-07','0','0','0','0','-3.65162e-07','7.31438e-06','-6.67844e-06','6.07576e-08','-2.32229e-09','-1.46248e-09','-3.42744e-09','6.25827e-09','0','0','0','0','-4.93836e-09','1.3238e-06','-1.4683e-06','-2.32229e-09','5.34064e-08','2.57408e-08','3.09837e-09','-1.06319e-09','0','0','0','0','-1.92569e-07','7.71078e-07','-7.75582e-07','-1.46248e-09','2.57408e-08','2.69643e-08','1.35123e-09','3.32927e-10','0','0','0','0','4.70404e-08','-1.268e-07','8.63356e-08','-3.42744e-09','3.09837e-09','1.35123e-09','3.00393e-05','-4.35695e-10','0','0','0','0','-2.63161e-08','3.5989e-07','-2.27437e-07','6.25827e-09','-1.06319e-09','3.32927e-10','-4.35695e-10','5.70948e-05','0','0','0','0','0','0','0','0','0','0','0','0','0','0','0','0','0','0','0','0','0','0','0','0','0','0','0','0','0','0','0','0','0','0','0','0','0','0','0','0','0','0','0','0','0','0','0','0','0','0','0','0']

reports.append(Report(579633152, ("DT", -2, 2, 3), "MBwhAst2sec03"))
reports[-1].posNum = 11658
reports[-1].negNum = 0
reports[-1].fittype = "6DOF"
reports[-1].add_parameters(ValErr(-0.0535005, 0.00887118, 0), \
                           ValErr(-0.215113, 0.0693629, 0), \
                           ValErr(0.0869965, 0.0664094, 0), \
                           ValErr(0.000263012, 0.000258609, 0), \
                           ValErr(5.72661e-05, 0.000247177, 0), \
                           ValErr(-0.000126001, 0.000174335, 0), \
                           -33801.6, 11658, 11658, -nan)
reports[-1].sigmax = ValErr(0.883235, 0.00577818, 0)
reports[-1].sigmay = ValErr(1.20409, 0.00786675, 0)
reports[-1].sigmadxdz = ValErr(0, 0, 0)
reports[-1].sigmadydz = ValErr(0, 0, 0)
reports[-1].add_stats(-0.0591961, -0.131962, 0.000247957, 0.000732267, -0.0592987, -0.13084, 0.000250446, -0.000146887, -0.0592987, -0.13084, 0.000250446, -0.000146887, -0.0610964, -0.13292, 0.000240285, -0.000331539, -0.0610964, -0.13292, 0.000240285, -0.000331539, 0.8833, 1.20432, 0.00371429, 0.0252855, 0.8833, 1.20432, 0.00371429, 0.0252855)
reports[-1].CovMatrix = ['7.86978e-05','-0.000185652','0.000180208','-3.16993e-07','-8.74808e-08','-3.04394e-07','-8.19834e-08','-2.03245e-07','0','0','0','0','-0.000185652','0.00481122','-0.00454305','8.27249e-06','9.28062e-07','1.8695e-07','1.55518e-06','3.04223e-06','0','0','0','0','0.000180208','-0.00454305','0.0044102','-7.36386e-06','-9.09735e-07','-1.96534e-07','-1.41351e-06','-3.48063e-06','0','0','0','0','-3.16993e-07','8.27249e-06','-7.36386e-06','6.68785e-08','7.85245e-11','-1.82848e-09','8.94558e-10','1.07007e-08','0','0','0','0','-8.74808e-08','9.28062e-07','-9.09735e-07','7.85245e-11','6.10963e-08','2.94407e-08','9.69447e-10','-2.5035e-09','0','0','0','0','-3.04394e-07','1.8695e-07','-1.96534e-07','-1.82848e-09','2.94407e-08','3.03927e-08','-3.47483e-09','3.54607e-09','0','0','0','0','-8.19834e-08','1.55518e-06','-1.41351e-06','8.94558e-10','9.69447e-10','-3.47483e-09','3.33874e-05','-1.5928e-07','0','0','0','0','-2.03245e-07','3.04223e-06','-3.48063e-06','1.07007e-08','-2.5035e-09','3.54607e-09','-1.5928e-07','6.18859e-05','0','0','0','0','0','0','0','0','0','0','0','0','0','0','0','0','0','0','0','0','0','0','0','0','0','0','0','0','0','0','0','0','0','0','0','0','0','0','0','0','0','0','0','0','0','0','0','0','0','0','0','0']

reports.append(Report(579895296, ("DT", -2, 2, 4), "MBwhAst2sec04"))
reports[-1].posNum = 14012
reports[-1].negNum = 0
reports[-1].fittype = "6DOF"
reports[-1].add_parameters(ValErr(-0.00193737, 0.00806406, 0), \
                           ValErr(-0.0337153, 0.0649268, 0), \
                           ValErr(0.0630085, 0.0622305, 0), \
                           ValErr(-4.61068e-05, 0.000238717, 0), \
                           ValErr(0.00011406, 0.000225351, 0), \
                           ValErr(-8.09234e-05, 0.000160147, 0), \
                           -40907.5, 14012, 14012, -nan)
reports[-1].sigmax = ValErr(0.892646, 0.0053323, 0)
reports[-1].sigmay = ValErr(1.21549, 0.00726081, 0)
reports[-1].sigmadxdz = ValErr(0, 0, 0)
reports[-1].sigmadydz = ValErr(0, 0, 0)
reports[-1].add_stats(-0.00121403, 0.0225224, 0.000115359, -0.000682801, -0.00617686, 0.0306714, 0.000120132, -0.00131067, -0.00617686, 0.0306714, 0.000120132, -0.00131067, -0.0141076, 0.0295912, 0.000145751, -0.00136699, -0.0141076, 0.0295912, 0.000145751, -0.00136699, 0.892677, 1.21557, 0.00371559, 0.0254391, 0.892677, 1.21557, 0.00371559, 0.0254391)
