nan = None;  NAN = None
nan = 0
reports = []
class ValErr:
    def __init__(self, value, error, antisym):
        self.value, self.error, self.antisym = value, error, antisym

    def __repr__(self):
        if self.antisym == 0.:
            return "%g +- %g" % (self.value, self.error)
        else:
            return "%g +- %g ~ %g" % (self.value, self.error, self.antisym)

class Report:
    def __init__(self, chamberId, postal_address, name):
        self.chamberId, self.postal_address, self.name = chamberId, postal_address, name
        self.status = "NOFIT"
        self.fittype = None
        self.CovMatrix = None

    def add_parameters(self, deltax, deltay, deltaz, deltaphix, deltaphiy, deltaphiz, loglikelihood, numsegments, sumofweights, redchi2):
        self.status = "PASS"
        self.deltax, self.deltay, self.deltaz, self.deltaphix, self.deltaphiy, self.deltaphiz = deltax, deltay, deltaz, deltaphix, deltaphiy, deltaphiz
        self.loglikelihood, self.numsegments, self.sumofweights, self.redchi2 = loglikelihood, numsegments, sumofweights, redchi2

    def add_stats(self, median_x, median_y, median_dxdz, median_dydz, mean30_x, mean30_y, mean20_dxdz, mean50_dydz, mean15_x, mean15_y, mean10_dxdz, mean25_dydz, wmean30_x, wmean30_y, wmean20_dxdz, wmean50_dydz, wmean15_x, wmean15_y, wmean10_dxdz, wmean25_dydz, stdev30_x, stdev30_y, stdev20_dxdz, stdev50_dydz, stdev15_x, stdev15_y, stdev10_dxdz, stdev25_dydz):
        self.median_x, self.median_y, self.median_dxdz, self.median_dydz, self.mean30_x, self.mean30_y, self.mean20_dxdz, self.mean50_dydz, self.mean15_x, self.mean15_y, self.mean10_dxdz, self.mean25_dydz, self.wmean30_x, self.wmean30_y, self.wmean20_dxdz, self.wmean50_dydz, self.wmean15_x, self.wmean15_y, self.wmean10_dxdz, self.wmean25_dydz, self.stdev30_x, self.stdev30_y, self.stdev20_dxdz, self.stdev50_dydz, self.stdev15_x, self.stdev15_y, self.stdev10_dxdz, self.stdev25_dydz = median_x, median_y, median_dxdz, median_dydz, mean30_x, mean30_y, mean20_dxdz, mean50_dydz, mean15_x, mean15_y, mean10_dxdz, mean25_dydz, wmean30_x, wmean30_y, wmean20_dxdz, wmean50_dydz, wmean15_x, wmean15_y, wmean10_dxdz, wmean25_dydz, stdev30_x, stdev30_y, stdev20_dxdz, stdev50_dydz, stdev15_x, stdev15_y, stdev10_dxdz, stdev25_dydz

    def __repr__(self):
        return "<Report %s %s %s>" % (self.postal_address[0], " ".join(map(str, self.postal_address[1:])), self.status)

reports.append(Report(574914560, ("DT", -2, 1, 1), "MBwhAst1sec01"))
reports[-1].posNum = 40792
reports[-1].negNum = 0
reports[-1].fittype = "6DOF"
reports[-1].add_parameters(ValErr(-0.0867371, 0.00434714, 0), \
                           ValErr(0.171105, 0.035548, 0), \
                           ValErr(0.0328883, 0.0288201, 0), \
                           ValErr(-2.91706e-05, 9.85648e-05, 0), \
                           ValErr(0.000111729, 0.00010459, 0), \
                           ValErr(1.3838e-06, 7.04674e-05, 0), \
                           -99627.6, 40792, 40792, -nan)
reports[-1].sigmax = ValErr(0.675956, 0.00236656, 0)
reports[-1].sigmay = ValErr(0.996089, 0.00348736, 0)
reports[-1].sigmadxdz = ValErr(0, 0, 0)
reports[-1].sigmadydz = ValErr(0, 0, 0)
reports[-1].add_stats(-0.0868571, 0.213944, 0.000111963, -0.00237104, -0.0843266, 0.210925, 0.000112379, -0.00138511, -0.0843266, 0.210925, 0.000112379, -0.00138511, -0.0807759, 0.215357, 9.89587e-05, -0.00148979, -0.0807759, 0.215357, 9.89587e-05, -0.00148979, 0.675964, 0.996111, 0.00346952, 0.0313035, 0.675964, 0.996111, 0.00346952, 0.0313035)
reports[-1].CovMatrix = ['1.88976e-05','8.97242e-05','-7.35042e-05','1.29334e-07','-3.67031e-08','-6.53204e-08','1.65399e-08','-9.14982e-09','0','0','0','0','8.97242e-05','0.00126366','-0.00101376','1.86129e-06','-2.47654e-07','7.33031e-08','1.30421e-07','-4.70536e-08','0','0','0','0','-7.35042e-05','-0.00101376','0.000830599','-1.4258e-06','1.95841e-07','-5.28589e-08','-1.07425e-07','5.43993e-08','0','0','0','0','1.29334e-07','1.86129e-06','-1.4258e-06','9.71502e-09','-2.29649e-10','6.51945e-10','1.64659e-10','2.70664e-10','0','0','0','0','-3.67031e-08','-2.47654e-07','1.95841e-07','-2.29649e-10','1.09391e-08','4.00233e-09','2.72419e-10','8.28872e-11','0','0','0','0','-6.53204e-08','7.33031e-08','-5.28589e-08','6.51945e-10','4.00233e-09','4.96565e-09','3.11402e-11','2.87517e-10','0','0','0','0','1.65399e-08','1.30421e-07','-1.07425e-07','1.64659e-10','2.72419e-10','3.11402e-11','5.6006e-06','-1.20743e-11','0','0','0','0','-9.14982e-09','-4.70536e-08','5.43993e-08','2.70664e-10','8.28872e-11','2.87517e-10','-1.20743e-11','1.21617e-05','0','0','0','0','0','0','0','0','0','0','0','0','0','0','0','0','0','0','0','0','0','0','0','0','0','0','0','0','0','0','0','0','0','0','0','0','0','0','0','0','0','0','0','0','0','0','0','0','0','0','0','0']

reports.append(Report(575176704, ("DT", -2, 1, 2), "MBwhAst1sec02"))
reports[-1].posNum = 26602
reports[-1].negNum = 0
reports[-1].fittype = "6DOF"
reports[-1].add_parameters(ValErr(0.0188575, 0.00532695, 0), \
                           ValErr(0.0065846, 0.0440371, 0), \
                           ValErr(-0.0604281, 0.0356496, 0), \
                           ValErr(3.83524e-05, 0.000118146, 0), \
                           ValErr(0.00035831, 0.000131605, 0), \
                           ValErr(7.89641e-05, 8.38622e-05, 0), \
                           -64849.1, 26602, 26602, -nan)
reports[-1].sigmax = ValErr(0.671007, 0.00290907, 0)
reports[-1].sigmay = ValErr(0.998851, 0.00433042, 0)
reports[-1].sigmadxdz = ValErr(0, 0, 0)
reports[-1].sigmadydz = ValErr(0, 0, 0)
reports[-1].add_stats(0.0114059, -0.0683439, 0.000899115, -0.00305178, 0.0139324, -0.0646701, 0.000915728, -0.00163315, 0.0139324, -0.0646701, 0.000915728, -0.00163315, 0.0144373, -0.0690659, 0.000905583, -0.00172492, 0.0144373, -0.0690659, 0.000905583, -0.00172492, 0.671062, 0.998992, 0.00343499, 0.0330495, 0.671062, 0.998992, 0.00343499, 0.0330495)
reports[-1].CovMatrix = ['2.83764e-05','0.000129256','-0.00010592','1.81718e-07','-7.86491e-08','-1.24936e-07','1.23986e-08','2.65148e-09','0','0','0','0','0.000129256','0.00193926','-0.00155271','2.81719e-06','-4.87822e-07','6.13609e-08','1.03858e-08','2.07206e-07','0','0','0','0','-0.00010592','-0.00155271','0.0012709','-2.12836e-06','3.61767e-07','-3.72415e-08','-1.01464e-08','-1.42969e-07','0','0','0','0','1.81718e-07','2.81719e-06','-2.12836e-06','1.39586e-08','-3.71002e-10','8.01691e-10','-1.7155e-11','8.11618e-10','0','0','0','0','-7.86491e-08','-4.87822e-07','3.61767e-07','-3.71002e-10','1.732e-08','5.75323e-09','2.67645e-10','3.0119e-10','0','0','0','0','-1.24936e-07','6.13609e-08','-3.72415e-08','8.01691e-10','5.75323e-09','7.03287e-09','-5.66738e-11','5.41672e-10','0','0','0','0','1.23986e-08','1.03858e-08','-1.01464e-08','-1.7155e-11','2.67645e-10','-5.66738e-11','8.46271e-06','-6.65404e-12','0','0','0','0','2.65148e-09','2.07206e-07','-1.42969e-07','8.11618e-10','3.0119e-10','5.41672e-10','-6.65404e-12','1.87525e-05','0','0','0','0','0','0','0','0','0','0','0','0','0','0','0','0','0','0','0','0','0','0','0','0','0','0','0','0','0','0','0','0','0','0','0','0','0','0','0','0','0','0','0','0','0','0','0','0','0','0','0','0']

reports.append(Report(575438848, ("DT", -2, 1, 3), "MBwhAst1sec03"))
reports[-1].posNum = 29568
reports[-1].negNum = 0
reports[-1].fittype = "6DOF"
reports[-1].add_parameters(ValErr(-0.0221479, 0.005307, 0), \
                           ValErr(-0.0514124, 0.0405922, 0), \
                           ValErr(-0.0386254, 0.0329506, 0), \
                           ValErr(-2.94063e-05, 0.000112569, 0), \
                           ValErr(0.000148595, 0.000119601, 0), \
                           ValErr(-0.000102967, 8.13166e-05, 0), \
                           -71726.5, 29568, 29568, -nan)
reports[-1].sigmax = ValErr(0.670305, 0.00275643, 0)
reports[-1].sigmay = ValErr(0.988033, 0.00406299, 0)
reports[-1].sigmadxdz = ValErr(0, 0, 0)
reports[-1].sigmadydz = ValErr(0, 0, 0)
reports[-1].add_stats(-0.0310526, -0.103967, 0.00010091, -0.00271619, -0.0289724, -0.0970881, 0.000102715, -0.00167303, -0.0289724, -0.0970881, 0.000102715, -0.00167303, -0.0267511, -0.0953194, 9.98239e-05, -0.00174396, -0.0267511, -0.0953194, 9.98239e-05, -0.00174396, 0.670337, 0.988146, 0.00344068, 0.032399, 0.670337, 0.988146, 0.00344068, 0.032399)
reports[-1].CovMatrix = ['2.81643e-05','0.000129891','-0.000106436','1.81759e-07','-7.72631e-08','-1.20117e-07','1.52595e-08','-1.65958e-09','0','0','0','0','0.000129891','0.00164772','-0.00132215','2.40239e-06','-3.77913e-07','2.11092e-08','1.08155e-07','4.11209e-08','0','0','0','0','-0.000106436','-0.00132215','0.00108574','-1.79934e-06','3.40894e-07','-3.00788e-09','-8.61479e-08','-1.33754e-08','0','0','0','0','1.81759e-07','2.40239e-06','-1.79934e-06','1.26717e-08','-6.4452e-11','8.43482e-10','2.70542e-10','3.35182e-10','0','0','0','0','-7.72631e-08','-3.77913e-07','3.40894e-07','-6.4452e-11','1.43045e-08','5.35788e-09','2.60076e-10','2.84446e-10','0','0','0','0','-1.20117e-07','2.11092e-08','-3.00788e-09','8.43482e-10','5.35788e-09','6.61239e-09','1.4071e-10','2.29369e-10','0','0','0','0','1.52595e-08','1.08155e-07','-8.61479e-08','2.70542e-10','2.60076e-10','1.4071e-10','7.5979e-06','1.11102e-11','0','0','0','0','-1.65958e-09','4.11209e-08','-1.33754e-08','3.35182e-10','2.84446e-10','2.29369e-10','1.11102e-11','1.65079e-05','0','0','0','0','0','0','0','0','0','0','0','0','0','0','0','0','0','0','0','0','0','0','0','0','0','0','0','0','0','0','0','0','0','0','0','0','0','0','0','0','0','0','0','0','0','0','0','0','0','0','0','0']

reports.append(Report(575700992, ("DT", -2, 1, 4), "MBwhAst1sec04"))
reports[-1].posNum = 41487
reports[-1].negNum = 0
reports[-1].fittype = "6DOF"
reports[-1].add_parameters(ValErr(-0.106886, 0.00424315, 0), \
                           ValErr(0.0846574, 0.0365008, 0), \
                           ValErr(-0.0473375, 0.0295353, 0), \
                           ValErr(0.000134359, 9.78208e-05, 0), \
                           ValErr(-4.98449e-05, 0.000106166, 0), \
                           ValErr(0.000372284, 6.91164e-05, 0), \
                           -101950, 41487, 41487, -nan)
reports[-1].sigmax = ValErr(0.67844, 0.00235527, 0)
reports[-1].sigmay = ValErr(1.0075, 0.00349765, 0)
reports[-1].sigmadxdz = ValErr(0, 0, 0)
reports[-1].sigmadydz = ValErr(0, 0, 0)
reports[-1].add_stats(-0.109098, 0.0230451, 0.000550064, -0.00302016, -0.104998, 0.0245498, 0.000563419, -0.00220925, -0.104998, 0.0245498, 0.000563419, -0.00220925, -0.106058, 0.0232174, 0.000568904, -0.00223402, -0.106058, 0.0232174, 0.000568904, -0.00223402, 0.678698, 1.00767, 0.003455, 0.0345569, 0.678698, 1.00767, 0.003455, 0.0345569)
reports[-1].CovMatrix = ['1.80043e-05','8.89557e-05','-7.27899e-05','1.28341e-07','-2.61157e-08','-5.04836e-08','1.05227e-08','-8.575e-11','0','0','0','0','8.89557e-05','0.00133231','-0.00106753','1.94016e-06','-2.6938e-07','9.24529e-08','4.29925e-08','8.32844e-08','0','0','0','0','-7.27899e-05','-0.00106753','0.000872335','-1.50846e-06','1.9095e-07','-7.02099e-08','-3.47341e-08','-5.54029e-08','0','0','0','0','1.28341e-07','1.94016e-06','-1.50846e-06','9.56891e-09','-3.12396e-10','6.26608e-10','1.74817e-10','2.32748e-10','0','0','0','0','-2.61157e-08','-2.6938e-07','1.9095e-07','-3.12396e-10','1.12711e-08','3.85283e-09','1.99863e-10','1.75157e-10','0','0','0','0','-5.04836e-08','9.24529e-08','-7.02099e-08','6.26608e-10','3.85283e-09','4.77708e-09','-3.11684e-11','3.7328e-10','0','0','0','0','1.05227e-08','4.29925e-08','-3.47341e-08','1.74817e-10','1.99863e-10','-3.11684e-11','5.54731e-06','-1.91398e-12','0','0','0','0','-8.575e-11','8.32844e-08','-5.54029e-08','2.32748e-10','1.75157e-10','3.7328e-10','-1.91398e-12','1.22336e-05','0','0','0','0','0','0','0','0','0','0','0','0','0','0','0','0','0','0','0','0','0','0','0','0','0','0','0','0','0','0','0','0','0','0','0','0','0','0','0','0','0','0','0','0','0','0','0','0','0','0','0','0']

reports.append(Report(575963136, ("DT", -2, 1, 5), "MBwhAst1sec05"))
reports[-1].posNum = 37220
reports[-1].negNum = 0
reports[-1].fittype = "6DOF"
reports[-1].add_parameters(ValErr(0.0214522, 0.00464475, 0), \
                           ValErr(0.0186618, 0.0378718, 0), \
                           ValErr(-0.0521468, 0.0307485, 0), \
                           ValErr(-0.00024197, 0.000100931, 0), \
                           ValErr(0.000120423, 0.000110651, 0), \
                           ValErr(-0.000151684, 7.10946e-05, 0), \
                           -90361.2, 37220, 37220, -nan)
reports[-1].sigmax = ValErr(0.669308, 0.00245315, 0)
reports[-1].sigmay = ValErr(0.991432, 0.00363379, 0)
reports[-1].sigmadxdz = ValErr(0, 0, 0)
reports[-1].sigmadydz = ValErr(0, 0, 0)
reports[-1].add_stats(0.0129389, -0.0335504, -0.000141599, -0.000967536, 0.0137317, -0.0399178, -0.000128464, -0.00104384, 0.0137317, -0.0399178, -0.000128464, -0.00104384, 0.0141211, -0.0415965, -0.000130936, -0.00121307, 0.0141211, -0.0415965, -0.000130936, -0.00121307, 0.669365, 0.991723, 0.00343054, 0.0340986, 0.669365, 0.991723, 0.00343054, 0.0340986)
reports[-1].CovMatrix = ['2.15737e-05','0.000108534','-8.89345e-05','1.55304e-07','-4.44741e-08','-7.13347e-08','1.21914e-08','-2.79117e-10','0','0','0','0','0.000108534','0.00143427','-0.00115297','2.08851e-06','-3.85198e-07','-1.61897e-08','8.58033e-08','3.34123e-08','0','0','0','0','-8.89345e-05','-0.00115297','0.000945467','-1.61693e-06','3.2844e-07','2.14704e-08','-6.84281e-08','-1.38288e-08','0','0','0','0','1.55304e-07','2.08851e-06','-1.61693e-06','1.01871e-08','-2.81387e-11','5.87259e-10','2.66487e-10','1.6066e-10','0','0','0','0','-4.44741e-08','-3.85198e-07','3.2844e-07','-2.81387e-11','1.22437e-08','4.08798e-09','3.93152e-11','4.7159e-10','0','0','0','0','-7.13347e-08','-1.61897e-08','2.14704e-08','5.87259e-10','4.08798e-09','5.05444e-09','6.86617e-11','2.29143e-10','0','0','0','0','1.21914e-08','8.58033e-08','-6.84281e-08','2.66487e-10','3.93152e-11','6.86617e-11','6.01794e-06','6.4667e-12','0','0','0','0','-2.79117e-10','3.34123e-08','-1.38288e-08','1.6066e-10','4.7159e-10','2.29143e-10','6.4667e-12','1.32044e-05','0','0','0','0','0','0','0','0','0','0','0','0','0','0','0','0','0','0','0','0','0','0','0','0','0','0','0','0','0','0','0','0','0','0','0','0','0','0','0','0','0','0','0','0','0','0','0','0','0','0','0','0']

reports.append(Report(576225280, ("DT", -2, 1, 6), "MBwhAst1sec06"))
reports[-1].posNum = 31350
reports[-1].negNum = 0
reports[-1].fittype = "6DOF"
reports[-1].add_parameters(ValErr(0.0115863, 0.00536727, 0), \
                           ValErr(-0.0852605, 0.0405709, 0), \
                           ValErr(0.114906, 0.0329152, 0), \
                           ValErr(0.000234197, 0.00011064, 0), \
                           ValErr(0.000171511, 0.000120005, 0), \
                           ValErr(1.68028e-05, 7.98295e-05, 0), \
                           -76283.9, 31350, 31350, -nan)
reports[-1].sigmax = ValErr(0.672999, 0.0026877, 0)
reports[-1].sigmay = ValErr(0.991472, 0.00395957, 0)
reports[-1].sigmadxdz = ValErr(0, 0, 0)
reports[-1].sigmadydz = ValErr(0, 0, 0)
reports[-1].add_stats(0.021697, 0.0498164, -6.33418e-05, -0.00332905, 0.0221575, 0.0446175, -8.14691e-05, -0.00257036, 0.0221575, 0.0446175, -8.14691e-05, -0.00257036, 0.0209049, 0.044126, -7.4897e-05, -0.00267812, 0.0209049, 0.044126, -7.4897e-05, -0.00267812, 0.673089, 0.991857, 0.00344056, 0.0322759, 0.673089, 0.991857, 0.00344056, 0.0322759)
reports[-1].CovMatrix = ['2.88076e-05','0.00013794','-0.000112838','1.90781e-07','-8.56714e-08','-1.25852e-07','1.15655e-08','4.15634e-09','0','0','0','0','0.00013794','0.001646','-0.00132055','2.38459e-06','-4.28736e-07','-4.73626e-08','4.67288e-08','1.32158e-07','0','0','0','0','-0.000112838','-0.00132055','0.00108341','-1.78328e-06','4.07731e-07','5.44462e-08','-3.50678e-08','-8.87562e-08','0','0','0','0','1.90781e-07','2.38459e-06','-1.78328e-06','1.22412e-08','1.30398e-10','7.86112e-10','1.62917e-10','4.85471e-10','0','0','0','0','-8.56714e-08','-4.28736e-07','4.07731e-07','1.30398e-10','1.44012e-08','5.18415e-09','3.80425e-10','1.00684e-10','0','0','0','0','-1.25852e-07','-4.73626e-08','5.44462e-08','7.86112e-10','5.18415e-09','6.37276e-09','8.87147e-11','2.75414e-10','0','0','0','0','1.15655e-08','4.67288e-08','-3.50678e-08','1.62917e-10','3.80425e-10','8.87147e-11','7.22372e-06','6.84621e-12','0','0','0','0','4.15634e-09','1.32158e-07','-8.87562e-08','4.85471e-10','1.00684e-10','2.75414e-10','6.84621e-12','1.56782e-05','0','0','0','0','0','0','0','0','0','0','0','0','0','0','0','0','0','0','0','0','0','0','0','0','0','0','0','0','0','0','0','0','0','0','0','0','0','0','0','0','0','0','0','0','0','0','0','0','0','0','0','0']

reports.append(Report(576487424, ("DT", -2, 1, 7), "MBwhAst1sec07"))
reports[-1].posNum = 42834
reports[-1].negNum = 0
reports[-1].fittype = "6DOF"
reports[-1].add_parameters(ValErr(-0.0399829, 0.00424665, 0), \
                           ValErr(0.0522715, 0.0355586, 0), \
                           ValErr(0.119897, 0.0288259, 0), \
                           ValErr(-2.26818e-05, 9.77582e-05, 0), \
                           ValErr(0.000262876, 0.000105028, 0), \
                           ValErr(-0.000170861, 6.99566e-05, 0), \
                           -104577, 42834, 42834, -nan)
reports[-1].sigmax = ValErr(0.675973, 0.00230951, 0)
reports[-1].sigmay = ValErr(0.995192, 0.00340015, 0)
reports[-1].sigmadxdz = ValErr(0, 0, 0)
reports[-1].sigmadydz = ValErr(0, 0, 0)
reports[-1].add_stats(-0.034709, 0.201918, 0.000194922, -0.0013279, -0.0338115, 0.196657, 0.000203408, -0.00160822, -0.0338115, 0.196657, 0.000203408, -0.00160822, -0.0294807, 0.194634, 0.00017947, -0.00167594, -0.0294807, 0.194634, 0.00017947, -0.00167594, 0.676123, 0.995515, 0.00345181, 0.0320553, 0.676123, 0.995515, 0.00345181, 0.0320553)
reports[-1].CovMatrix = ['1.8034e-05','8.8246e-05','-7.22825e-05','1.2675e-07','-3.69586e-08','-6.28065e-08','8.86546e-09','1.48718e-09','0','0','0','0','8.8246e-05','0.00126441','-0.00101484','1.8534e-06','-2.6843e-07','5.8265e-08','5.21919e-08','6.37133e-08','0','0','0','0','-7.22825e-05','-0.00101484','0.000830932','-1.42485e-06','2.07059e-07','-4.07947e-08','-4.12537e-08','-4.03931e-08','0','0','0','0','1.2675e-07','1.8534e-06','-1.42485e-06','9.55667e-09','-1.85434e-10','6.18168e-10','1.95839e-10','2.06826e-10','0','0','0','0','-3.69586e-08','-2.6843e-07','2.07059e-07','-1.85434e-10','1.10309e-08','3.97648e-09','1.22333e-10','2.87004e-10','0','0','0','0','-6.28065e-08','5.8265e-08','-4.07947e-08','6.18168e-10','3.97648e-09','4.89393e-09','7.61164e-11','2.0878e-10','0','0','0','0','8.86546e-09','5.21919e-08','-4.12537e-08','1.95839e-10','1.22333e-10','7.61164e-11','5.33384e-06','8.35362e-12','0','0','0','0','1.48718e-09','6.37133e-08','-4.03931e-08','2.06826e-10','2.87004e-10','2.0878e-10','8.35362e-12','1.1561e-05','0','0','0','0','0','0','0','0','0','0','0','0','0','0','0','0','0','0','0','0','0','0','0','0','0','0','0','0','0','0','0','0','0','0','0','0','0','0','0','0','0','0','0','0','0','0','0','0','0','0','0','0']

reports.append(Report(576749568, ("DT", -2, 1, 8), "MBwhAst1sec08"))
reports[-1].posNum = 38457
reports[-1].negNum = 0
reports[-1].fittype = "6DOF"
reports[-1].add_parameters(ValErr(0.0288422, 0.00444426, 0), \
                           ValErr(0.053351, 0.0373193, 0), \
                           ValErr(-0.0295072, 0.030267, 0), \
                           ValErr(-9.15128e-05, 0.000101502, 0), \
                           ValErr(0.000421177, 0.000110025, 0), \
                           ValErr(-1.12091e-05, 7.172e-05, 0), \
                           -93851.9, 38457, 38457, -nan)
reports[-1].sigmax = ValErr(0.671445, 0.00242119, 0)
reports[-1].sigmay = ValErr(1.00088, 0.00361036, 0)
reports[-1].sigmadxdz = ValErr(0, 0, 0)
reports[-1].sigmadydz = ValErr(0, 0, 0)
reports[-1].add_stats(0.0240135, 0.0312245, 0.000878356, -0.00145036, 0.0243561, 0.0209735, 0.000886515, -0.00110798, 0.0243561, 0.0209735, 0.000886515, -0.00110798, 0.0262227, 0.0210443, 0.000877278, -0.0011253, 0.0262227, 0.0210443, 0.000877278, -0.0011253, 0.671465, 1.00119, 0.00344591, 0.0335254, 0.671465, 1.00119, 0.00344591, 0.0335254)
reports[-1].CovMatrix = ['1.97515e-05','9.59593e-05','-7.86978e-05','1.36028e-07','-4.63156e-08','-7.70077e-08','-4.35408e-09','5.70794e-09','0','0','0','0','9.59593e-05','0.00139273','-0.00111802','2.02233e-06','-3.75106e-07','-2.79461e-08','-7.81901e-08','7.42986e-08','0','0','0','0','-7.86978e-05','-0.00111802','0.000916093','-1.55277e-06','2.95045e-07','3.1911e-08','6.73864e-08','-7.74859e-08','0','0','0','0','1.36028e-07','2.02233e-06','-1.55277e-06','1.03026e-08','8.72612e-11','5.63058e-10','-3.86014e-11','-1.8281e-10','0','0','0','0','-4.63156e-08','-3.75106e-07','2.95045e-07','8.72612e-11','1.21056e-08','4.19504e-09','-5.19928e-11','-3.86493e-11','0','0','0','0','-7.70077e-08','-2.79461e-08','3.1911e-08','5.63058e-10','4.19504e-09','5.14376e-09','-9.61185e-11','2.724e-11','0','0','0','0','-4.35408e-09','-7.81901e-08','6.73864e-08','-3.86014e-11','-5.19928e-11','-9.61185e-11','5.86218e-06','-8.08133e-10','0','0','0','0','5.70794e-09','7.42986e-08','-7.74859e-08','-1.8281e-10','-3.86493e-11','2.724e-11','-8.08133e-10','1.30347e-05','0','0','0','0','0','0','0','0','0','0','0','0','0','0','0','0','0','0','0','0','0','0','0','0','0','0','0','0','0','0','0','0','0','0','0','0','0','0','0','0','0','0','0','0','0','0','0','0','0','0','0','0']

reports.append(Report(577011712, ("DT", -2, 1, 9), "MBwhAst1sec09"))
reports[-1].posNum = 25020
reports[-1].negNum = 0
reports[-1].fittype = "6DOF"
reports[-1].add_parameters(ValErr(-0.0448152, 0.00532234, 0), \
                           ValErr(-0.0469432, 0.0450093, 0), \
                           ValErr(-0.00429815, 0.0364836, 0), \
                           ValErr(0.000222993, 0.000121922, 0), \
                           ValErr(3.40483e-05, 0.000130155, 0), \
                           ValErr(0.000114268, 8.68515e-05, 0), \
                           -60918.4, 25020, 25020, -nan)
reports[-1].sigmax = ValErr(0.674083, 0.00301338, 0)
reports[-1].sigmay = ValErr(0.99135, 0.00443168, 0)
reports[-1].sigmadxdz = ValErr(0, 0, 0)
reports[-1].sigmadydz = ValErr(0, 0, 0)
reports[-1].add_stats(-0.0471635, -0.0516865, 0.000100231, -0.00330542, -0.0438454, -0.0554657, 8.74781e-05, -0.00214237, -0.0438454, -0.0554657, 8.74781e-05, -0.00214237, -0.0435035, -0.0585904, 8.6454e-05, -0.00233161, -0.0435035, -0.0585904, 8.6454e-05, -0.00233161, 0.6741, 0.991441, 0.00345024, 0.0333352, 0.6741, 0.991441, 0.00345024, 0.0333352)
reports[-1].CovMatrix = ['2.83273e-05','0.000131403','-0.000107794','1.9203e-07','-3.10009e-08','-7.40247e-08','9.82508e-09','9.91029e-09','0','0','0','0','0.000131403','0.00202584','-0.00162506','2.98645e-06','-2.5984e-07','2.87616e-07','-5.24515e-09','2.42858e-07','0','0','0','0','-0.000107794','-0.00162506','0.00133106','-2.31781e-06','1.57548e-07','-2.28151e-07','7.15307e-09','-1.81857e-07','0','0','0','0','1.9203e-07','2.98645e-06','-2.31781e-06','1.4865e-08','-7.41961e-10','1.15346e-09','2.62692e-10','3.84849e-10','0','0','0','0','-3.10009e-08','-2.5984e-07','1.57548e-07','-7.41961e-10','1.69404e-08','6.02382e-09','8.49387e-11','6.08805e-10','0','0','0','0','-7.40247e-08','2.87616e-07','-2.28151e-07','1.15346e-09','6.02382e-09','7.54319e-09','1.34822e-11','5.17971e-10','0','0','0','0','9.82508e-09','-5.24515e-09','7.15307e-09','2.62692e-10','8.49387e-11','1.34822e-11','9.08044e-06','2.46513e-12','0','0','0','0','9.91029e-09','2.42858e-07','-1.81857e-07','3.84849e-10','6.08805e-10','5.17971e-10','2.46513e-12','1.96398e-05','0','0','0','0','0','0','0','0','0','0','0','0','0','0','0','0','0','0','0','0','0','0','0','0','0','0','0','0','0','0','0','0','0','0','0','0','0','0','0','0','0','0','0','0','0','0','0','0','0','0','0','0']

reports.append(Report(577273856, ("DT", -2, 1, 10), "MBwhAst1sec10"))
reports[-1].posNum = 27600
reports[-1].negNum = 0
reports[-1].fittype = "6DOF"
reports[-1].add_parameters(ValErr(0.0344602, 0.00499063, 0), \
                           ValErr(0.0430216, 0.0440194, 0), \
                           ValErr(0.0475621, 0.0357482, 0), \
                           ValErr(-0.000291342, 0.000113126, 0), \
                           ValErr(0.000121544, 0.000125152, 0), \
                           ValErr(0.000188713, 7.77447e-05, 0), \
                           -66935.3, 27600, 27600, -nan)
reports[-1].sigmax = ValErr(0.66607, 0.00283499, 0)
reports[-1].sigmay = ValErr(0.993695, 0.00422945, 0)
reports[-1].sigmadxdz = ValErr(0, 0, 0)
reports[-1].sigmadydz = ValErr(0, 0, 0)
reports[-1].add_stats(0.0400229, 0.10169, 7.51159e-05, -0.00157715, 0.0400042, 0.102056, 7.20282e-05, 9.83142e-05, 0.0400042, 0.102056, 7.20282e-05, 9.83142e-05, 0.0414378, 0.102943, 6.07628e-05, 0.000187768, 0.0414378, 0.102943, 6.07628e-05, 0.000187768, 0.666194, 0.99377, 0.00339803, 0.033159, 0.666194, 0.99377, 0.00339803, 0.033159)
reports[-1].CovMatrix = ['2.49064e-05','0.000125772','-0.000103323','1.86013e-07','3.90961e-09','-2.39137e-08','8.20509e-09','1.2381e-08','0','0','0','0','0.000125772','0.00193771','-0.00155874','2.82402e-06','-3.04788e-07','2.21255e-07','2.69092e-08','1.70789e-07','0','0','0','0','-0.000103323','-0.00155874','0.00127793','-2.26944e-06','1.96526e-07','-1.7911e-07','-1.86405e-08','-1.29089e-07','0','0','0','0','1.86013e-07','2.82402e-06','-2.26944e-06','1.27975e-08','-5.50823e-10','9.55818e-10','5.40375e-10','-1.66263e-10','0','0','0','0','3.90961e-09','-3.04788e-07','1.96526e-07','-5.50823e-10','1.56631e-08','4.85624e-09','-3.32768e-11','7.10211e-10','0','0','0','0','-2.39137e-08','2.21255e-07','-1.7911e-07','9.55818e-10','4.85624e-09','6.04425e-09','2.3786e-10','1.02209e-10','0','0','0','0','8.20509e-09','2.69092e-08','-1.86405e-08','5.40375e-10','-3.32768e-11','2.3786e-10','8.03715e-06','-2.70644e-11','0','0','0','0','1.2381e-08','1.70789e-07','-1.29089e-07','-1.66263e-10','7.10211e-10','1.02209e-10','-2.70644e-11','1.78883e-05','0','0','0','0','0','0','0','0','0','0','0','0','0','0','0','0','0','0','0','0','0','0','0','0','0','0','0','0','0','0','0','0','0','0','0','0','0','0','0','0','0','0','0','0','0','0','0','0','0','0','0','0']

reports.append(Report(577536000, ("DT", -2, 1, 11), "MBwhAst1sec11"))
reports[-1].posNum = 28711
reports[-1].negNum = 0
reports[-1].fittype = "6DOF"
reports[-1].add_parameters(ValErr(0.050651, 0.00527628, 0), \
                           ValErr(0.0725239, 0.0444362, 0), \
                           ValErr(-0.0146084, 0.0360264, 0), \
                           ValErr(0.000275521, 0.000113749, 0), \
                           ValErr(-0.000363964, 0.000127039, 0), \
                           ValErr(-8.85757e-05, 7.97454e-05, 0), \
                           -70354.3, 28711, 28711, -nan)
reports[-1].sigmax = ValErr(0.677025, 0.00282531, 0)
reports[-1].sigmay = ValErr(1.0026, 0.00418398, 0)
reports[-1].sigmadxdz = ValErr(0, 0, 0)
reports[-1].sigmadydz = ValErr(0, 0, 0)
reports[-1].add_stats(0.0486184, 0.05552, -0.000594494, -0.00287348, 0.0499167, 0.0537893, -0.000603992, -0.0023052, 0.0499167, 0.0537893, -0.000603992, -0.0023052, 0.0491685, 0.0496502, -0.000602444, -0.00246213, 0.0491685, 0.0496502, -0.000602444, -0.00246213, 0.67705, 1.00285, 0.00346791, 0.034021, 0.67705, 1.00285, 0.00346791, 0.034021)
reports[-1].CovMatrix = ['2.78392e-05','0.00014885','-0.000121674','2.16049e-07','-7.22712e-09','-2.95128e-08','1.73194e-08','1.46152e-09','0','0','0','0','0.00014885','0.00197458','-0.00158649','2.82518e-06','-4.37588e-07','7.52762e-08','1.13372e-07','4.41974e-08','0','0','0','0','-0.000121674','-0.00158649','0.0012979','-2.27022e-06','3.78302e-07','-5.79147e-08','-9.09315e-08','-2.10677e-08','0','0','0','0','2.16049e-07','2.82518e-06','-2.27022e-06','1.29388e-08','-7.87946e-11','9.31701e-10','4.86946e-10','-5.67328e-11','0','0','0','0','-7.22712e-09','-4.37588e-07','3.78302e-07','-7.87946e-11','1.6139e-08','5.11642e-09','3.50236e-10','2.08816e-10','0','0','0','0','-2.95128e-08','7.52762e-08','-5.79147e-08','9.31701e-10','5.11642e-09','6.35933e-09','2.08377e-10','1.5417e-10','0','0','0','0','1.73194e-08','1.13372e-07','-9.09315e-08','4.86946e-10','3.50236e-10','2.08377e-10','7.98236e-06','4.16188e-12','0','0','0','0','1.46152e-09','4.41974e-08','-2.10677e-08','-5.67328e-11','2.08816e-10','1.5417e-10','4.16188e-12','1.75057e-05','0','0','0','0','0','0','0','0','0','0','0','0','0','0','0','0','0','0','0','0','0','0','0','0','0','0','0','0','0','0','0','0','0','0','0','0','0','0','0','0','0','0','0','0','0','0','0','0','0','0','0','0']

reports.append(Report(577798144, ("DT", -2, 1, 12), "MBwhAst1sec12"))
reports[-1].posNum = 36660
reports[-1].negNum = 0
reports[-1].fittype = "6DOF"
reports[-1].add_parameters(ValErr(-0.012965, 0.00463374, 0), \
                           ValErr(0.0874485, 0.0387376, 0), \
                           ValErr(0.0339105, 0.0314376, 0), \
                           ValErr(2.40733e-05, 0.00010353, 0), \
                           ValErr(0.000454247, 0.000112643, 0), \
                           ValErr(0.000338739, 7.34019e-05, 0), \
                           -89512, 36660, 36660, -nan)
reports[-1].sigmax = ValErr(0.675584, 0.002495, 0)
reports[-1].sigmay = ValErr(0.995989, 0.0036783, 0)
reports[-1].sigmadxdz = ValErr(0, 0, 0)
reports[-1].sigmadydz = ValErr(0, 0, 0)
reports[-1].add_stats(-0.00505973, 0.135604, 0.000768082, -0.00329331, -0.0057143, 0.127713, 0.000749679, -0.00146492, -0.0057143, 0.127713, 0.000749679, -0.00146492, -0.00408126, 0.129155, 0.000746536, -0.0015805, -0.00408126, 0.129155, 0.000746536, -0.0015805, 0.675792, 0.996037, 0.00344524, 0.0319068, 0.675792, 0.996037, 0.00344524, 0.0319068)
reports[-1].CovMatrix = ['2.14715e-05','0.000105637','-8.65942e-05','1.51373e-07','-4.67463e-08','-7.73509e-08','1.62103e-08','-6.53597e-09','0','0','0','0','0.000105637','0.0015006','-0.00120582','2.19876e-06','-3.14851e-07','6.40459e-08','1.16232e-07','1.06132e-10','0','0','0','0','-8.65942e-05','-0.00120582','0.000988325','-1.69106e-06','2.48122e-07','-4.413e-08','-1.03861e-07','2.93566e-08','0','0','0','0','1.51373e-07','2.19876e-06','-1.69106e-06','1.07185e-08','-2.0323e-10','6.7946e-10','-4.03207e-10','1.17715e-09','0','0','0','0','-4.67463e-08','-3.14851e-07','2.48122e-07','-2.0323e-10','1.26884e-08','4.3703e-09','2.23348e-10','2.0505e-10','0','0','0','0','-7.73509e-08','6.40459e-08','-4.413e-08','6.7946e-10','4.3703e-09','5.38784e-09','-9.37976e-12','3.67773e-10','0','0','0','0','1.62103e-08','1.16232e-07','-1.03861e-07','-4.03207e-10','2.23348e-10','-9.37976e-12','6.22501e-06','-9.42523e-11','0','0','0','0','-6.53597e-09','1.06132e-10','2.93566e-08','1.17715e-09','2.0505e-10','3.67773e-10','-9.42523e-11','1.35299e-05','0','0','0','0','0','0','0','0','0','0','0','0','0','0','0','0','0','0','0','0','0','0','0','0','0','0','0','0','0','0','0','0','0','0','0','0','0','0','0','0','0','0','0','0','0','0','0','0','0','0','0','0']

reports.append(Report(579108864, ("DT", -2, 2, 1), "MBwhAst2sec01"))
reports[-1].posNum = 49437
reports[-1].negNum = 0
reports[-1].fittype = "6DOF"
reports[-1].add_parameters(ValErr(-0.101467, 0.00430991, 0), \
                           ValErr(0.0700968, 0.0339913, 0), \
                           ValErr(0.00941769, 0.0326057, 0), \
                           ValErr(-3.68211e-05, 0.000123887, 0), \
                           ValErr(0.000320454, 0.000118179, 0), \
                           ValErr(-7.00949e-05, 8.33123e-05, 0), \
                           -144280, 49437, 49437, -nan)
reports[-1].sigmax = ValErr(0.891642, 0.00283563, 0)
reports[-1].sigmay = ValErr(1.21566, 0.00386609, 0)
reports[-1].sigmadxdz = ValErr(0, 0, 0)
reports[-1].sigmadydz = ValErr(0, 0, 0)
reports[-1].add_stats(-0.109547, 0.0854987, 0.00022184, 0.000248808, -0.104985, 0.080122, 0.000229349, -0.00065575, -0.104985, 0.080122, 0.000229349, -0.00065575, -0.108889, 0.0833023, 0.000250453, -0.000666774, -0.108889, 0.0833023, 0.000250453, -0.000666774, 0.891665, 1.21588, 0.00371483, 0.0259958, 0.891665, 1.21588, 0.00371483, 0.0259958)
reports[-1].CovMatrix = ['1.85754e-05','-4.70776e-05','4.57149e-05','-8.18148e-08','1.62907e-08','-3.28523e-08','8.24917e-09','2.80804e-10','0','0','0','0','-4.70776e-05','0.00115541','-0.00109358','1.95572e-06','2.24002e-07','6.06637e-08','-1.90905e-08','7.0853e-08','0','0','0','0','4.57149e-05','-0.00109358','0.00106313','-1.81786e-06','-2.24544e-07','-6.23678e-08','1.7256e-08','-4.76464e-08','0','0','0','0','-8.18148e-08','1.95572e-06','-1.81786e-06','1.53479e-08','-1.03719e-10','-4.18059e-10','-2.35659e-10','7.24447e-10','0','0','0','0','1.62907e-08','2.24002e-07','-2.24544e-07','-1.03719e-10','1.39663e-08','6.6313e-09','-8.60179e-11','9.97077e-10','0','0','0','0','-3.28523e-08','6.06637e-08','-6.23678e-08','-4.18059e-10','6.6313e-09','6.94094e-09','1.29755e-10','3.98859e-10','0','0','0','0','8.24917e-09','-1.90905e-08','1.7256e-08','-2.35659e-10','-8.60179e-11','1.29755e-10','8.04081e-06','-2.06878e-11','0','0','0','0','2.80804e-10','7.0853e-08','-4.76464e-08','7.24447e-10','9.97077e-10','3.98859e-10','-2.06878e-11','1.49467e-05','0','0','0','0','0','0','0','0','0','0','0','0','0','0','0','0','0','0','0','0','0','0','0','0','0','0','0','0','0','0','0','0','0','0','0','0','0','0','0','0','0','0','0','0','0','0','0','0','0','0','0','0']

reports.append(Report(579371008, ("DT", -2, 2, 2), "MBwhAst2sec02"))
reports[-1].posNum = 45524
reports[-1].negNum = 0
reports[-1].fittype = "6DOF"
reports[-1].add_parameters(ValErr(0.0549033, 0.00458886, 0), \
                           ValErr(-0.0358482, 0.0354413, 0), \
                           ValErr(-0.0629082, 0.033975, 0), \
                           ValErr(0.000142941, 0.000132592, 0), \
                           ValErr(-3.6395e-05, 0.000123847, 0), \
                           ValErr(4.42527e-05, 8.89067e-05, 0), \
                           -133024, 45524, 45524, -nan)
reports[-1].sigmax = ValErr(0.893218, 0.00296021, 0)
reports[-1].sigmay = ValErr(1.21787, 0.00403614, 0)
reports[-1].sigmadxdz = ValErr(0, 0, 0)
reports[-1].sigmadydz = ValErr(0, 0, 0)
reports[-1].add_stats(0.0615044, -0.0939742, 5.65581e-05, -0.000481112, 0.0588759, -0.101232, 4.74262e-05, -0.00125169, 0.0588759, -0.101232, 4.74262e-05, -0.00125169, 0.0571114, -0.0993219, 5.5058e-05, -0.00127788, 0.0571114, -0.0993219, 5.5058e-05, -0.00127788, 0.893249, 1.21789, 0.00370574, 0.025707, 0.893249, 1.21789, 0.00370574, 0.025707)
reports[-1].CovMatrix = ['2.10576e-05','-5.92241e-05','5.72829e-05','-1.02627e-07','7.73274e-10','-5.34931e-08','6.0946e-09','2.89946e-09','0','0','0','0','-5.92241e-05','0.00125608','-0.00118782','2.1408e-06','3.68051e-07','2.18126e-07','1.75064e-08','3.15899e-08','0','0','0','0','5.72829e-05','-0.00118782','0.0011543','-1.96032e-06','-3.99655e-07','-2.18745e-07','-1.70786e-08','-9.95959e-09','0','0','0','0','-1.02627e-07','2.1408e-06','-1.96032e-06','1.75807e-08','-6.00147e-10','-3.59282e-10','-1.03724e-10','5.88764e-10','0','0','0','0','7.73274e-10','3.68051e-07','-3.99655e-07','-6.00147e-10','1.53382e-08','7.52152e-09','-3.78315e-11','9.86756e-10','0','0','0','0','-5.34931e-08','2.18126e-07','-2.18745e-07','-3.59282e-10','7.52152e-09','7.90441e-09','2.52289e-10','3.00769e-10','0','0','0','0','6.0946e-09','1.75064e-08','-1.70786e-08','-1.03724e-10','-3.78315e-11','2.52289e-10','8.76283e-06','-2.03746e-11','0','0','0','0','2.89946e-09','3.15899e-08','-9.95959e-09','5.88764e-10','9.86756e-10','3.00769e-10','-2.03746e-11','1.62904e-05','0','0','0','0','0','0','0','0','0','0','0','0','0','0','0','0','0','0','0','0','0','0','0','0','0','0','0','0','0','0','0','0','0','0','0','0','0','0','0','0','0','0','0','0','0','0','0','0','0','0','0','0']

reports.append(Report(579633152, ("DT", -2, 2, 3), "MBwhAst2sec03"))
reports[-1].posNum = 40184
reports[-1].negNum = 0
reports[-1].fittype = "6DOF"
reports[-1].add_parameters(ValErr(-0.0644229, 0.00481351, 0), \
                           ValErr(-0.164342, 0.0376942, 0), \
                           ValErr(0.0435145, 0.036146, 0), \
                           ValErr(-8.76877e-05, 0.000139501, 0), \
                           ValErr(-3.17893e-05, 0.000134031, 0), \
                           ValErr(-0.000133299, 9.50264e-05, 0), \
                           -116536, 40184, 40184, -nan)
reports[-1].sigmax = ValErr(0.890218, 0.00314019, 0)
reports[-1].sigmay = ValErr(1.1954, 0.00421673, 0)
reports[-1].sigmadxdz = ValErr(0, 0, 0)
reports[-1].sigmadydz = ValErr(0, 0, 0)
reports[-1].add_stats(-0.0669203, -0.124532, 0.00025764, 0.000133827, -0.0681909, -0.119521, 0.000260027, -0.000722054, -0.0681909, -0.119521, 0.000260027, -0.000722054, -0.066588, -0.116173, 0.000251727, -0.000789187, -0.066588, -0.116173, 0.000251727, -0.000789187, 0.89025, 1.19543, 0.00374409, 0.0252545, 0.89025, 1.19543, 0.00374409, 0.0252545)
reports[-1].CovMatrix = ['2.31699e-05','-5.42597e-05','5.27665e-05','-9.3235e-08','-2.86608e-08','-8.99278e-08','1.6573e-08','-1.25001e-08','0','0','0','0','-5.42597e-05','0.00142086','-0.00134416','2.46036e-06','2.62114e-07','4.90244e-08','-6.12331e-08','1.47342e-07','0','0','0','0','5.27665e-05','-0.00134416','0.00130654','-2.20175e-06','-2.46343e-07','-5.38164e-08','5.84364e-08','-1.14583e-07','0','0','0','0','-9.3235e-08','2.46036e-06','-2.20175e-06','1.94605e-08','1.74266e-10','-4.2763e-10','-1.8676e-10','8.4245e-10','0','0','0','0','-2.86608e-08','2.62114e-07','-2.46343e-07','1.74266e-10','1.79643e-08','8.71664e-09','-2.91655e-10','1.4878e-09','0','0','0','0','-8.99278e-08','4.90244e-08','-5.38164e-08','-4.2763e-10','8.71664e-09','9.03002e-09','-2.76919e-10','1.07366e-09','0','0','0','0','1.6573e-08','-6.12331e-08','5.84364e-08','-1.8676e-10','-2.91655e-10','-2.76919e-10','9.86077e-06','-4.29566e-11','0','0','0','0','-1.25001e-08','1.47342e-07','-1.14583e-07','8.4245e-10','1.4878e-09','1.07366e-09','-4.29566e-11','1.77808e-05','0','0','0','0','0','0','0','0','0','0','0','0','0','0','0','0','0','0','0','0','0','0','0','0','0','0','0','0','0','0','0','0','0','0','0','0','0','0','0','0','0','0','0','0','0','0','0','0','0','0','0','0']

reports.append(Report(579895296, ("DT", -2, 2, 4), "MBwhAst2sec04"))
reports[-1].posNum = 48123
reports[-1].negNum = 0
reports[-1].fittype = "6DOF"
reports[-1].add_parameters(ValErr(0.00382936, 0.00433756, 0), \
                           ValErr(-0.0240847, 0.0345907, 0), \
                           ValErr(0.047062, 0.0331438, 0), \
                           ValErr(2.71971e-05, 0.000129009, 0), \
                           ValErr(5.78613e-05, 0.000121562, 0), \
                           ValErr(7.60004e-06, 8.63485e-05, 0), \
                           -140457, 48123, 48123, -nan)
reports[-1].sigmax = ValErr(0.888832, 0.00286503, 0)
reports[-1].sigmay = ValErr(1.21979, 0.00393184, 0)
reports[-1].sigmadxdz = ValErr(0, 0, 0)
reports[-1].sigmadydz = ValErr(0, 0, 0)
reports[-1].add_stats(0.00200829, 0.0223066, 0.000100091, -0.000639026, 0.00158453, 0.0235836, 0.000101353, -0.00118677, 0.00158453, 0.0235836, 0.000101353, -0.00118677, -0.000105501, 0.0290454, 0.000113723, -0.00127197, -0.000105501, 0.0290454, 0.000113723, -0.00127197, 0.888847, 1.21981, 0.00369827, 0.0254068, 0.888847, 1.21981, 0.00369827, 0.0254068)
