nan = None;  NAN = None
nan = 0
reports = []
class ValErr:
    def __init__(self, value, error, antisym):
        self.value, self.error, self.antisym = value, error, antisym

    def __repr__(self):
        if self.antisym == 0.:
            return "%g +- %g" % (self.value, self.error)
        else:
            return "%g +- %g ~ %g" % (self.value, self.error, self.antisym)

class Report:
    def __init__(self, chamberId, postal_address, name):
        self.chamberId, self.postal_address, self.name = chamberId, postal_address, name
        self.status = "NOFIT"
        self.fittype = None
        self.CovMatrix = None

    def add_parameters(self, deltax, deltay, deltaz, deltaphix, deltaphiy, deltaphiz, loglikelihood, numsegments, sumofweights, redchi2):
        self.status = "PASS"
        self.deltax, self.deltay, self.deltaz, self.deltaphix, self.deltaphiy, self.deltaphiz = deltax, deltay, deltaz, deltaphix, deltaphiy, deltaphiz
        self.loglikelihood, self.numsegments, self.sumofweights, self.redchi2 = loglikelihood, numsegments, sumofweights, redchi2

    def add_stats(self, median_x, median_y, median_dxdz, median_dydz, mean30_x, mean30_y, mean20_dxdz, mean50_dydz, mean15_x, mean15_y, mean10_dxdz, mean25_dydz, wmean30_x, wmean30_y, wmean20_dxdz, wmean50_dydz, wmean15_x, wmean15_y, wmean10_dxdz, wmean25_dydz, stdev30_x, stdev30_y, stdev20_dxdz, stdev50_dydz, stdev15_x, stdev15_y, stdev10_dxdz, stdev25_dydz):
        self.median_x, self.median_y, self.median_dxdz, self.median_dydz, self.mean30_x, self.mean30_y, self.mean20_dxdz, self.mean50_dydz, self.mean15_x, self.mean15_y, self.mean10_dxdz, self.mean25_dydz, self.wmean30_x, self.wmean30_y, self.wmean20_dxdz, self.wmean50_dydz, self.wmean15_x, self.wmean15_y, self.wmean10_dxdz, self.wmean25_dydz, self.stdev30_x, self.stdev30_y, self.stdev20_dxdz, self.stdev50_dydz, self.stdev15_x, self.stdev15_y, self.stdev10_dxdz, self.stdev25_dydz = median_x, median_y, median_dxdz, median_dydz, mean30_x, mean30_y, mean20_dxdz, mean50_dydz, mean15_x, mean15_y, mean10_dxdz, mean25_dydz, wmean30_x, wmean30_y, wmean20_dxdz, wmean50_dydz, wmean15_x, wmean15_y, wmean10_dxdz, wmean25_dydz, stdev30_x, stdev30_y, stdev20_dxdz, stdev50_dydz, stdev15_x, stdev15_y, stdev10_dxdz, stdev25_dydz

    def __repr__(self):
        return "<Report %s %s %s>" % (self.postal_address[0], " ".join(map(str, self.postal_address[1:])), self.status)

reports.append(Report(574914560, ("DT", -2, 1, 1), "MBwhAst1sec01"))
reports[-1].posNum = 5848
reports[-1].negNum = 0
reports[-1].fittype = "6DOF"
reports[-1].add_parameters(ValErr(-0.0776359, 0.0114737, 0), \
                           ValErr(0.188322, 0.0950211, 0), \
                           ValErr(0.00984426, 0.0770446, 0), \
                           ValErr(6.97749e-05, 0.00025845, 0), \
                           ValErr(-7.86803e-05, 0.000273752, 0), \
                           ValErr(-0.000305872, 0.000186794, 0), \
                           -14280.2, 5848, 5848, -nan)
reports[-1].sigmax = ValErr(0.683109, 0.00631647, 0)
reports[-1].sigmay = ValErr(0.985227, 0.00911009, 0)
reports[-1].sigmadxdz = ValErr(0, 0, 0)
reports[-1].sigmadydz = ValErr(0, 0, 0)
reports[-1].add_stats(-0.0809183, 0.220439, 0.000128266, -0.00247354, -0.0818379, 0.199337, 0.000120795, -0.00150129, -0.0818379, 0.199337, 0.000120795, -0.00150129, -0.0762803, 0.204454, 9.00636e-05, -0.00142058, -0.0762803, 0.204454, 9.00636e-05, -0.00142058, 0.683258, 0.985304, 0.00349177, 0.031572, 0.683258, 0.985304, 0.00349177, 0.031572)
reports[-1].CovMatrix = ['0.000131647','0.000626947','-0.000513577','9.1339e-07','-2.18582e-07','-4.0826e-07','6.46217e-08','1.73861e-08','0','0','0','0','0.000626947','0.00902901','-0.00724832','1.33543e-05','-1.49084e-06','7.82259e-07','1.11227e-08','1.01475e-06','0','0','0','0','-0.000513577','-0.00724832','0.00593586','-1.03148e-05','1.12692e-06','-5.96129e-07','-4.89689e-08','-6.75267e-07','0','0','0','0','9.1339e-07','1.33543e-05','-1.03148e-05','6.67964e-08','-1.63348e-09','4.81691e-09','-3.14099e-09','8.02334e-09','0','0','0','0','-2.18582e-07','-1.49084e-06','1.12692e-06','-1.63348e-09','7.49403e-08','2.79943e-08','-1.80709e-09','5.83779e-09','0','0','0','0','-4.0826e-07','7.82259e-07','-5.96129e-07','4.81691e-09','2.79943e-08','3.48919e-08','-1.75676e-09','4.80489e-09','0','0','0','0','6.46217e-08','1.11227e-08','-4.89689e-08','-3.14099e-09','-1.80709e-09','-1.75676e-09','3.98978e-05','-6.57113e-10','0','0','0','0','1.73861e-08','1.01475e-06','-6.75267e-07','8.02334e-09','5.83779e-09','4.80489e-09','-6.57113e-10','8.2994e-05','0','0','0','0','0','0','0','0','0','0','0','0','0','0','0','0','0','0','0','0','0','0','0','0','0','0','0','0','0','0','0','0','0','0','0','0','0','0','0','0','0','0','0','0','0','0','0','0','0','0','0','0']

reports.append(Report(575176704, ("DT", -2, 1, 2), "MBwhAst1sec02"))
reports[-1].posNum = 3859
reports[-1].negNum = 0
reports[-1].fittype = "6DOF"
reports[-1].add_parameters(ValErr(-0.0147, 0.0140493, 0), \
                           ValErr(-0.242625, 0.115168, 0), \
                           ValErr(0.14388, 0.0933432, 0), \
                           ValErr(-0.000436105, 0.000308971, 0), \
                           ValErr(0.000243171, 0.000343528, 0), \
                           ValErr(9.17408e-06, 0.000221593, 0), \
                           -9347.81, 3859, 3859, -nan)
reports[-1].sigmax = ValErr(0.669691, 0.00749249, 0)
reports[-1].sigmay = ValErr(0.985509, 0.0111279, 0)
reports[-1].sigmadxdz = ValErr(0, 0, 0)
reports[-1].sigmadydz = ValErr(0, 0, 0)
reports[-1].add_stats(-0.0113931, -0.062056, 0.000968738, -0.00239447, -0.00277434, -0.0620805, 0.000981192, -0.00138243, -0.00277434, -0.0620805, 0.000981192, -0.00138243, 0.00104198, -0.0602703, 0.000954424, -0.00165235, 0.00104198, -0.0602703, 0.000954424, -0.00165235, 0.669846, 0.985704, 0.00342974, 0.0332362, 0.669846, 0.985704, 0.00342974, 0.0332362)
reports[-1].CovMatrix = ['0.000197384','0.000896191','-0.000734976','1.2559e-06','-5.71565e-07','-8.90153e-07','3.37107e-07','1.89187e-07','0','0','0','0','0.000896191','0.0132637','-0.0106345','1.93233e-05','-3.16288e-06','5.20646e-07','5.76655e-06','7.50543e-06','0','0','0','0','-0.000734976','-0.0106345','0.00871296','-1.45639e-05','2.37961e-06','-3.31205e-07','-3.01436e-06','-5.00302e-06','0','0','0','0','1.2559e-06','1.93233e-05','-1.45639e-05','9.54631e-08','-2.60395e-09','5.77147e-09','-2.78647e-09','-2.3284e-08','0','0','0','0','-5.71565e-07','-3.16288e-06','2.37961e-06','-2.60395e-09','1.18011e-07','4.01375e-08','8.54429e-10','-9.65738e-09','0','0','0','0','-8.90153e-07','5.20646e-07','-3.31205e-07','5.77147e-09','4.01375e-08','4.91033e-08','-4.04813e-09','3.54441e-09','0','0','0','0','3.37107e-07','5.76655e-06','-3.01436e-06','-2.78647e-09','8.54429e-10','-4.04813e-09','5.61376e-05','-1.60694e-06','0','0','0','0','1.89187e-07','7.50543e-06','-5.00302e-06','-2.3284e-08','-9.65738e-09','3.54441e-09','-1.60694e-06','0.00012383','0','0','0','0','0','0','0','0','0','0','0','0','0','0','0','0','0','0','0','0','0','0','0','0','0','0','0','0','0','0','0','0','0','0','0','0','0','0','0','0','0','0','0','0','0','0','0','0','0','0','0','0']

reports.append(Report(575438848, ("DT", -2, 1, 3), "MBwhAst1sec03"))
reports[-1].posNum = 4321
reports[-1].negNum = 0
reports[-1].fittype = "6DOF"
reports[-1].add_parameters(ValErr(-0.0336883, 0.0135636, 0), \
                           ValErr(-0.0163803, 0.104603, 0), \
                           ValErr(-0.0763774, 0.0848241, 0), \
                           ValErr(-5.84148e-05, 0.000294066, 0), \
                           ValErr(0.000148515, 0.000310287, 0), \
                           ValErr(-2.5268e-05, 0.00020829, 0), \
                           -10448.9, 4321, 4321, -nan)
reports[-1].sigmax = ValErr(0.660249, 0.00710246, 0)
reports[-1].sigmay = ValErr(0.995432, 0.0107079, 0)
reports[-1].sigmadxdz = ValErr(0, 0, 0)
reports[-1].sigmadydz = ValErr(0, 0, 0)
reports[-1].add_stats(-0.0484375, -0.111198, 0.000129127, -0.00179362, -0.042248, -0.106071, 0.000139341, -0.00108841, -0.042248, -0.106071, 0.000139341, -0.00108841, -0.0364616, -0.10306, 0.000127736, -0.00139719, -0.0364616, -0.10306, 0.000127736, -0.00139719, 0.660292, 0.995578, 0.00341691, 0.0324885, 0.660292, 0.995578, 0.00341691, 0.0324885)
reports[-1].CovMatrix = ['0.000183971','0.000852321','-0.000697961','1.19868e-06','-4.30658e-07','-7.22778e-07','2.47058e-07','-2.27554e-07','0','0','0','0','0.000852321','0.0109417','-0.00876747','1.59746e-05','-2.2066e-06','4.81896e-07','1.87768e-06','-1.46177e-06','0','0','0','0','-0.000697961','-0.00876747','0.00719513','-1.19785e-05','1.9842e-06','-3.05851e-07','-1.44655e-06','1.21989e-06','0','0','0','0','1.19868e-06','1.59746e-05','-1.19785e-05','8.64749e-08','-1.01571e-09','6.15795e-09','7.19574e-09','-5.86446e-09','0','0','0','0','-4.30658e-07','-2.2066e-06','1.9842e-06','-1.01571e-09','9.62783e-08','3.4828e-08','5.27915e-09','-3.40845e-09','0','0','0','0','-7.22778e-07','4.81896e-07','-3.05851e-07','6.15795e-09','3.4828e-08','4.33848e-08','-4.04835e-10','3.57291e-09','0','0','0','0','2.47058e-07','1.87768e-06','-1.44655e-06','7.19574e-09','5.27915e-09','-4.04835e-10','5.04451e-05','-1.22856e-09','0','0','0','0','-2.27554e-07','-1.46177e-06','1.21989e-06','-5.86446e-09','-3.40845e-09','3.57291e-09','-1.22856e-09','0.000114659','0','0','0','0','0','0','0','0','0','0','0','0','0','0','0','0','0','0','0','0','0','0','0','0','0','0','0','0','0','0','0','0','0','0','0','0','0','0','0','0','0','0','0','0','0','0','0','0','0','0','0','0']

reports.append(Report(575700992, ("DT", -2, 1, 4), "MBwhAst1sec04"))
reports[-1].posNum = 5951
reports[-1].negNum = 0
reports[-1].fittype = "6DOF"
reports[-1].add_parameters(ValErr(-0.0753741, 0.011081, 0), \
                           ValErr(0.127324, 0.0961446, 0), \
                           ValErr(-0.0637436, 0.0777587, 0), \
                           ValErr(-2.40831e-06, 0.00025501, 0), \
                           ValErr(-0.00020285, 0.000277237, 0), \
                           ValErr(0.000394518, 0.000182752, 0), \
                           -14539.4, 5951, 5951, -nan)
reports[-1].sigmax = ValErr(0.679883, 0.00623198, 0)
reports[-1].sigmay = ValErr(0.991179, 0.00908533, 0)
reports[-1].sigmadxdz = ValErr(0, 0, 0)
reports[-1].sigmadydz = ValErr(0, 0, 0)
reports[-1].add_stats(-0.074688, 0.0438472, 0.00036555, -0.00318921, -0.0739872, 0.047985, 0.000392135, -0.00262355, -0.0739872, 0.047985, 0.000392135, -0.00262355, -0.068645, 0.0539721, 0.000358435, -0.00255345, -0.068645, 0.0539721, 0.000358435, -0.00255345, 0.68016, 0.991655, 0.00343724, 0.034375, 0.68016, 0.991655, 0.00343724, 0.034375)
reports[-1].CovMatrix = ['0.000122789','0.000602847','-0.000493051','8.72836e-07','-1.36225e-07','-2.94878e-07','8.00288e-08','-1.09305e-08','0','0','0','0','0.000602847','0.00924378','-0.0074055','1.34454e-05','-1.5932e-06','9.38925e-07','7.12341e-07','-4.02395e-08','0','0','0','0','-0.000493051','-0.0074055','0.00604642','-1.05077e-05','1.04973e-06','-7.37913e-07','-5.65521e-07','9.08907e-08','0','0','0','0','8.72836e-07','1.34454e-05','-1.05077e-05','6.50302e-08','-2.93847e-09','4.56189e-09','2.02296e-09','2.95837e-10','0','0','0','0','-1.36225e-07','-1.5932e-06','1.04973e-06','-2.93847e-09','7.68601e-08','2.6872e-08','-1.2688e-09','5.02902e-09','0','0','0','0','-2.94878e-07','9.38925e-07','-7.37913e-07','4.56189e-09','2.6872e-08','3.33985e-08','3.35089e-10','1.82201e-09','0','0','0','0','8.00288e-08','7.12341e-07','-5.65521e-07','2.02296e-09','-1.2688e-09','3.35089e-10','3.88377e-05','-7.28387e-11','0','0','0','0','-1.09305e-08','-4.02395e-08','9.08907e-08','2.95837e-10','5.02902e-09','1.82201e-09','-7.28387e-11','8.25435e-05','0','0','0','0','0','0','0','0','0','0','0','0','0','0','0','0','0','0','0','0','0','0','0','0','0','0','0','0','0','0','0','0','0','0','0','0','0','0','0','0','0','0','0','0','0','0','0','0','0','0','0','0']

reports.append(Report(575963136, ("DT", -2, 1, 5), "MBwhAst1sec05"))
reports[-1].posNum = 5273
reports[-1].negNum = 0
reports[-1].fittype = "6DOF"
reports[-1].add_parameters(ValErr(0.0198057, 0.0125307, 0), \
                           ValErr(-0.0645147, 0.101357, 0), \
                           ValErr(0.0199044, 0.0823185, 0), \
                           ValErr(-0.000589103, 0.000268303, 0), \
                           ValErr(5.39716e-05, 0.000294244, 0), \
                           ValErr(-0.000273994, 0.000189555, 0), \
                           -12849.3, 5273, 5273, -nan)
reports[-1].sigmax = ValErr(0.675495, 0.00657776, 0)
reports[-1].sigmay = ValErr(0.991278, 0.00965276, 0)
reports[-1].sigmadxdz = ValErr(0, 0, 0)
reports[-1].sigmadydz = ValErr(0, 0, 0)
reports[-1].add_stats(0.00995351, -0.0122688, -0.000154046, -0.000328751, 0.017638, -0.0322871, -0.000151804, -0.000330035, 0.017638, -0.0322871, -0.000151804, -0.000330035, 0.0163357, -0.0383436, -0.000149196, -0.000548958, 0.0163357, -0.0383436, -0.000149196, -0.000548958, 0.675598, 0.991928, 0.00344172, 0.0346131, 0.675598, 0.991928, 0.00344172, 0.0346131)
reports[-1].CovMatrix = ['0.000157019','0.000794525','-0.00065086','1.14337e-06','-2.82267e-07','-4.68832e-07','3.62013e-08','7.96208e-08','0','0','0','0','0.000794525','0.0102732','-0.00826251','1.50193e-05','-2.42671e-06','1.79546e-07','-1.17062e-07','1.35375e-06','0','0','0','0','-0.00065086','-0.00826251','0.00677633','-1.16695e-05','2.12787e-06','-9.05241e-08','1.05288e-07','-1.00711e-06','0','0','0','0','1.14337e-06','1.50193e-05','-1.16695e-05','7.19862e-08','-6.14585e-11','4.79893e-09','6.14269e-10','3.07642e-09','0','0','0','0','-2.82267e-07','-2.42671e-06','2.12787e-06','-6.14585e-11','8.65798e-08','2.88002e-08','-4.46661e-10','4.45362e-09','0','0','0','0','-4.68832e-07','1.79546e-07','-9.05241e-08','4.79893e-09','2.88002e-08','3.59312e-08','-4.50822e-11','2.45705e-09','0','0','0','0','3.62013e-08','-1.17062e-07','1.05288e-07','6.14269e-10','-4.46661e-10','-4.50822e-11','4.3267e-05','-2.24346e-11','0','0','0','0','7.96208e-08','1.35375e-06','-1.00711e-06','3.07642e-09','4.45362e-09','2.45705e-09','-2.24346e-11','9.31761e-05','0','0','0','0','0','0','0','0','0','0','0','0','0','0','0','0','0','0','0','0','0','0','0','0','0','0','0','0','0','0','0','0','0','0','0','0','0','0','0','0','0','0','0','0','0','0','0','0','0','0','0','0']

reports.append(Report(576225280, ("DT", -2, 1, 6), "MBwhAst1sec06"))
reports[-1].posNum = 4534
reports[-1].negNum = 0
reports[-1].fittype = "6DOF"
reports[-1].add_parameters(ValErr(0.00820911, 0.0138236, 0), \
                           ValErr(-0.229314, 0.106186, 0), \
                           ValErr(0.229801, 0.0860219, 0), \
                           ValErr(-1.0386e-05, 0.000288674, 0), \
                           ValErr(-9.58624e-05, 0.000313397, 0), \
                           ValErr(-0.000246568, 0.000207938, 0), \
                           -11027, 4534, 4534, -nan)
reports[-1].sigmax = ValErr(0.67234, 0.00707453, 0)
reports[-1].sigmay = ValErr(0.991223, 0.0104781, 0)
reports[-1].sigmadxdz = ValErr(0, 0, 0)
reports[-1].sigmadydz = ValErr(0, 0, 0)
reports[-1].add_stats(0.0263552, 0.0399834, -0.000101683, -0.00370331, 0.0257108, 0.0427099, -0.000139018, -0.00277713, 0.0257108, 0.0427099, -0.000139018, -0.00277713, 0.0242612, 0.0293798, -0.000124844, -0.00249244, 0.0242612, 0.0293798, -0.000124844, -0.00249244, 0.672902, 0.991618, 0.00347903, 0.0323578, 0.672902, 0.991618, 0.00347903, 0.0323578)
reports[-1].CovMatrix = ['0.000191091','0.00090949','-0.000743236','1.2672e-06','-5.2814e-07','-7.94082e-07','5.50667e-07','-4.19163e-07','0','0','0','0','0.00090949','0.0112755','-0.00903232','1.63012e-05','-2.71114e-06','6.54491e-08','4.95001e-06','-3.45861e-06','0','0','0','0','-0.000743236','-0.00903232','0.00739976','-1.2226e-05','2.48814e-06','3.69562e-08','-3.54125e-06','1.0581e-06','0','0','0','0','1.2672e-06','1.63012e-05','-1.2226e-05','8.33329e-08','-1.09373e-09','5.42426e-09','4.76037e-09','-2.55624e-08','0','0','0','0','-5.2814e-07','-2.71114e-06','2.48814e-06','-1.09373e-09','9.82178e-08','3.50914e-08','9.76382e-09','-3.19772e-08','0','0','0','0','-7.94082e-07','6.54491e-08','3.69562e-08','5.42426e-09','3.50914e-08','4.32384e-08','-4.88936e-09','-2.29131e-10','0','0','0','0','5.50667e-07','4.95001e-06','-3.54125e-06','4.76037e-09','9.76382e-09','-4.88936e-09','5.00491e-05','-6.63958e-08','0','0','0','0','-4.19163e-07','-3.45861e-06','1.0581e-06','-2.55624e-08','-3.19772e-08','-2.29131e-10','-6.63958e-08','0.000109792','0','0','0','0','0','0','0','0','0','0','0','0','0','0','0','0','0','0','0','0','0','0','0','0','0','0','0','0','0','0','0','0','0','0','0','0','0','0','0','0','0','0','0','0','0','0','0','0','0','0','0','0']

reports.append(Report(576487424, ("DT", -2, 1, 7), "MBwhAst1sec07"))
reports[-1].posNum = 6203
reports[-1].negNum = 0
reports[-1].fittype = "6DOF"
reports[-1].add_parameters(ValErr(-0.0529662, 0.0114485, 0), \
                           ValErr(-0.0163903, 0.0952872, 0), \
                           ValErr(0.165241, 0.0773079, 0), \
                           ValErr(5.89775e-05, 0.000254665, 0), \
                           ValErr(0.00106887, 0.000274446, 0), \
                           ValErr(0.00015774, 0.000186262, 0), \
                           -15115.1, 6203, 6203, -nan)
reports[-1].sigmax = ValErr(0.686823, 0.00616639, 0)
reports[-1].sigmay = ValErr(0.974868, 0.00875254, 0)
reports[-1].sigmadxdz = ValErr(0, 0, 0)
reports[-1].sigmadydz = ValErr(0, 0, 0)
reports[-1].add_stats(-0.0390186, 0.187629, 0.000209057, -0.00212816, -0.0406024, 0.181108, 0.000230017, -0.00183832, -0.0406024, 0.181108, 0.000230017, -0.00183832, -0.0407296, 0.176931, 0.000249021, -0.00171945, -0.0407296, 0.176931, 0.000249021, -0.00171945, 0.687057, 0.976396, 0.00348503, 0.0320639, 0.687057, 0.976396, 0.00348503, 0.0320639)
reports[-1].CovMatrix = ['0.000131069','0.000644524','-0.000527783','9.32091e-07','-2.8011e-07','-4.57e-07','-4.00804e-08','1.60596e-07','0','0','0','0','0.000644524','0.00907966','-0.00729852','1.34097e-05','-1.56771e-06','6.48478e-07','-1.04352e-06','2.51265e-06','0','0','0','0','-0.000527783','-0.00729852','0.00597651','-1.03322e-05','1.22141e-06','-4.83032e-07','8.45763e-07','-1.9505e-06','0','0','0','0','9.32091e-07','1.34097e-05','-1.03322e-05','6.48544e-08','-1.37945e-09','4.53728e-09','-2.36725e-09','6.80224e-09','0','0','0','0','-2.8011e-07','-1.56771e-06','1.22141e-06','-1.37945e-09','7.53205e-08','2.81352e-08','-2.97486e-09','7.41731e-09','0','0','0','0','-4.57e-07','6.48478e-07','-4.83032e-07','4.53728e-09','2.81352e-08','3.46935e-08','-5.9728e-10','3.0825e-09','0','0','0','0','-4.00804e-08','-1.04352e-06','8.45763e-07','-2.36725e-09','-2.97486e-09','-5.9728e-10','3.80244e-05','-6.74011e-10','0','0','0','0','1.60596e-07','2.51265e-06','-1.9505e-06','6.80224e-09','7.41731e-09','3.0825e-09','-6.74011e-10','7.66072e-05','0','0','0','0','0','0','0','0','0','0','0','0','0','0','0','0','0','0','0','0','0','0','0','0','0','0','0','0','0','0','0','0','0','0','0','0','0','0','0','0','0','0','0','0','0','0','0','0','0','0','0','0']

reports.append(Report(576749568, ("DT", -2, 1, 8), "MBwhAst1sec08"))
reports[-1].posNum = 5474
reports[-1].negNum = 0
reports[-1].fittype = "6DOF"
reports[-1].add_parameters(ValErr(0.0303548, 0.0118255, 0), \
                           ValErr(0.193867, 0.0979588, 0), \
                           ValErr(-0.144761, 0.0794657, 0), \
                           ValErr(0.000148868, 0.000266727, 0), \
                           ValErr(0.000350347, 0.000290263, 0), \
                           ValErr(-2.22984e-05, 0.000189748, 0), \
                           -13336.9, 5474, 5474, -nan)
reports[-1].sigmax = ValErr(0.670383, 0.00641448, 0)
reports[-1].sigmay = ValErr(0.998449, 0.00953434, 0)
reports[-1].sigmadxdz = ValErr(0, 0, 0)
reports[-1].sigmadydz = ValErr(0, 0, 0)
reports[-1].add_stats(0.0173724, 0.0349182, 0.000936732, -0.00148592, 0.0156216, 0.0197441, 0.000957044, -0.00139274, 0.0156216, 0.0197441, 0.000957044, -0.00139274, 0.0158215, 0.0103782, 0.000957743, -0.00162945, 0.0158215, 0.0103782, 0.000957743, -0.00162945, 0.670615, 0.99868, 0.00344197, 0.0334861, 0.670615, 0.99868, 0.00344197, 0.0334861)
reports[-1].CovMatrix = ['0.000139844','0.000675458','-0.000553995','9.48686e-07','-3.2736e-07','-5.42746e-07','-4.46847e-07','-1.49281e-07','0','0','0','0','0.000675458','0.00959594','-0.00770378','1.38512e-05','-2.47936e-06','-1.12558e-07','-3.72152e-06','-8.78415e-07','0','0','0','0','-0.000553995','-0.00770378','0.0063148','-1.06121e-05','1.98392e-06','1.5711e-07','3.22593e-06','1.03537e-06','0','0','0','0','9.48686e-07','1.38512e-05','-1.06121e-05','7.11431e-08','7.21987e-10','4.13895e-09','-3.20268e-09','-7.78993e-09','0','0','0','0','-3.2736e-07','-2.47936e-06','1.98392e-06','7.21987e-10','8.42526e-08','2.9476e-08','1.06344e-11','-2.18161e-09','0','0','0','0','-5.42746e-07','-1.12558e-07','1.5711e-07','4.13895e-09','2.9476e-08','3.60043e-08','-4.56841e-09','2.00382e-09','0','0','0','0','-4.46847e-07','-3.72152e-06','3.22593e-06','-3.20268e-09','1.06344e-11','-4.56841e-09','4.11456e-05','-6.48986e-08','0','0','0','0','-1.49281e-07','-8.78415e-07','1.03537e-06','-7.78993e-09','-2.18161e-09','2.00382e-09','-6.48986e-08','9.09039e-05','0','0','0','0','0','0','0','0','0','0','0','0','0','0','0','0','0','0','0','0','0','0','0','0','0','0','0','0','0','0','0','0','0','0','0','0','0','0','0','0','0','0','0','0','0','0','0','0','0','0','0','0']

reports.append(Report(577011712, ("DT", -2, 1, 9), "MBwhAst1sec09"))
reports[-1].posNum = 3737
reports[-1].negNum = 0
reports[-1].fittype = "6DOF"
reports[-1].add_parameters(ValErr(-0.0221034, 0.0138856, 0), \
                           ValErr(-0.0471165, 0.119161, 0), \
                           ValErr(0.00596674, 0.0966382, 0), \
                           ValErr(0.000146391, 0.000315541, 0), \
                           ValErr(-0.000475138, 0.000338365, 0), \
                           ValErr(-0.00032015, 0.000224382, 0), \
                           -9122.06, 3737, 3737, -nan)
reports[-1].sigmax = ValErr(0.680751, 0.00787439, 0)
reports[-1].sigmay = ValErr(0.987768, 0.0114257, 0)
reports[-1].sigmadxdz = ValErr(0, 0, 0)
reports[-1].sigmadydz = ValErr(0, 0, 0)
reports[-1].add_stats(-0.0252848, -0.0326129, -3.91123e-05, -0.00303363, -0.0248761, -0.0432673, -2.71175e-06, -0.00197921, -0.0248761, -0.0432673, -2.71175e-06, -0.00197921, -0.031974, -0.0299813, 1.76669e-05, -0.001746, -0.031974, -0.0299813, 1.76669e-05, -0.001746, 0.680915, 0.98793, 0.00349234, 0.033014, 0.680915, 0.98793, 0.00349234, 0.033014)
reports[-1].CovMatrix = ['0.000192809','0.000906403','-0.000743697','1.33768e-06','-2.30167e-07','-5.07107e-07','6.75623e-08','6.73157e-08','0','0','0','0','0.000906403','0.0141993','-0.0114021','2.1082e-05','-2.0384e-06','1.80564e-06','1.8205e-07','1.35594e-06','0','0','0','0','-0.000743697','-0.0114021','0.00933894','-1.64389e-05','1.25135e-06','-1.43327e-06','-1.21827e-08','-1.17001e-06','0','0','0','0','1.33768e-06','2.1082e-05','-1.64389e-05','9.95661e-08','-5.52494e-09','7.10851e-09','1.08826e-08','-1.06229e-08','0','0','0','0','-2.30167e-07','-2.0384e-06','1.25135e-06','-5.52494e-09','1.14491e-07','4.02324e-08','-2.89747e-09','9.03943e-09','0','0','0','0','-5.07107e-07','1.80564e-06','-1.43327e-06','7.10851e-09','4.02324e-08','5.03473e-08','3.10379e-10','3.09108e-09','0','0','0','0','6.75623e-08','1.8205e-07','-1.21827e-08','1.08826e-08','-2.89747e-09','3.10379e-10','6.20063e-05','-2.11972e-09','0','0','0','0','6.73157e-08','1.35594e-06','-1.17001e-06','-1.06229e-08','9.03943e-09','3.09108e-09','-2.11972e-09','0.000130547','0','0','0','0','0','0','0','0','0','0','0','0','0','0','0','0','0','0','0','0','0','0','0','0','0','0','0','0','0','0','0','0','0','0','0','0','0','0','0','0','0','0','0','0','0','0','0','0','0','0','0','0']

reports.append(Report(577273856, ("DT", -2, 1, 10), "MBwhAst1sec10"))
reports[-1].posNum = 3952
reports[-1].negNum = 0
reports[-1].fittype = "6DOF"
reports[-1].add_parameters(ValErr(0.0300062, 0.0130095, 0), \
                           ValErr(0.0412967, 0.114646, 0), \
                           ValErr(0.0533874, 0.0930511, 0), \
                           ValErr(0.000150605, 0.000298118, 0), \
                           ValErr(-2.71419e-05, 0.000326811, 0), \
                           ValErr(0.000180951, 0.000204843, 0), \
                           -9554.33, 3952, 3952, -nan)
reports[-1].sigmax = ValErr(0.661595, 0.00744169, 0)
reports[-1].sigmay = ValErr(0.992845, 0.0111676, 0)
reports[-1].sigmadxdz = ValErr(0, 0, 0)
reports[-1].sigmadydz = ValErr(0, 0, 0)
reports[-1].add_stats(0.0352118, 0.110664, 0.000108006, -0.001167, 0.0357353, 0.104536, 6.22751e-05, 0.000607248, 0.0357353, 0.104536, 6.22751e-05, 0.000607248, 0.0427189, 0.10066, 3.71826e-05, 0.0011124, 0.0427189, 0.10066, 3.71826e-05, 0.0011124, 0.661707, 0.992975, 0.00339285, 0.0329689, 0.661707, 0.992975, 0.00339285, 0.0329689)
reports[-1].CovMatrix = ['0.000169246','0.000848139','-0.000696661','1.26271e-06','1.38109e-07','-4.40453e-08','2.27105e-07','-1.65412e-07','0','0','0','0','0.000848139','0.0131438','-0.0105647','1.91633e-05','-1.50353e-06','2.09502e-06','2.75529e-06','-2.68052e-06','0','0','0','0','-0.000696661','-0.0105647','0.00865851','-1.54909e-05','8.4094e-07','-1.71471e-06','-2.25075e-06','2.29131e-06','0','0','0','0','1.26271e-06','1.91633e-05','-1.54909e-05','8.88742e-08','-5.19443e-09','7.41505e-09','1.59653e-09','1.92031e-09','0','0','0','0','1.38109e-07','-1.50353e-06','8.4094e-07','-5.19443e-09','1.06805e-07','3.34753e-08','-3.91681e-09','1.04644e-08','0','0','0','0','-4.40453e-08','2.09502e-06','-1.71471e-06','7.41505e-09','3.34753e-08','4.19608e-08','-3.07176e-10','3.74828e-09','0','0','0','0','2.27105e-07','2.75529e-06','-2.25075e-06','1.59653e-09','-3.91681e-09','-3.07176e-10','5.53789e-05','-1.20925e-09','0','0','0','0','-1.65412e-07','-2.68052e-06','2.29131e-06','1.92031e-09','1.04644e-08','3.74828e-09','-1.20925e-09','0.000124717','0','0','0','0','0','0','0','0','0','0','0','0','0','0','0','0','0','0','0','0','0','0','0','0','0','0','0','0','0','0','0','0','0','0','0','0','0','0','0','0','0','0','0','0','0','0','0','0','0','0','0','0']

reports.append(Report(577536000, ("DT", -2, 1, 11), "MBwhAst1sec11"))
reports[-1].posNum = 4145
reports[-1].negNum = 0
reports[-1].fittype = "6DOF"
reports[-1].add_parameters(ValErr(0.060577, 0.0139777, 0), \
                           ValErr(0.217756, 0.11842, 0), \
                           ValErr(-0.100195, 0.0960026, 0), \
                           ValErr(0.000513457, 0.000307408, 0), \
                           ValErr(-0.000352875, 0.000346768, 0), \
                           ValErr(-2.53641e-05, 0.000208907, 0), \
                           -10287.9, 4145, 4145, -nan)
reports[-1].sigmax = ValErr(0.674254, 0.00740543, 0)
reports[-1].sigmay = ValErr(1.03904, 0.0114122, 0)
reports[-1].sigmadxdz = ValErr(0, 0, 0)
reports[-1].sigmadydz = ValErr(0, 0, 0)
reports[-1].add_stats(0.0468097, 0.0985857, -0.000543882, -0.00348334, 0.0520309, 0.0939156, -0.000548983, -0.0031458, 0.0520309, 0.0939156, -0.000548983, -0.0031458, 0.0624704, 0.0947214, -0.000586642, -0.00300065, 0.0624704, 0.0947214, -0.000586642, -0.00300065, 0.674359, 1.03934, 0.00343686, 0.0343215, 0.674359, 1.03934, 0.00343686, 0.0343215)
reports[-1].CovMatrix = ['0.000195377','0.00106386','-0.000869793','1.53123e-06','-9.37628e-08','-2.55582e-07','3.02401e-08','1.50675e-07','0','0','0','0','0.00106386','0.0140232','-0.0112613','1.99347e-05','-3.68682e-06','1.46191e-07','-6.54326e-07','2.53309e-06','0','0','0','0','-0.000869793','-0.0112613','0.0092165','-1.59756e-05','3.2197e-06','-8.56768e-08','5.5178e-07','-1.96132e-06','0','0','0','0','1.53123e-06','1.99347e-05','-1.59756e-05','9.45e-08','6.79243e-10','6.55592e-09','4.51464e-10','4.2515e-09','0','0','0','0','-9.37628e-08','-3.68682e-06','3.2197e-06','6.79243e-10','1.20248e-07','3.51728e-08','5.51726e-09','-3.15096e-09','0','0','0','0','-2.55582e-07','1.46191e-07','-8.56768e-08','6.55592e-09','3.51728e-08','4.36423e-08','5.28528e-10','2.40716e-09','0','0','0','0','3.02401e-08','-6.54326e-07','5.5178e-07','4.51464e-10','5.51726e-09','5.28528e-10','5.48406e-05','-3.14509e-10','0','0','0','0','1.50675e-07','2.53309e-06','-1.96132e-06','4.2515e-09','-3.15096e-09','2.40716e-09','-3.14509e-10','0.000130239','0','0','0','0','0','0','0','0','0','0','0','0','0','0','0','0','0','0','0','0','0','0','0','0','0','0','0','0','0','0','0','0','0','0','0','0','0','0','0','0','0','0','0','0','0','0','0','0','0','0','0','0']

reports.append(Report(577798144, ("DT", -2, 1, 12), "MBwhAst1sec12"))
reports[-1].posNum = 5334
reports[-1].negNum = 0
reports[-1].fittype = "6DOF"
reports[-1].add_parameters(ValErr(-0.0251958, 0.0117416, 0), \
                           ValErr(0.115579, 0.0987421, 0), \
                           ValErr(0.0223792, 0.0800407, 0), \
                           ValErr(-0.000175461, 0.000269811, 0), \
                           ValErr(0.000734211, 0.000295312, 0), \
                           ValErr(0.000414338, 0.000188497, 0), \
                           -13004.7, 5334, 5334, -nan)
reports[-1].sigmax = ValErr(0.664103, 0.00642982, 0)
reports[-1].sigmay = ValErr(1.00957, 0.00977459, 0)
reports[-1].sigmadxdz = ValErr(0, 0, 0)
reports[-1].sigmadydz = ValErr(0, 0, 0)
reports[-1].add_stats(-0.0230045, 0.141185, 0.00082696, -0.00195087, -0.0188384, 0.146288, 0.000820911, -0.00074121, -0.0188384, 0.146288, 0.000820911, -0.00074121, -0.0237859, 0.155974, 0.000853832, -0.0010146, -0.0237859, 0.155974, 0.000853832, -0.0010146, 0.664423, 1.00982, 0.00342211, 0.0321932, 0.664423, 1.00982, 0.00342211, 0.0321932)
reports[-1].CovMatrix = ['0.000137866','0.000665609','-0.000545739','9.44936e-07','-2.64475e-07','-4.8015e-07','2.13868e-07','-2.11218e-07','0','0','0','0','0.000665609','0.00975001','-0.00781932','1.41244e-05','-2.12762e-06','4.53204e-07','2.24458e-06','-2.30616e-06','0','0','0','0','-0.000545739','-0.00781932','0.00640651','-1.08399e-05','1.6122e-06','-3.16441e-07','-1.89192e-06','2.08382e-06','0','0','0','0','9.44936e-07','1.41244e-05','-1.08399e-05','7.27982e-08','-1.15053e-09','4.67895e-09','-3.44944e-10','4.42603e-09','0','0','0','0','-2.64475e-07','-2.12762e-06','1.6122e-06','-1.15053e-09','8.72093e-08','2.89328e-08','1.59236e-09','1.26604e-09','0','0','0','0','-4.8015e-07','4.53204e-07','-3.16441e-07','4.67895e-09','2.89328e-08','3.55313e-08','-1.64102e-10','2.65311e-09','0','0','0','0','2.13868e-07','2.24458e-06','-1.89192e-06','-3.44944e-10','1.59236e-09','-1.64102e-10','4.13427e-05','-1.1754e-09','0','0','0','0','-2.11218e-07','-2.30616e-06','2.08382e-06','4.42603e-09','1.26604e-09','2.65311e-09','-1.1754e-09','9.5543e-05','0','0','0','0','0','0','0','0','0','0','0','0','0','0','0','0','0','0','0','0','0','0','0','0','0','0','0','0','0','0','0','0','0','0','0','0','0','0','0','0','0','0','0','0','0','0','0','0','0','0','0','0']

reports.append(Report(579108864, ("DT", -2, 2, 1), "MBwhAst2sec01"))
reports[-1].posNum = 7046
reports[-1].negNum = 0
reports[-1].fittype = "6DOF"
reports[-1].add_parameters(ValErr(-0.0992646, 0.0112644, 0), \
                           ValErr(0.112373, 0.0891699, 0), \
                           ValErr(-0.0607506, 0.0855414, 0), \
                           ValErr(-1.88095e-05, 0.000326307, 0), \
                           ValErr(-0.00038877, 0.000312727, 0), \
                           ValErr(-9.40744e-05, 0.000217848, 0), \
                           -20450.7, 7046, 7046, -nan)
reports[-1].sigmax = ValErr(0.880426, 0.00741678, 0)
reports[-1].sigmay = ValErr(1.21158, 0.0102065, 0)
reports[-1].sigmadxdz = ValErr(0, 0, 0)
reports[-1].sigmadydz = ValErr(0, 0, 0)
reports[-1].add_stats(-0.103923, 0.0644104, 0.000194426, 0.000115049, -0.0950943, 0.0508447, 0.000186299, -0.000806139, -0.0950943, 0.0508447, 0.000186299, -0.000806139, -0.094343, 0.0477077, 0.000201725, -0.00095478, -0.094343, 0.0477077, 0.000201725, -0.00095478, 0.880434, 1.2118, 0.003703, 0.0260259, 0.880434, 1.2118, 0.003703, 0.0260259)
reports[-1].CovMatrix = ['0.000126887','-0.000315811','0.000306939','-5.46446e-07','7.88626e-08','-2.67097e-07','-6.1731e-09','8.40639e-08','0','0','0','0','-0.000315811','0.00795127','-0.00752465','1.34702e-05','1.65926e-06','5.21431e-07','-1.49508e-07','5.36248e-07','0','0','0','0','0.000306939','-0.00752465','0.00731733','-1.24579e-05','-1.64146e-06','-5.34302e-07','1.99129e-07','-4.57624e-07','0','0','0','0','-5.46446e-07','1.34702e-05','-1.24579e-05','1.06476e-07','-7.18558e-10','-2.50179e-09','6.81489e-09','-6.50226e-09','0','0','0','0','7.88626e-08','1.65926e-06','-1.64146e-06','-7.18558e-10','9.77985e-08','4.56037e-08','-8.7463e-09','1.81075e-08','0','0','0','0','-2.67097e-07','5.21431e-07','-5.34302e-07','-2.50179e-09','4.56037e-08','4.74578e-08','1.12111e-09','2.37179e-09','0','0','0','0','-6.1731e-09','-1.49508e-07','1.99129e-07','6.81489e-09','-8.7463e-09','1.12111e-09','5.50087e-05','-3.42051e-09','0','0','0','0','8.40639e-08','5.36248e-07','-4.57624e-07','-6.50226e-09','1.81075e-08','2.37179e-09','-3.42051e-09','0.000104174','0','0','0','0','0','0','0','0','0','0','0','0','0','0','0','0','0','0','0','0','0','0','0','0','0','0','0','0','0','0','0','0','0','0','0','0','0','0','0','0','0','0','0','0','0','0','0','0','0','0','0','0']

reports.append(Report(579371008, ("DT", -2, 2, 2), "MBwhAst2sec02"))
reports[-1].posNum = 6496
reports[-1].negNum = 0
reports[-1].fittype = "6DOF"
reports[-1].add_parameters(ValErr(0.0535685, 0.0121038, 0), \
                           ValErr(-0.0327058, 0.0932182, 0), \
                           ValErr(-0.0571457, 0.0893633, 0), \
                           ValErr(0.000328711, 0.000352248, 0), \
                           ValErr(0.000489192, 0.000330478, 0), \
                           ValErr(0.000198507, 0.000234137, 0), \
                           -19021.5, 6496, 6496, -nan)
reports[-1].sigmax = ValErr(0.887061, 0.0077825, 0)
reports[-1].sigmay = ValErr(1.23387, 0.0108252, 0)
reports[-1].sigmadxdz = ValErr(0, 0, 0)
reports[-1].sigmadydz = ValErr(0, 0, 0)
reports[-1].add_stats(0.0434529, -0.107325, 0.000131445, -0.000394065, 0.0553469, -0.0920267, 8.35053e-05, -0.00125964, 0.0553469, -0.0920267, 8.35053e-05, -0.00125964, 0.0604523, -0.0871662, 8.51767e-05, -0.00139194, 0.0604523, -0.0871662, 8.51767e-05, -0.00139194, 0.88712, 1.23409, 0.00365713, 0.0258524, 0.88712, 1.23409, 0.00365713, 0.0258524)
reports[-1].CovMatrix = ['0.000146501','-0.000419915','0.000406014','-7.18928e-07','3.78267e-08','-3.48536e-07','1.08554e-07','-6.83324e-08','0','0','0','0','-0.000419915','0.00868964','-0.00821307','1.45805e-05','2.48656e-06','1.4119e-06','4.99492e-07','-3.40613e-07','0','0','0','0','0.000406014','-0.00821307','0.0079858','-1.33446e-05','-2.77099e-06','-1.42698e-06','-4.65928e-07','4.49241e-07','0','0','0','0','-7.18928e-07','1.45805e-05','-1.33446e-05','1.24078e-07','-5.80038e-09','-3.68928e-09','6.0495e-09','-5.39327e-09','0','0','0','0','3.78267e-08','2.48656e-06','-2.77099e-06','-5.80038e-09','1.09216e-07','5.2459e-08','5.84948e-10','5.77199e-09','0','0','0','0','-3.48536e-07','1.4119e-06','-1.42698e-06','-3.68928e-09','5.2459e-08','5.48201e-08','-4.7808e-09','1.11428e-08','0','0','0','0','1.08554e-07','4.99492e-07','-4.65928e-07','6.0495e-09','5.84948e-10','-4.7808e-09','6.05675e-05','-1.6281e-09','0','0','0','0','-6.83324e-08','-3.40613e-07','4.49241e-07','-5.39327e-09','5.77199e-09','1.11428e-08','-1.6281e-09','0.000117185','0','0','0','0','0','0','0','0','0','0','0','0','0','0','0','0','0','0','0','0','0','0','0','0','0','0','0','0','0','0','0','0','0','0','0','0','0','0','0','0','0','0','0','0','0','0','0','0','0','0','0','0']

reports.append(Report(579633152, ("DT", -2, 2, 3), "MBwhAst2sec03"))
reports[-1].posNum = 5770
reports[-1].negNum = 0
reports[-1].fittype = "6DOF"
reports[-1].add_parameters(ValErr(-0.0711085, 0.012737, 0), \
                           ValErr(-0.320334, 0.0998135, 0), \
                           ValErr(0.183697, 0.0957033, 0), \
                           ValErr(-9.81181e-05, 0.00036798, 0), \
                           ValErr(-5.81081e-05, 0.000354857, 0), \
                           ValErr(-2.21972e-05, 0.000250214, 0), \
                           -16758.8, 5770, 5770, -nan)
reports[-1].sigmax = ValErr(0.892332, 0.00829132, 0)
reports[-1].sigmay = ValErr(1.19783, 0.0110787, 0)
reports[-1].sigmadxdz = ValErr(0, 0, 0)
reports[-1].sigmadydz = ValErr(0, 0, 0)
reports[-1].add_stats(-0.098299, -0.131537, 0.00024016, 0.00138742, -0.0784373, -0.133993, 0.000273862, 9.5155e-05, -0.0784373, -0.133993, 0.000273862, 9.5155e-05, -0.0724102, -0.123103, 0.000269738, -0.0003149, -0.0724102, -0.123103, 0.000269738, -0.0003149, 0.892561, 1.19794, 0.00374221, 0.0256923, 0.892561, 1.19794, 0.00374221, 0.0256923)
reports[-1].CovMatrix = ['0.00016223','-0.000379929','0.000369196','-6.46376e-07','-2.19893e-07','-6.47042e-07','2.32416e-07','-9.35057e-07','0','0','0','0','-0.000379929','0.00996274','-0.00942459','1.72508e-05','2.34375e-06','6.75248e-07','4.11654e-06','1.13128e-05','0','0','0','0','0.000369196','-0.00942459','0.00915913','-1.54375e-05','-2.2605e-06','-6.97904e-07','-3.94769e-06','-1.09579e-05','0','0','0','0','-6.46376e-07','1.72508e-05','-1.54375e-05','1.3541e-07','-1.95833e-10','-2.6761e-09','1.31206e-08','1.54313e-08','0','0','0','0','-2.19893e-07','2.34375e-06','-2.2605e-06','-1.95833e-10','1.25923e-07','6.09716e-08','-2.04295e-09','4.69263e-09','0','0','0','0','-6.47042e-07','6.75248e-07','-6.97904e-07','-2.6761e-09','6.09716e-08','6.2607e-08','-1.12904e-08','5.81445e-09','0','0','0','0','2.32416e-07','4.11654e-06','-3.94769e-06','1.31206e-08','-2.04295e-09','-1.12904e-08','6.87462e-05','-6.43805e-07','0','0','0','0','-9.35057e-07','1.13128e-05','-1.09579e-05','1.54313e-08','4.69263e-09','5.81445e-09','-6.43805e-07','0.000122738','0','0','0','0','0','0','0','0','0','0','0','0','0','0','0','0','0','0','0','0','0','0','0','0','0','0','0','0','0','0','0','0','0','0','0','0','0','0','0','0','0','0','0','0','0','0','0','0','0','0','0','0']

reports.append(Report(579895296, ("DT", -2, 2, 4), "MBwhAst2sec04"))
reports[-1].posNum = 6813
reports[-1].negNum = 0
reports[-1].fittype = "6DOF"
reports[-1].add_parameters(ValErr(0.012382, 0.0114714, 0), \
                           ValErr(-0.0194584, 0.091509, 0), \
                           ValErr(0.0528156, 0.0877046, 0), \
                           ValErr(-0.000223661, 0.000337015, 0), \
                           ValErr(0.000131645, 0.000320144, 0), \
                           ValErr(-7.59208e-05, 0.000228156, 0), \
                           -19756.9, 6813, 6813, -nan)
reports[-1].sigmax = ValErr(0.885545, 0.00758625, 0)
reports[-1].sigmay = ValErr(1.2015, 0.0102929, 0)
reports[-1].sigmadxdz = ValErr(0, 0, 0)
reports[-1].sigmadydz = ValErr(0, 0, 0)
reports[-1].add_stats(0.0100427, 0.0401115, 6.14662e-05, -0.000882389, 0.00834359, 0.0357558, 5.45113e-05, -0.00130942, 0.00834359, 0.0357558, 5.45113e-05, -0.00130942, 0.0169357, 0.0373292, 1.95647e-05, -0.00127213, 0.0169357, 0.0373292, 1.95647e-05, -0.00127213, 0.885574, 1.20159, 0.00368208, 0.0255791, 0.885574, 1.20159, 0.00368208, 0.0255791)
