nan = None;  NAN = None
nan = 0
reports = []
class ValErr:
    def __init__(self, value, error, antisym):
        self.value, self.error, self.antisym = value, error, antisym

    def __repr__(self):
        if self.antisym == 0.:
            return "%g +- %g" % (self.value, self.error)
        else:
            return "%g +- %g ~ %g" % (self.value, self.error, self.antisym)

class Report:
    def __init__(self, chamberId, postal_address, name):
        self.chamberId, self.postal_address, self.name = chamberId, postal_address, name
        self.status = "NOFIT"
        self.fittype = None
        self.CovMatrix = None

    def add_parameters(self, deltax, deltay, deltaz, deltaphix, deltaphiy, deltaphiz, loglikelihood, numsegments, sumofweights, redchi2):
        self.status = "PASS"
        self.deltax, self.deltay, self.deltaz, self.deltaphix, self.deltaphiy, self.deltaphiz = deltax, deltay, deltaz, deltaphix, deltaphiy, deltaphiz
        self.loglikelihood, self.numsegments, self.sumofweights, self.redchi2 = loglikelihood, numsegments, sumofweights, redchi2

    def add_stats(self, median_x, median_y, median_dxdz, median_dydz, mean30_x, mean30_y, mean20_dxdz, mean50_dydz, mean15_x, mean15_y, mean10_dxdz, mean25_dydz, wmean30_x, wmean30_y, wmean20_dxdz, wmean50_dydz, wmean15_x, wmean15_y, wmean10_dxdz, wmean25_dydz, stdev30_x, stdev30_y, stdev20_dxdz, stdev50_dydz, stdev15_x, stdev15_y, stdev10_dxdz, stdev25_dydz):
        self.median_x, self.median_y, self.median_dxdz, self.median_dydz, self.mean30_x, self.mean30_y, self.mean20_dxdz, self.mean50_dydz, self.mean15_x, self.mean15_y, self.mean10_dxdz, self.mean25_dydz, self.wmean30_x, self.wmean30_y, self.wmean20_dxdz, self.wmean50_dydz, self.wmean15_x, self.wmean15_y, self.wmean10_dxdz, self.wmean25_dydz, self.stdev30_x, self.stdev30_y, self.stdev20_dxdz, self.stdev50_dydz, self.stdev15_x, self.stdev15_y, self.stdev10_dxdz, self.stdev25_dydz = median_x, median_y, median_dxdz, median_dydz, mean30_x, mean30_y, mean20_dxdz, mean50_dydz, mean15_x, mean15_y, mean10_dxdz, mean25_dydz, wmean30_x, wmean30_y, wmean20_dxdz, wmean50_dydz, wmean15_x, wmean15_y, wmean10_dxdz, wmean25_dydz, stdev30_x, stdev30_y, stdev20_dxdz, stdev50_dydz, stdev15_x, stdev15_y, stdev10_dxdz, stdev25_dydz

    def __repr__(self):
        return "<Report %s %s %s>" % (self.postal_address[0], " ".join(map(str, self.postal_address[1:])), self.status)

reports.append(Report(574914560, ("DT", -2, 1, 1), "MBwhAst1sec01"))
reports[-1].posNum = 5884
reports[-1].negNum = 0
reports[-1].fittype = "6DOF"
reports[-1].add_parameters(ValErr(-0.0706908, 0.0113371, 0), \
                           ValErr(0.254814, 0.0933156, 0), \
                           ValErr(-0.0348617, 0.0756519, 0), \
                           ValErr(4.12611e-07, 0.000261592, 0), \
                           ValErr(-0.000255159, 0.000278253, 0), \
                           ValErr(-0.000148875, 0.000184594, 0), \
                           -14344, 5884, 5884, -nan)
reports[-1].sigmax = ValErr(0.668393, 0.00616141, 0)
reports[-1].sigmay = ValErr(1.00281, 0.00924415, 0)
reports[-1].sigmadxdz = ValErr(0, 0, 0)
reports[-1].sigmadydz = ValErr(0, 0, 0)
reports[-1].add_stats(-0.0730078, 0.207759, 9.21288e-05, -0.002193, -0.0753821, 0.213066, 8.35371e-05, -0.00116732, -0.0753821, 0.213066, 8.35371e-05, -0.00116732, -0.0732468, 0.223678, 5.45844e-05, -0.00162556, -0.0732468, 0.223678, 5.45844e-05, -0.00162556, 0.668442, 1.00284, 0.00343044, 0.0308012, 0.668442, 1.00284, 0.00343044, 0.0308012)
reports[-1].CovMatrix = ['0.00012853','0.000605148','-0.00049607','8.68587e-07','-2.86958e-07','-4.97433e-07','2.27209e-08','6.7444e-08','0','0','0','0','0.000605148','0.0087078','-0.00698266','1.28288e-05','-1.74824e-06','5.07003e-07','-3.74704e-07','1.57227e-06','0','0','0','0','-0.00049607','-0.00698266','0.00572321','-9.73738e-06','1.34091e-06','-3.61036e-07','3.115e-07','-1.18695e-06','0','0','0','0','8.68587e-07','1.28288e-05','-9.73738e-06','6.84304e-08','-1.677e-09','4.40676e-09','-3.86479e-11','3.70638e-09','0','0','0','0','-2.86958e-07','-1.74824e-06','1.34091e-06','-1.677e-09','7.74245e-08','2.75479e-08','1.68564e-09','8.00754e-10','0','0','0','0','-4.97433e-07','5.07003e-07','-3.61036e-07','4.40676e-09','2.75479e-08','3.40749e-08','-2.91173e-11','2.30311e-09','0','0','0','0','2.27209e-08','-3.74704e-07','3.115e-07','-3.86479e-11','1.68564e-09','-2.91173e-11','3.79631e-05','-7.13239e-11','0','0','0','0','6.7444e-08','1.57227e-06','-1.18695e-06','3.70638e-09','8.00754e-10','2.30311e-09','-7.13239e-11','8.54545e-05','0','0','0','0','0','0','0','0','0','0','0','0','0','0','0','0','0','0','0','0','0','0','0','0','0','0','0','0','0','0','0','0','0','0','0','0','0','0','0','0','0','0','0','0','0','0','0','0','0','0','0','0']

reports.append(Report(575176704, ("DT", -2, 1, 2), "MBwhAst1sec02"))
reports[-1].posNum = 3866
reports[-1].negNum = 0
reports[-1].fittype = "6DOF"
reports[-1].add_parameters(ValErr(0.00251985, 0.0139685, 0), \
                           ValErr(-0.1775, 0.115266, 0), \
                           ValErr(0.102921, 0.0934008, 0), \
                           ValErr(-0.0002256, 0.000309166, 0), \
                           ValErr(-0.000449799, 0.00034751, 0), \
                           ValErr(-1.84273e-05, 0.000220966, 0), \
                           -9427.17, 3866, 3866, -nan)
reports[-1].sigmax = ValErr(0.670801, 0.00763184, 0)
reports[-1].sigmay = ValErr(0.999888, 0.0113681, 0)
reports[-1].sigmadxdz = ValErr(0, 0, 0)
reports[-1].sigmadydz = ValErr(0, 0, 0)
reports[-1].add_stats(0.00674915, -0.0670194, 0.000943425, -0.00266705, 0.0129542, -0.0527719, 0.000949922, -0.00182098, 0.0129542, -0.0527719, 0.000949922, -0.00182098, 0.00725631, -0.0553408, 0.000965723, -0.00183002, 0.00725631, -0.0553408, 0.000965723, -0.00183002, 0.670978, 1.00011, 0.00341289, 0.0325115, 0.670978, 1.00011, 0.00341289, 0.0325115)
reports[-1].CovMatrix = ['0.00019512','0.000875838','-0.000718693','1.21576e-06','-5.83136e-07','-8.99027e-07','3.53059e-07','1.19318e-07','0','0','0','0','0.000875838','0.0132861','-0.0106462','1.91271e-05','-3.45059e-06','4.88516e-07','5.51186e-06','1.87348e-06','0','0','0','0','-0.000718693','-0.0106462','0.00872371','-1.43894e-05','2.51553e-06','-3.10119e-07','-4.34256e-06','-1.30321e-06','0','0','0','0','1.21576e-06','1.91271e-05','-1.43894e-05','9.55837e-08','-3.02399e-09','5.53127e-09','4.23596e-09','5.43447e-09','0','0','0','0','-5.83136e-07','-3.45059e-06','2.51553e-06','-3.02399e-09','1.20763e-07','4.02438e-08','7.92848e-09','-9.16152e-09','0','0','0','0','-8.99027e-07','4.88516e-07','-3.10119e-07','5.53127e-09','4.02438e-08','4.88258e-08','-5.75347e-11','-2.11229e-09','0','0','0','0','3.53059e-07','5.51186e-06','-4.34256e-06','4.23596e-09','7.92848e-09','-5.75347e-11','5.82452e-05','8.64296e-10','0','0','0','0','1.19318e-07','1.87348e-06','-1.30321e-06','5.43447e-09','-9.16152e-09','-2.11229e-09','8.64296e-10','0.000129235','0','0','0','0','0','0','0','0','0','0','0','0','0','0','0','0','0','0','0','0','0','0','0','0','0','0','0','0','0','0','0','0','0','0','0','0','0','0','0','0','0','0','0','0','0','0','0','0','0','0','0','0']

reports.append(Report(575438848, ("DT", -2, 1, 3), "MBwhAst1sec03"))
reports[-1].posNum = 4292
reports[-1].negNum = 0
reports[-1].fittype = "6DOF"
reports[-1].add_parameters(ValErr(-0.0238499, 0.0143953, 0), \
                           ValErr(-0.0366506, 0.109515, 0), \
                           ValErr(-0.0149449, 0.0890141, 0), \
                           ValErr(0.000442375, 0.000298171, 0), \
                           ValErr(0.000358741, 0.000315602, 0), \
                           ValErr(-8.67419e-05, 0.000215924, 0), \
                           -10416.5, 4292, 4292, -nan)
reports[-1].sigmax = ValErr(0.67601, 0.0072965, 0)
reports[-1].sigmay = ValErr(0.980825, 0.0105864, 0)
reports[-1].sigmadxdz = ValErr(0, 0, 0)
reports[-1].sigmadydz = ValErr(0, 0, 0)
reports[-1].add_stats(-0.035389, -0.0727763, 0.000106237, -0.00277457, -0.0304429, -0.0663354, 7.22419e-05, -0.00194023, -0.0304429, -0.0663354, 7.22419e-05, -0.00194023, -0.0299263, -0.055274, 7.48262e-05, -0.00189143, -0.0299263, -0.055274, 7.48262e-05, -0.00189143, 0.675981, 0.981535, 0.00347322, 0.0321791, 0.675981, 0.981535, 0.00347322, 0.0321791)
reports[-1].CovMatrix = ['0.000207226','0.000980492','-0.000803393','1.38749e-06','-5.91095e-07','-8.75512e-07','1.41786e-08','1.3344e-07','0','0','0','0','0.000980492','0.0119935','-0.00964217','1.76658e-05','-2.58453e-06','2.61909e-07','5.85997e-08','1.40928e-06','0','0','0','0','-0.000803393','-0.00964217','0.00792351','-1.3274e-05','2.42443e-06','-1.16251e-07','1.23291e-07','-1.23409e-06','0','0','0','0','1.38749e-06','1.76658e-05','-1.3274e-05','8.8906e-08','-1.1246e-09','5.97271e-09','7.97953e-09','-6.34476e-09','0','0','0','0','-5.91095e-07','-2.58453e-06','2.42443e-06','-1.1246e-09','9.96048e-08','3.76099e-08','8.37218e-09','-7.5344e-09','0','0','0','0','-8.75512e-07','2.61909e-07','-1.16251e-07','5.97271e-09','3.76099e-08','4.66233e-08','4.04958e-09','-2.84754e-09','0','0','0','0','1.41786e-08','5.85997e-08','1.23291e-07','7.97953e-09','8.37218e-09','4.04958e-09','5.32391e-05','-1.59581e-09','0','0','0','0','1.3344e-07','1.40928e-06','-1.23409e-06','-6.34476e-09','-7.5344e-09','-2.84754e-09','-1.59581e-09','0.000112073','0','0','0','0','0','0','0','0','0','0','0','0','0','0','0','0','0','0','0','0','0','0','0','0','0','0','0','0','0','0','0','0','0','0','0','0','0','0','0','0','0','0','0','0','0','0','0','0','0','0','0','0']

reports.append(Report(575700992, ("DT", -2, 1, 4), "MBwhAst1sec04"))
reports[-1].posNum = 5969
reports[-1].negNum = 0
reports[-1].fittype = "6DOF"
reports[-1].add_parameters(ValErr(-0.0950879, 0.0112501, 0), \
                           ValErr(0.0780783, 0.0971506, 0), \
                           ValErr(-0.0246643, 0.0786138, 0), \
                           ValErr(0.000446547, 0.000260235, 0), \
                           ValErr(9.59268e-05, 0.000282631, 0), \
                           ValErr(0.000450751, 0.00018348, 0), \
                           -14719.5, 5969, 5969, -nan)
reports[-1].sigmax = ValErr(0.680588, 0.00622911, 0)
reports[-1].sigmay = ValErr(1.013, 0.00927156, 0)
reports[-1].sigmadxdz = ValErr(0, 0, 0)
reports[-1].sigmadydz = ValErr(0, 0, 0)
reports[-1].add_stats(-0.0989022, 0.0462198, 0.000496268, -0.00324245, -0.0913216, 0.0415321, 0.000521969, -0.00229036, -0.0913216, 0.0415321, 0.000521969, -0.00229036, -0.0912847, 0.0478576, 0.000543274, -0.00196274, -0.0912847, 0.0478576, 0.000543274, -0.00196274, 0.680965, 1.01326, 0.00344689, 0.033759, 0.680965, 1.01326, 0.00344689, 0.033759)
reports[-1].CovMatrix = ['0.000126565','0.000631864','-0.000516958','9.11032e-07','-1.68917e-07','-3.39769e-07','-2.88908e-08','1.55222e-07','0','0','0','0','0.000631864','0.00943825','-0.0075635','1.37321e-05','-1.73338e-06','7.8549e-07','-1.16221e-06','2.78183e-06','0','0','0','0','-0.000516958','-0.0075635','0.00618013','-1.06844e-05','1.21053e-06','-6.05559e-07','8.65301e-07','-2.05485e-06','0','0','0','0','9.11032e-07','1.37321e-05','-1.06844e-05','6.77225e-08','-2.27926e-09','4.66003e-09','-8.8543e-09','1.66612e-08','0','0','0','0','-1.68917e-07','-1.73338e-06','1.21053e-06','-2.27926e-09','7.98801e-08','2.71281e-08','1.53401e-09','9.98601e-10','0','0','0','0','-3.39769e-07','7.8549e-07','-6.05559e-07','4.66003e-09','2.71281e-08','3.3665e-08','-4.65468e-10','2.96487e-09','0','0','0','0','-2.88908e-08','-1.16221e-06','8.65301e-07','-8.8543e-09','1.53401e-09','-4.65468e-10','3.88019e-05','-2.23809e-09','0','0','0','0','1.55222e-07','2.78183e-06','-2.05485e-06','1.66612e-08','9.98601e-10','2.96487e-09','-2.23809e-09','8.59621e-05','0','0','0','0','0','0','0','0','0','0','0','0','0','0','0','0','0','0','0','0','0','0','0','0','0','0','0','0','0','0','0','0','0','0','0','0','0','0','0','0','0','0','0','0','0','0','0','0','0','0','0','0']

reports.append(Report(575963136, ("DT", -2, 1, 5), "MBwhAst1sec05"))
reports[-1].posNum = 5255
reports[-1].negNum = 0
reports[-1].fittype = "6DOF"
reports[-1].add_parameters(ValErr(0.0251048, 0.0126688, 0), \
                           ValErr(0.137759, 0.102908, 0), \
                           ValErr(-0.14978, 0.0835664, 0), \
                           ValErr(-5.52317e-05, 0.000271408, 0), \
                           ValErr(0.000191722, 0.000298886, 0), \
                           ValErr(0.000204549, 0.000192278, 0), \
                           -12906.6, 5255, 5255, -nan)
reports[-1].sigmax = ValErr(0.682158, 0.00664767, 0)
reports[-1].sigmay = ValErr(1.00068, 0.00973413, 0)
reports[-1].sigmadxdz = ValErr(0, 0, 0)
reports[-1].sigmadydz = ValErr(0, 0, 0)
reports[-1].add_stats(0.0162039, -0.0230518, -0.000125848, 0.000303691, 0.0142698, -0.039654, -0.000132622, 0.000663618, 0.0142698, -0.039654, -0.000132622, 0.000663618, 0.0141281, -0.0471778, -0.000131286, 0.000557623, 0.0141281, -0.0471778, -0.000131286, 0.000557623, 0.682436, 1.0009, 0.00347936, 0.0338384, 0.682436, 1.0009, 0.00347936, 0.0338384)
reports[-1].CovMatrix = ['0.000160498','0.000805298','-0.000659854','1.15262e-06','-3.72115e-07','-5.67273e-07','-5.1541e-07','-2.12559e-07','0','0','0','0','0.000805298','0.01059','-0.00851571','1.54797e-05','-2.8967e-06','-1.64284e-07','-6.56112e-06','-1.67851e-06','0','0','0','0','-0.000659854','-0.00851571','0.00698334','-1.19553e-05','2.46406e-06','1.96774e-07','5.12916e-06','1.08373e-06','0','0','0','0','1.15262e-06','1.54797e-05','-1.19553e-05','7.36625e-08','-8.16635e-10','4.07218e-09','-8.06292e-09','3.42861e-10','0','0','0','0','-3.72115e-07','-2.8967e-06','2.46406e-06','-8.16635e-10','8.93326e-08','2.99824e-08','8.56302e-09','1.58323e-10','0','0','0','0','-5.67273e-07','-1.64284e-07','1.96774e-07','4.07218e-09','2.99824e-08','3.69707e-08','-1.61718e-09','-2.74788e-10','0','0','0','0','-5.1541e-07','-6.56112e-06','5.12916e-06','-8.06292e-09','8.56302e-09','-1.61718e-09','4.41916e-05','-2.76744e-08','0','0','0','0','-2.12559e-07','-1.67851e-06','1.08373e-06','3.42861e-10','1.58323e-10','-2.74788e-10','-2.76744e-08','9.47536e-05','0','0','0','0','0','0','0','0','0','0','0','0','0','0','0','0','0','0','0','0','0','0','0','0','0','0','0','0','0','0','0','0','0','0','0','0','0','0','0','0','0','0','0','0','0','0','0','0','0','0','0','0']

reports.append(Report(576225280, ("DT", -2, 1, 6), "MBwhAst1sec06"))
reports[-1].posNum = 4369
reports[-1].negNum = 0
reports[-1].fittype = "6DOF"
reports[-1].add_parameters(ValErr(0.0120935, 0.014309, 0), \
                           ValErr(0.0424344, 0.10912, 0), \
                           ValErr(0.00551818, 0.088533, 0), \
                           ValErr(0.000424248, 0.000294168, 0), \
                           ValErr(0.000450658, 0.000320664, 0), \
                           ValErr(0.000310469, 0.000210919, 0), \
                           -10589.7, 4369, 4369, -nan)
reports[-1].sigmax = ValErr(0.669184, 0.00715884, 0)
reports[-1].sigmay = ValErr(0.987727, 0.0105665, 0)
reports[-1].sigmadxdz = ValErr(0, 0, 0)
reports[-1].sigmadydz = ValErr(0, 0, 0)
reports[-1].add_stats(0.0135099, 0.0385284, -8.06269e-05, -0.00435663, 0.0165384, 0.0386478, -6.83576e-05, -0.00307817, 0.0165384, 0.0386478, -6.83576e-05, -0.00307817, 0.0236897, 0.0528419, -0.000104679, -0.00375574, 0.0236897, 0.0528419, -0.000104679, -0.00375574, 0.669263, 0.98818, 0.00341384, 0.0320948, 0.669263, 0.98818, 0.00341384, 0.0320948)
reports[-1].CovMatrix = ['0.000204748','0.000994486','-0.000813542','1.37897e-06','-5.97769e-07','-8.70485e-07','7.40333e-08','4.48253e-08','0','0','0','0','0.000994486','0.0119072','-0.00955585','1.72457e-05','-3.17315e-06','-3.5245e-07','5.11404e-07','6.92463e-07','0','0','0','0','-0.000813542','-0.00955585','0.0078381','-1.29581e-05','2.98697e-06','3.96874e-07','-2.95461e-07','-5.79061e-07','0','0','0','0','1.37897e-06','1.72457e-05','-1.29581e-05','8.65348e-08','8.85659e-10','5.48094e-09','6.3757e-09','-4.24609e-09','0','0','0','0','-5.97769e-07','-3.17315e-06','2.98697e-06','8.85659e-10','1.02826e-07','3.61274e-08','6.35151e-09','-4.7138e-09','0','0','0','0','-8.70485e-07','-3.5245e-07','3.96874e-07','5.48094e-09','3.61274e-08','4.4487e-08','2.51978e-09','-8.90251e-10','0','0','0','0','7.40333e-08','5.11404e-07','-2.95461e-07','6.3757e-09','6.35151e-09','2.51978e-09','5.12491e-05','-6.88294e-10','0','0','0','0','4.48253e-08','6.92463e-07','-5.79061e-07','-4.24609e-09','-4.7138e-09','-8.90251e-10','-6.88294e-10','0.000111652','0','0','0','0','0','0','0','0','0','0','0','0','0','0','0','0','0','0','0','0','0','0','0','0','0','0','0','0','0','0','0','0','0','0','0','0','0','0','0','0','0','0','0','0','0','0','0','0','0','0','0','0']

reports.append(Report(576487424, ("DT", -2, 1, 7), "MBwhAst1sec07"))
reports[-1].posNum = 6058
reports[-1].negNum = 0
reports[-1].fittype = "6DOF"
reports[-1].add_parameters(ValErr(-0.0332024, 0.0112517, 0), \
                           ValErr(0.15813, 0.0938809, 0), \
                           ValErr(0.0477497, 0.0761234, 0), \
                           ValErr(0.000111851, 0.000258137, 0), \
                           ValErr(0.00035632, 0.000277275, 0), \
                           ValErr(-8.08549e-05, 0.000188153, 0), \
                           -14664.4, 6058, 6058, -nan)
reports[-1].sigmax = ValErr(0.674824, 0.00613073, 0)
reports[-1].sigmay = ValErr(0.976374, 0.0088703, 0)
reports[-1].sigmadxdz = ValErr(0, 0, 0)
reports[-1].sigmadydz = ValErr(0, 0, 0)
reports[-1].add_stats(-0.0307115, 0.227359, 0.00016251, -0.00115102, -0.0324629, 0.214299, 0.000193355, -0.00167396, -0.0324629, 0.214299, 0.000193355, -0.00167396, -0.0332165, 0.201672, 0.000189925, -0.00205671, -0.0332165, 0.201672, 0.000189925, -0.00205671, 0.674842, 0.976731, 0.0034646, 0.0320768, 0.674842, 0.976731, 0.0034646, 0.0320768)
reports[-1].CovMatrix = ['0.000126601','0.000607158','-0.000497427','8.68839e-07','-2.89996e-07','-4.74981e-07','1.58051e-07','-1.3096e-07','0','0','0','0','0.000607158','0.00881362','-0.00707618','1.29221e-05','-1.64518e-06','6.32754e-07','1.27238e-06','-8.54764e-07','0','0','0','0','-0.000497427','-0.00707618','0.00579477','-9.87704e-06','1.22141e-06','-4.69594e-07','-1.06379e-06','8.28039e-07','0','0','0','0','8.68839e-07','1.29221e-05','-9.87704e-06','6.66347e-08','-1.97552e-09','4.49864e-09','5.87906e-10','2.59216e-09','0','0','0','0','-2.89996e-07','-1.64518e-06','1.22141e-06','-1.97552e-09','7.68817e-08','2.88906e-08','7.18675e-10','2.17969e-09','0','0','0','0','-4.74981e-07','6.32754e-07','-4.69594e-07','4.49864e-09','2.88906e-08','3.54014e-08','-1.22363e-09','4.04945e-09','0','0','0','0','1.58051e-07','1.27238e-06','-1.06379e-06','5.87906e-10','7.18675e-10','-1.22363e-09','3.7586e-05','-4.26112e-10','0','0','0','0','-1.3096e-07','-8.54764e-07','8.28039e-07','2.59216e-09','2.17969e-09','4.04945e-09','-4.26112e-10','7.86825e-05','0','0','0','0','0','0','0','0','0','0','0','0','0','0','0','0','0','0','0','0','0','0','0','0','0','0','0','0','0','0','0','0','0','0','0','0','0','0','0','0','0','0','0','0','0','0','0','0','0','0','0','0']

reports.append(Report(576749568, ("DT", -2, 1, 8), "MBwhAst1sec08"))
reports[-1].posNum = 5528
reports[-1].negNum = 0
reports[-1].fittype = "6DOF"
reports[-1].add_parameters(ValErr(-0.000391236, 0.0116529, 0), \
                           ValErr(0.0307574, 0.0980519, 0), \
                           ValErr(-0.00633119, 0.0795021, 0), \
                           ValErr(-0.000384087, 0.000269538, 0), \
                           ValErr(0.00103124, 0.000291016, 0), \
                           ValErr(0.000328566, 0.000188026, 0), \
                           -13521.2, 5528, 5528, -nan)
reports[-1].sigmax = ValErr(0.667647, 0.00634955, 0)
reports[-1].sigmay = ValErr(1.01216, 0.00962626, 0)
reports[-1].sigmadxdz = ValErr(0, 0, 0)
reports[-1].sigmadydz = ValErr(0, 0, 0)
reports[-1].add_stats(0.0120239, 0.0459405, 0.000980243, -0.00193387, 0.000769236, 0.0316232, 0.00102198, -0.00108686, 0.000769236, 0.0316232, 0.00102198, -0.00108686, 0.00329781, 0.0256624, 0.00100486, -0.00100298, 0.00329781, 0.0256624, 0.00100486, -0.00100298, 0.6679, 1.01329, 0.00344627, 0.0333499, 0.6679, 1.01329, 0.00344627, 0.0333499)
reports[-1].CovMatrix = ['0.000135789','0.000662397','-0.000543305','9.34693e-07','-3.23921e-07','-5.42907e-07','5.74234e-08','1.97701e-08','0','0','0','0','0.000662397','0.00961418','-0.00771378','1.39049e-05','-2.92274e-06','-5.40853e-07','9.33073e-08','8.72818e-07','0','0','0','0','-0.000543305','-0.00771378','0.00632058','-1.067e-05','2.32791e-06','5.09187e-07','-8.01238e-08','-5.97758e-07','0','0','0','0','9.34693e-07','1.39049e-05','-1.067e-05','7.26509e-08','1.58005e-09','3.5677e-09','8.81394e-11','3.7362e-09','0','0','0','0','-3.23921e-07','-2.92274e-06','2.32791e-06','1.58005e-09','8.46905e-08','2.88298e-08','1.13496e-09','1.98101e-09','0','0','0','0','-5.42907e-07','-5.40853e-07','5.09187e-07','3.5677e-09','2.88298e-08','3.53537e-08','-1.1575e-10','2.46588e-09','0','0','0','0','5.74234e-08','9.33073e-08','-8.01238e-08','8.81394e-11','1.13496e-09','-1.1575e-10','4.03169e-05','-9.26249e-14','0','0','0','0','1.97701e-08','8.72818e-07','-5.97758e-07','3.7362e-09','1.98101e-09','2.46588e-09','-9.26249e-14','9.26652e-05','0','0','0','0','0','0','0','0','0','0','0','0','0','0','0','0','0','0','0','0','0','0','0','0','0','0','0','0','0','0','0','0','0','0','0','0','0','0','0','0','0','0','0','0','0','0','0','0','0','0','0','0']

reports.append(Report(577011712, ("DT", -2, 1, 9), "MBwhAst1sec09"))
reports[-1].posNum = 3644
reports[-1].negNum = 0
reports[-1].fittype = "6DOF"
reports[-1].add_parameters(ValErr(-0.0257868, 0.0137745, 0), \
                           ValErr(0.197631, 0.115669, 0), \
                           ValErr(-0.223012, 0.0937108, 0), \
                           ValErr(-7.09223e-06, 0.000319489, 0), \
                           ValErr(-5.9713e-05, 0.000341552, 0), \
                           ValErr(0.000143312, 0.000224142, 0), \
                           -8816.61, 3644, 3644, -nan)
reports[-1].sigmax = ValErr(0.660793, 0.00774059, 0)
reports[-1].sigmay = ValErr(0.995936, 0.0116666, 0)
reports[-1].sigmadxdz = ValErr(0, 0, 0)
reports[-1].sigmadydz = ValErr(0, 0, 0)
reports[-1].add_stats(-0.0505695, -0.0441992, 0.000102497, -0.00295324, -0.0418755, -0.0696465, 0.000101438, -0.0018704, -0.0418755, -0.0696465, 0.000101438, -0.0018704, -0.0275426, -0.0695751, 2.93278e-05, -0.00190772, -0.0275426, -0.0695751, 2.93278e-05, -0.00190772, 0.661368, 0.996208, 0.00343076, 0.0334505, 0.661368, 0.996208, 0.00343076, 0.0334505)
reports[-1].CovMatrix = ['0.000189736','0.000890323','-0.000729916','1.30249e-06','-1.55847e-07','-4.3494e-07','-1.79425e-07','4.41163e-07','0','0','0','0','0.000890323','0.0133794','-0.010722','1.97388e-05','-1.47083e-06','2.41534e-06','-3.56905e-06','6.98903e-06','0','0','0','0','-0.000729916','-0.010722','0.00878171','-1.52972e-05','8.835e-07','-1.92991e-06','3.00448e-06','-5.69988e-06','0','0','0','0','1.30249e-06','1.97388e-05','-1.52972e-05','1.02073e-07','-6.20432e-09','8.86169e-09','-1.35435e-09','7.32167e-09','0','0','0','0','-1.55847e-07','-1.47083e-06','8.835e-07','-6.20432e-09','1.16658e-07','3.98639e-08','-1.54667e-08','2.83285e-08','0','0','0','0','-4.3494e-07','2.41534e-06','-1.92991e-06','8.86169e-09','3.98639e-08','5.02398e-08','-5.37475e-09','1.17699e-08','0','0','0','0','-1.79425e-07','-3.56905e-06','3.00448e-06','-1.35435e-09','-1.54667e-08','-5.37475e-09','5.99169e-05','-5.91431e-09','0','0','0','0','4.41163e-07','6.98903e-06','-5.69988e-06','7.32167e-09','2.83285e-08','1.17699e-08','-5.91431e-09','0.00013611','0','0','0','0','0','0','0','0','0','0','0','0','0','0','0','0','0','0','0','0','0','0','0','0','0','0','0','0','0','0','0','0','0','0','0','0','0','0','0','0','0','0','0','0','0','0','0','0','0','0','0','0']

reports.append(Report(577273856, ("DT", -2, 1, 10), "MBwhAst1sec10"))
reports[-1].posNum = 4001
reports[-1].negNum = 0
reports[-1].fittype = "6DOF"
reports[-1].add_parameters(ValErr(0.0249587, 0.0132302, 0), \
                           ValErr(0.104335, 0.11417, 0), \
                           ValErr(-0.00677407, 0.0927726, 0), \
                           ValErr(-0.000491041, 0.00029245, 0), \
                           ValErr(0.000181966, 0.000324328, 0), \
                           ValErr(0.000127069, 0.000204798, 0), \
                           -9671.83, 4001, 4001, -nan)
reports[-1].sigmax = ValErr(0.668489, 0.00747307, 0)
reports[-1].sigmay = ValErr(0.982371, 0.0109819, 0)
reports[-1].sigmadxdz = ValErr(0, 0, 0)
reports[-1].sigmadydz = ValErr(0, 0, 0)
reports[-1].add_stats(0.0201509, 0.104302, 0.000182221, -0.0018735, 0.0255906, 0.10025, 0.000131688, -0.000115636, 0.0255906, 0.10025, 0.000131688, -0.000115636, 0.0261568, 0.0966078, 0.000133294, -0.000511612, 0.0261568, 0.0966078, 0.000133294, -0.000511612, 0.668591, 0.982833, 0.00343962, 0.03294, 0.668591, 0.982833, 0.00343962, 0.03294)
reports[-1].CovMatrix = ['0.000175039','0.000869209','-0.000714173','1.27507e-06','-2.35028e-08','-2.38042e-07','2.05271e-07','-1.35553e-07','0','0','0','0','0.000869209','0.0130349','-0.0104914','1.89145e-05','-2.05532e-06','1.18278e-06','2.33169e-06','-2.00427e-06','0','0','0','0','-0.000714173','-0.0104914','0.00860675','-1.51399e-05','1.41022e-06','-9.46693e-07','-1.88069e-06','1.71033e-06','0','0','0','0','1.27507e-06','1.89145e-05','-1.51399e-05','8.55272e-08','-2.01819e-09','6.24883e-09','9.22128e-09','-9.15229e-09','0','0','0','0','-2.35028e-08','-2.05532e-06','1.41022e-06','-2.01819e-09','1.05189e-07','3.40312e-08','3.33209e-09','-3.12553e-10','0','0','0','0','-2.38042e-07','1.18278e-06','-9.46693e-07','6.24883e-09','3.40312e-08','4.19424e-08','3.21477e-09','-1.61146e-09','0','0','0','0','2.05271e-07','2.33169e-06','-1.88069e-06','9.22128e-09','3.33209e-09','3.21477e-09','5.5847e-05','-1.04406e-09','0','0','0','0','-1.35553e-07','-2.00427e-06','1.71033e-06','-9.15229e-09','-3.12553e-10','-1.61146e-09','-1.04406e-09','0.000120603','0','0','0','0','0','0','0','0','0','0','0','0','0','0','0','0','0','0','0','0','0','0','0','0','0','0','0','0','0','0','0','0','0','0','0','0','0','0','0','0','0','0','0','0','0','0','0','0','0','0','0','0']

reports.append(Report(577536000, ("DT", -2, 1, 11), "MBwhAst1sec11"))
reports[-1].posNum = 4197
reports[-1].negNum = 0
reports[-1].fittype = "6DOF"
reports[-1].add_parameters(ValErr(0.0434625, 0.0136344, 0), \
                           ValErr(0.194799, 0.113589, 0), \
                           ValErr(-0.101987, 0.0920761, 0), \
                           ValErr(0.000596448, 0.000292674, 0), \
                           ValErr(9.44966e-05, 0.000327765, 0), \
                           ValErr(-2.74876e-05, 0.000205926, 0), \
                           -10207.1, 4197, 4197, -nan)
reports[-1].sigmax = ValErr(0.670179, 0.00731487, 0)
reports[-1].sigmay = ValErr(0.994334, 0.0108529, 0)
reports[-1].sigmadxdz = ValErr(0, 0, 0)
reports[-1].sigmadydz = ValErr(0, 0, 0)
reports[-1].add_stats(0.0265751, 0.0601028, -0.000444606, -0.00215422, 0.0325251, 0.0670998, -0.000492434, -0.00193835, 0.0325251, 0.0670998, -0.000492434, -0.00193835, 0.0466581, 0.0680195, -0.000561732, -0.00228885, 0.0466581, 0.0680195, -0.000561732, -0.00228885, 0.670296, 0.994707, 0.00343434, 0.0337035, 0.670296, 0.994707, 0.00343434, 0.0337035)
reports[-1].CovMatrix = ['0.000185897','0.00097795','-0.000799352','1.40957e-06','-6.70466e-08','-2.38516e-07','2.71541e-07','-2.22275e-07','0','0','0','0','0.00097795','0.0129025','-0.0103618','1.83896e-05','-2.93697e-06','3.02071e-07','2.97637e-06','-2.99791e-06','0','0','0','0','-0.000799352','-0.0103618','0.008478','-1.47295e-05','2.56677e-06','-2.18296e-07','-2.4374e-06','2.58108e-06','0','0','0','0','1.40957e-06','1.83896e-05','-1.47295e-05','8.56582e-08','-1.65517e-10','6.01977e-09','4.36931e-09','-1.99839e-09','0','0','0','0','-6.70466e-08','-2.93697e-06','2.56677e-06','-1.65517e-10','1.0743e-07','3.42687e-08','-1.17109e-09','6.654e-09','0','0','0','0','-2.38516e-07','3.02071e-07','-2.18296e-07','6.01977e-09','3.42687e-08','4.24055e-08','1.4577e-09','9.11369e-10','0','0','0','0','2.71541e-07','2.97637e-06','-2.4374e-06','4.36931e-09','-1.17109e-09','1.4577e-09','5.35075e-05','-8.12896e-10','0','0','0','0','-2.22275e-07','-2.99791e-06','2.58108e-06','-1.99839e-09','6.654e-09','9.11369e-10','-8.12896e-10','0.000117787','0','0','0','0','0','0','0','0','0','0','0','0','0','0','0','0','0','0','0','0','0','0','0','0','0','0','0','0','0','0','0','0','0','0','0','0','0','0','0','0','0','0','0','0','0','0','0','0','0','0','0','0']

reports.append(Report(577798144, ("DT", -2, 1, 12), "MBwhAst1sec12"))
reports[-1].posNum = 5337
reports[-1].negNum = 0
reports[-1].fittype = "6DOF"
reports[-1].add_parameters(ValErr(-0.0448039, 0.0122548, 0), \
                           ValErr(0.118246, 0.102513, 0), \
                           ValErr(0.00115351, 0.0831951, 0), \
                           ValErr(-4.30529e-05, 0.000271152, 0), \
                           ValErr(0.000313274, 0.00029725, 0), \
                           ValErr(0.000496735, 0.000192422, 0), \
                           -13163.4, 5337, 5337, -nan)
reports[-1].sigmax = ValErr(0.685163, 0.00663186, 0)
reports[-1].sigmay = ValErr(1.00669, 0.00974396, 0)
reports[-1].sigmadxdz = ValErr(0, 0, 0)
reports[-1].sigmadydz = ValErr(0, 0, 0)
reports[-1].add_stats(-0.0324272, 0.121801, 0.000912849, -0.0028868, -0.0368197, 0.120133, 0.00088631, -0.00149325, -0.0368197, 0.120133, 0.00088631, -0.00149325, -0.0363859, 0.113016, 0.000869343, -0.001548, -0.0363859, 0.113016, 0.000869343, -0.001548, 0.685608, 1.00669, 0.00346279, 0.0323672, 0.685608, 1.00669, 0.00346279, 0.0323672)
reports[-1].CovMatrix = ['0.00015018','0.000737014','-0.000604245','1.05691e-06','-3.34079e-07','-5.4322e-07','-7.38769e-08','2.29399e-07','0','0','0','0','0.000737014','0.0105089','-0.00844497','1.53498e-05','-2.57979e-06','8.48858e-08','-2.0439e-06','4.17166e-06','0','0','0','0','-0.000604245','-0.00844497','0.00692142','-1.18504e-05','2.04204e-06','-1.40825e-08','1.62028e-06','-3.22316e-06','0','0','0','0','1.05691e-06','1.53498e-05','-1.18504e-05','7.35235e-08','-1.2084e-09','3.97894e-09','-6.18997e-09','1.30897e-08','0','0','0','0','-3.34079e-07','-2.57979e-06','2.04204e-06','-1.2084e-09','8.83573e-08','3.02476e-08','5.21868e-09','-3.92273e-09','0','0','0','0','-5.4322e-07','8.48858e-08','-1.40825e-08','3.97894e-09','3.02476e-08','3.70262e-08','-1.91954e-10','2.71309e-09','0','0','0','0','-7.38769e-08','-2.0439e-06','1.62028e-06','-6.18997e-09','5.21868e-09','-1.91954e-10','4.39816e-05','-1.62413e-09','0','0','0','0','2.29399e-07','4.17166e-06','-3.22316e-06','1.30897e-08','-3.92273e-09','2.71309e-09','-1.62413e-09','9.4945e-05','0','0','0','0','0','0','0','0','0','0','0','0','0','0','0','0','0','0','0','0','0','0','0','0','0','0','0','0','0','0','0','0','0','0','0','0','0','0','0','0','0','0','0','0','0','0','0','0','0','0','0','0']

reports.append(Report(579108864, ("DT", -2, 2, 1), "MBwhAst2sec01"))
reports[-1].posNum = 7121
reports[-1].negNum = 0
reports[-1].fittype = "6DOF"
reports[-1].add_parameters(ValErr(-0.0929623, 0.0113803, 0), \
                           ValErr(0.0472212, 0.0891622, 0), \
                           ValErr(0.042221, 0.085537, 0), \
                           ValErr(6.52222e-05, 0.000325536, 0), \
                           ValErr(0.000166818, 0.000311177, 0), \
                           ValErr(-0.000247716, 0.00022038, 0), \
                           -20761, 7121, 7121, -nan)
reports[-1].sigmax = ValErr(0.892628, 0.00747979, 0)
reports[-1].sigmay = ValErr(1.21067, 0.0101449, 0)
reports[-1].sigmadxdz = ValErr(0, 0, 0)
reports[-1].sigmadydz = ValErr(0, 0, 0)
reports[-1].add_stats(-0.10877, 0.0796112, 0.000199007, -0.00044948, -0.0988308, 0.0899463, 0.000228251, -0.0010058, -0.0988308, 0.0899463, 0.000228251, -0.0010058, -0.102913, 0.0884744, 0.000249534, -0.00115585, -0.102913, 0.0884744, 0.000249534, -0.00115585, 0.89266, 1.21103, 0.00370167, 0.0258913, 0.89266, 1.21103, 0.00370167, 0.0258913)
reports[-1].CovMatrix = ['0.00012951','-0.000327659','0.000318132','-5.68108e-07','1.05849e-07','-2.30841e-07','1.09974e-07','-6.98624e-08','0','0','0','0','-0.000327659','0.00794989','-0.00752508','1.34803e-05','1.3774e-06','1.89479e-07','2.53185e-07','-5.6057e-08','0','0','0','0','0.000318132','-0.00752508','0.00731658','-1.25056e-05','-1.37789e-06','-2.01544e-07','-2.45861e-07','1.89481e-07','0','0','0','0','-5.68108e-07','1.34803e-05','-1.25056e-05','1.05974e-07','7.85899e-10','-3.02248e-09','1.09203e-09','1.33594e-09','0','0','0','0','1.05849e-07','1.3774e-06','-1.37789e-06','7.85899e-10','9.68312e-08','4.64578e-08','4.95368e-09','-5.64921e-10','0','0','0','0','-2.30841e-07','1.89479e-07','-2.01544e-07','-3.02248e-09','4.64578e-08','4.85672e-08','-1.70109e-09','6.33207e-09','0','0','0','0','1.09974e-07','2.53185e-07','-2.45861e-07','1.09203e-09','4.95368e-09','-1.70109e-09','5.59474e-05','-1.04503e-09','0','0','0','0','-6.98624e-08','-5.6057e-08','1.89481e-07','1.33594e-09','-5.64921e-10','6.33207e-09','-1.04503e-09','0.000102919','0','0','0','0','0','0','0','0','0','0','0','0','0','0','0','0','0','0','0','0','0','0','0','0','0','0','0','0','0','0','0','0','0','0','0','0','0','0','0','0','0','0','0','0','0','0','0','0','0','0','0','0']

reports.append(Report(579371008, ("DT", -2, 2, 2), "MBwhAst2sec02"))
reports[-1].posNum = 6534
reports[-1].negNum = 0
reports[-1].fittype = "6DOF"
reports[-1].add_parameters(ValErr(0.0434892, 0.0119101, 0), \
                           ValErr(-0.11821, 0.0912505, 0), \
                           ValErr(0.0151438, 0.0874341, 0), \
                           ValErr(-0.000277936, 0.000350533, 0), \
                           ValErr(-0.000351831, 0.000326248, 0), \
                           ValErr(-0.000212303, 0.000231372, 0), \
                           -19021.7, 6534, 6534, -nan)
reports[-1].sigmax = ValErr(0.877424, 0.00767549, 0)
reports[-1].sigmay = ValErr(1.2264, 0.0107283, 0)
reports[-1].sigmadxdz = ValErr(0, 0, 0)
reports[-1].sigmadydz = ValErr(0, 0, 0)
reports[-1].add_stats(0.031302, -0.103089, 0.000141353, -0.000586867, 0.042438, -0.100833, 0.000113599, -0.000965709, 0.042438, -0.100833, 0.000113599, -0.000965709, 0.0402698, -0.0993079, 0.000126081, -0.001122, 0.0402698, -0.0993079, 0.000126081, -0.001122, 0.877494, 1.22649, 0.00369138, 0.0253509, 0.877494, 1.22649, 0.00369138, 0.0253509)
reports[-1].CovMatrix = ['0.00014185','-0.000390676','0.000377976','-6.70689e-07','-1.98284e-08','-4.03141e-07','1.20212e-08','5.8335e-08','0','0','0','0','-0.000390676','0.00832665','-0.00786248','1.40921e-05','2.58148e-06','1.45292e-06','3.53579e-07','-1.19424e-07','0','0','0','0','0.000377976','-0.00786248','0.00764472','-1.27595e-05','-2.80425e-06','-1.46584e-06','-3.16192e-07','2.26422e-07','0','0','0','0','-6.70689e-07','1.40921e-05','-1.27595e-05','1.22874e-07','-4.35409e-09','-2.71143e-09','2.26936e-09','1.69279e-11','0','0','0','0','-1.98284e-08','2.58148e-06','-2.80425e-06','-4.35409e-09','1.06437e-07','5.11164e-08','-8.09477e-10','7.57835e-09','0','0','0','0','-4.03141e-07','1.45292e-06','-1.46584e-06','-2.71143e-09','5.11164e-08','5.35328e-08','2.60244e-09','7.25089e-10','0','0','0','0','1.20212e-08','3.53579e-07','-3.16192e-07','2.26936e-09','-8.09477e-10','2.60244e-09','5.89132e-05','-3.5943e-10','0','0','0','0','5.8335e-08','-1.19424e-07','2.26422e-07','1.69279e-11','7.57835e-09','7.25089e-10','-3.5943e-10','0.000115096','0','0','0','0','0','0','0','0','0','0','0','0','0','0','0','0','0','0','0','0','0','0','0','0','0','0','0','0','0','0','0','0','0','0','0','0','0','0','0','0','0','0','0','0','0','0','0','0','0','0','0','0']

reports.append(Report(579633152, ("DT", -2, 2, 3), "MBwhAst2sec03"))
reports[-1].posNum = 5903
reports[-1].negNum = 0
reports[-1].fittype = "6DOF"
reports[-1].add_parameters(ValErr(-0.0701884, 0.0125903, 0), \
                           ValErr(-0.0843924, 0.0991611, 0), \
                           ValErr(-0.0157753, 0.0950589, 0), \
                           ValErr(0.000212915, 0.000364767, 0), \
                           ValErr(-0.000403828, 0.000349905, 0), \
                           ValErr(-0.000288749, 0.000250898, 0), \
                           -17186.3, 5903, 5903, -nan)
reports[-1].sigmax = ValErr(0.900808, 0.00829055, 0)
reports[-1].sigmay = ValErr(1.19486, 0.0109969, 0)
reports[-1].sigmadxdz = ValErr(0, 0, 0)
reports[-1].sigmadydz = ValErr(0, 0, 0)
reports[-1].add_stats(-0.0699902, -0.101951, 0.000253144, -0.000380312, -0.0711376, -0.102432, 0.000271195, -0.00108779, -0.0711376, -0.102432, 0.000271195, -0.00108779, -0.0621483, -0.118559, 0.000231188, -0.000702823, -0.0621483, -0.118559, 0.000231188, -0.000702823, 0.90087, 1.19498, 0.00380214, 0.0248886, 0.90087, 1.19498, 0.00380214, 0.0248886)
reports[-1].CovMatrix = ['0.000158514','-0.000350829','0.000341506','-6.07962e-07','-1.37406e-07','-5.54667e-07','1.54076e-07','-1.32004e-07','0','0','0','0','-0.000350829','0.00983292','-0.00930216','1.70591e-05','1.25667e-06','-2.1407e-07','-1.3407e-07','5.95862e-07','0','0','0','0','0.000341506','-0.00930216','0.0090362','-1.53529e-05','-1.03557e-06','1.84141e-07','1.90456e-07','-4.70193e-07','0','0','0','0','-6.07962e-07','1.70591e-05','-1.53529e-05','1.33055e-07','3.43245e-09','-3.1679e-09','4.75617e-09','-2.22034e-09','0','0','0','0','-1.37406e-07','1.25667e-06','-1.03557e-06','3.43245e-09','1.22433e-07','6.06072e-08','-4.89085e-09','1.42356e-08','0','0','0','0','-5.54667e-07','-2.1407e-07','1.84141e-07','-3.1679e-09','6.06072e-08','6.29498e-08','-6.6226e-09','1.37394e-08','0','0','0','0','1.54076e-07','-1.3407e-07','1.90456e-07','4.75617e-09','-4.89085e-09','-6.6226e-09','6.87334e-05','-1.54311e-09','0','0','0','0','-1.32004e-07','5.95862e-07','-4.70193e-07','-2.22034e-09','1.42356e-08','1.37394e-08','-1.54311e-09','0.000120933','0','0','0','0','0','0','0','0','0','0','0','0','0','0','0','0','0','0','0','0','0','0','0','0','0','0','0','0','0','0','0','0','0','0','0','0','0','0','0','0','0','0','0','0','0','0','0','0','0','0','0','0']

reports.append(Report(579895296, ("DT", -2, 2, 4), "MBwhAst2sec04"))
reports[-1].posNum = 6767
reports[-1].negNum = 0
reports[-1].fittype = "6DOF"
reports[-1].add_parameters(ValErr(0.0354097, 0.0115505, 0), \
                           ValErr(-0.121009, 0.0918676, 0), \
                           ValErr(0.150734, 0.0879755, 0), \
                           ValErr(0.000631435, 0.00034728, 0), \
                           ValErr(0.000298358, 0.000324857, 0), \
                           ValErr(2.1812e-06, 0.000231612, 0), \
                           -19767.7, 6767, 6767, -nan)
reports[-1].sigmax = ValErr(0.887382, 0.00762791, 0)
reports[-1].sigmay = ValErr(1.22482, 0.0105285, 0)
reports[-1].sigmadxdz = ValErr(0, 0, 0)
reports[-1].sigmadydz = ValErr(0, 0, 0)
reports[-1].add_stats(0.030037, 0.0185129, 2.46928e-05, -0.000622187, 0.0274928, 0.0277679, 2.78341e-05, -0.00093557, 0.0274928, 0.0277679, 2.78341e-05, -0.00093557, 0.0231792, 0.0324277, 6.50002e-05, -0.00104569, 0.0231792, 0.0324277, 6.50002e-05, -0.00104569, 0.887512, 1.22577, 0.00375913, 0.0249974, 0.887512, 1.22577, 0.00375913, 0.0249974)
