nan = None;  NAN = None
nan = 0
reports = []
class ValErr:
    def __init__(self, value, error, antisym):
        self.value, self.error, self.antisym = value, error, antisym

    def __repr__(self):
        if self.antisym == 0.:
            return "%g +- %g" % (self.value, self.error)
        else:
            return "%g +- %g ~ %g" % (self.value, self.error, self.antisym)

class Report:
    def __init__(self, chamberId, postal_address, name):
        self.chamberId, self.postal_address, self.name = chamberId, postal_address, name
        self.status = "NOFIT"
        self.fittype = None
        self.CovMatrix = None

    def add_parameters(self, deltax, deltay, deltaz, deltaphix, deltaphiy, deltaphiz, loglikelihood, numsegments, sumofweights, redchi2):
        self.status = "PASS"
        self.deltax, self.deltay, self.deltaz, self.deltaphix, self.deltaphiy, self.deltaphiz = deltax, deltay, deltaz, deltaphix, deltaphiy, deltaphiz
        self.loglikelihood, self.numsegments, self.sumofweights, self.redchi2 = loglikelihood, numsegments, sumofweights, redchi2

    def add_stats(self, median_x, median_y, median_dxdz, median_dydz, mean30_x, mean30_y, mean20_dxdz, mean50_dydz, mean15_x, mean15_y, mean10_dxdz, mean25_dydz, wmean30_x, wmean30_y, wmean20_dxdz, wmean50_dydz, wmean15_x, wmean15_y, wmean10_dxdz, wmean25_dydz, stdev30_x, stdev30_y, stdev20_dxdz, stdev50_dydz, stdev15_x, stdev15_y, stdev10_dxdz, stdev25_dydz):
        self.median_x, self.median_y, self.median_dxdz, self.median_dydz, self.mean30_x, self.mean30_y, self.mean20_dxdz, self.mean50_dydz, self.mean15_x, self.mean15_y, self.mean10_dxdz, self.mean25_dydz, self.wmean30_x, self.wmean30_y, self.wmean20_dxdz, self.wmean50_dydz, self.wmean15_x, self.wmean15_y, self.wmean10_dxdz, self.wmean25_dydz, self.stdev30_x, self.stdev30_y, self.stdev20_dxdz, self.stdev50_dydz, self.stdev15_x, self.stdev15_y, self.stdev10_dxdz, self.stdev25_dydz = median_x, median_y, median_dxdz, median_dydz, mean30_x, mean30_y, mean20_dxdz, mean50_dydz, mean15_x, mean15_y, mean10_dxdz, mean25_dydz, wmean30_x, wmean30_y, wmean20_dxdz, wmean50_dydz, wmean15_x, wmean15_y, wmean10_dxdz, wmean25_dydz, stdev30_x, stdev30_y, stdev20_dxdz, stdev50_dydz, stdev15_x, stdev15_y, stdev10_dxdz, stdev25_dydz

    def __repr__(self):
        return "<Report %s %s %s>" % (self.postal_address[0], " ".join(map(str, self.postal_address[1:])), self.status)

reports.append(Report(574914560, ("DT", -2, 1, 1), "MBwhAst1sec01"))
reports[-1].posNum = 2806
reports[-1].negNum = 0
reports[-1].fittype = "6DOF"
reports[-1].add_parameters(ValErr(-0.0988867, 0.0168346, 0), \
                           ValErr(0.119075, 0.137939, 0), \
                           ValErr(0.080161, 0.111802, 0), \
                           ValErr(-0.000226323, 0.000377366, 0), \
                           ValErr(0.000270993, 0.0003971, 0), \
                           ValErr(-0.000142898, 0.000271556, 0), \
                           -6909.39, 2806, 2806, -nan)
reports[-1].sigmax = ValErr(0.689272, 0.00920097, 0)
reports[-1].sigmay = ValErr(0.996614, 0.0133037, 0)
reports[-1].sigmadxdz = ValErr(0, 0, 0)
reports[-1].sigmadydz = ValErr(0, 0, 0)
reports[-1].add_stats(-0.109291, 0.224899, 0.000151091, -0.00311947, -0.0952183, 0.218653, 0.000139115, -0.00213275, -0.0952183, 0.218653, 0.000139115, -0.00213275, -0.0842287, 0.213099, 7.88236e-05, -0.00175257, -0.0842287, 0.213099, 7.88236e-05, -0.00175257, 0.689389, 0.996796, 0.00355086, 0.0309087, 0.689389, 0.996796, 0.00355086, 0.0309087)
reports[-1].CovMatrix = ['0.000283404','0.00135871','-0.00111214','1.98494e-06','-4.52636e-07','-8.65812e-07','2.32376e-07','-1.01663e-07','0','0','0','0','0.00135871','0.0190273','-0.0152679','2.81734e-05','-3.35089e-06','1.22166e-06','2.84289e-06','-1.93473e-06','0','0','0','0','-0.00111214','-0.0152679','0.0124997','-2.17701e-05','2.6593e-06','-9.0986e-07','-2.26507e-06','1.70678e-06','0','0','0','0','1.98494e-06','2.81734e-05','-2.17701e-05','1.42405e-07','-3.46733e-09','9.46731e-09','8.50507e-09','-4.84122e-09','0','0','0','0','-4.52636e-07','-3.35089e-06','2.6593e-06','-3.46733e-09','1.57689e-07','5.88288e-08','-5.96522e-09','1.57614e-08','0','0','0','0','-8.65812e-07','1.22166e-06','-9.0986e-07','9.46731e-09','5.88288e-08','7.37428e-08','2.55667e-09','1.27801e-09','0','0','0','0','2.32376e-07','2.84289e-06','-2.26507e-06','8.50507e-09','-5.96522e-09','2.55667e-09','8.46583e-05','-1.27697e-09','0','0','0','0','-1.01663e-07','-1.93473e-06','1.70678e-06','-4.84122e-09','1.57614e-08','1.27801e-09','-1.27697e-09','0.000176989','0','0','0','0','0','0','0','0','0','0','0','0','0','0','0','0','0','0','0','0','0','0','0','0','0','0','0','0','0','0','0','0','0','0','0','0','0','0','0','0','0','0','0','0','0','0','0','0','0','0','0','0']

reports.append(Report(575176704, ("DT", -2, 1, 2), "MBwhAst1sec02"))
reports[-1].posNum = 1796
reports[-1].negNum = 0
reports[-1].fittype = "6DOF"
reports[-1].add_parameters(ValErr(0.0290953, 0.0203885, 0), \
                           ValErr(-0.3993, 0.169748, 0), \
                           ValErr(0.296114, 0.13752, 0), \
                           ValErr(-0.000231742, 0.000447142, 0), \
                           ValErr(0.00100225, 0.000504191, 0), \
                           ValErr(-3.02257e-05, 0.000318943, 0), \
                           -4323.27, 1796, 1796, -nan)
reports[-1].sigmax = ValErr(0.666166, 0.0111152, 0)
reports[-1].sigmay = ValErr(0.97581, 0.0162816, 0)
reports[-1].sigmadxdz = ValErr(0, 0, 0)
reports[-1].sigmadydz = ValErr(0, 0, 0)
reports[-1].add_stats(0.0476236, -0.0511948, 0.000799862, -0.00161013, 0.0482417, -0.0390363, 0.000816624, -0.00161731, 0.0482417, -0.0390363, 0.000816624, -0.00161731, 0.0407494, -0.0231862, 0.000850698, -0.00238739, 0.0407494, -0.0231862, 0.000850698, -0.00238739, 0.666876, 0.977477, 0.00337506, 0.0332802, 0.666876, 0.977477, 0.00337506, 0.0332802)
reports[-1].CovMatrix = ['0.000415691','0.00191348','-0.00156892','2.68656e-06','-1.24424e-06','-1.93719e-06','3.10541e-07','-1.57824e-07','0','0','0','0','0.00191348','0.0288143','-0.0231008','4.19514e-05','-8.05255e-06','-7.29193e-07','4.99089e-06','-4.15127e-06','0','0','0','0','-0.00156892','-0.0231008','0.0189116','-3.18638e-05','6.13289e-06','7.99436e-07','-4.02387e-06','3.64661e-06','0','0','0','0','2.68656e-06','4.19514e-05','-3.18638e-05','1.99936e-07','4.76145e-11','9.67865e-09','1.11031e-08','-4.97284e-09','0','0','0','0','-1.24424e-06','-8.05255e-06','6.13289e-06','4.76145e-11','2.54208e-07','8.4432e-08','1.02796e-08','-4.87309e-09','0','0','0','0','-1.93719e-06','-7.29193e-07','7.99436e-07','9.67865e-09','8.4432e-08','1.01725e-07','9.43856e-09','-7.4696e-09','0','0','0','0','3.10541e-07','4.99089e-06','-4.02387e-06','1.11031e-08','1.02796e-08','9.43856e-09','0.000123549','-1.44638e-09','0','0','0','0','-1.57824e-07','-4.15127e-06','3.64661e-06','-4.97284e-09','-4.87309e-09','-7.4696e-09','-1.44638e-09','0.000265093','0','0','0','0','0','0','0','0','0','0','0','0','0','0','0','0','0','0','0','0','0','0','0','0','0','0','0','0','0','0','0','0','0','0','0','0','0','0','0','0','0','0','0','0','0','0','0','0','0','0','0','0']

reports.append(Report(575438848, ("DT", -2, 1, 3), "MBwhAst1sec03"))
reports[-1].posNum = 1931
reports[-1].negNum = 0
reports[-1].fittype = "6DOF"
reports[-1].add_parameters(ValErr(-0.0337127, 0.0208896, 0), \
                           ValErr(-0.0874475, 0.163565, 0), \
                           ValErr(-0.0369831, 0.13265, 0), \
                           ValErr(-0.000324239, 0.000453546, 0), \
                           ValErr(0.00050844, 0.00048573, 0), \
                           ValErr(-7.03452e-05, 0.00031873, 0), \
                           -4812.34, 1931, 1931, -nan)
reports[-1].sigmax = ValErr(0.682071, 0.0109759, 0)
reports[-1].sigmay = ValErr(1.03757, 0.0166958, 0)
reports[-1].sigmadxdz = ValErr(0, 0, 0)
reports[-1].sigmadydz = ValErr(0, 0, 0)
reports[-1].add_stats(-0.0313666, -0.0943463, 0.00013245, -0.000804827, -0.0407559, -0.126413, 0.000176342, -0.00172588, -0.0407559, -0.126413, 0.000176342, -0.00172588, -0.0368109, -0.147549, 0.000172476, -0.00152755, -0.0368109, -0.147549, 0.000172476, -0.00152755, 0.682153, 1.03825, 0.00345041, 0.0332577, 0.682153, 1.03825, 0.00345041, 0.0332577)
reports[-1].CovMatrix = ['0.000436375','0.00207183','-0.00169721','2.88225e-06','-9.9401e-07','-1.6629e-06','1.4144e-07','1.31653e-07','0','0','0','0','0.00207183','0.0267534','-0.0214458','3.86735e-05','-6.62762e-06','-6.22218e-08','-4.46257e-07','3.90981e-06','0','0','0','0','-0.00169721','-0.0214458','0.0175961','-2.92708e-05','5.86294e-06','2.60797e-07','3.2687e-07','-2.75633e-06','0','0','0','0','2.88225e-06','3.86735e-05','-2.92708e-05','2.05704e-07','-1.19228e-09','1.3622e-08','-8.91284e-10','1.31675e-08','0','0','0','0','-9.9401e-07','-6.62762e-06','5.86294e-06','-1.19228e-09','2.35934e-07','8.21161e-08','-2.69007e-08','5.18575e-08','0','0','0','0','-1.6629e-06','-6.22218e-08','2.60797e-07','1.3622e-08','8.21161e-08','1.01589e-07','-9.284e-09','2.0896e-08','0','0','0','0','1.4144e-07','-4.46257e-07','3.2687e-07','-8.91284e-10','-2.69007e-08','-9.284e-09','0.00012047','-6.11253e-09','0','0','0','0','1.31653e-07','3.90981e-06','-2.75633e-06','1.31675e-08','5.18575e-08','2.0896e-08','-6.11253e-09','0.000278753','0','0','0','0','0','0','0','0','0','0','0','0','0','0','0','0','0','0','0','0','0','0','0','0','0','0','0','0','0','0','0','0','0','0','0','0','0','0','0','0','0','0','0','0','0','0','0','0','0','0','0','0']

reports.append(Report(575700992, ("DT", -2, 1, 4), "MBwhAst1sec04"))
reports[-1].posNum = 2861
reports[-1].negNum = 0
reports[-1].fittype = "6DOF"
reports[-1].add_parameters(ValErr(-0.0887622, 0.0163452, 0), \
                           ValErr(-0.133629, 0.139956, 0), \
                           ValErr(0.137267, 0.113239, 0), \
                           ValErr(-0.000363779, 0.000384331, 0), \
                           ValErr(0.000154164, 0.000418769, 0), \
                           ValErr(0.000517243, 0.000264148, 0), \
                           -7143.36, 2861, 2861, -nan)
reports[-1].sigmax = ValErr(0.675847, 0.00893474, 0)
reports[-1].sigmay = ValErr(1.05203, 0.0139079, 0)
reports[-1].sigmadxdz = ValErr(0, 0, 0)
reports[-1].sigmadydz = ValErr(0, 0, 0)
reports[-1].add_stats(-0.0751371, 0.0290974, 0.00039287, -0.00316554, -0.0685362, 0.0351504, 0.000431494, -0.00269312, -0.0685362, 0.0351504, 0.000431494, -0.00269312, -0.069885, 0.0435779, 0.000424566, -0.00297488, -0.069885, 0.0435779, 0.000424566, -0.00297488, 0.676668, 1.05198, 0.00344603, 0.0339018, 0.676668, 1.05198, 0.00344603, 0.0339018)
reports[-1].CovMatrix = ['0.000267164','0.0013366','-0.00109401','1.89517e-06','-3.96203e-07','-7.6876e-07','5.36773e-07','-5.95005e-07','0','0','0','0','0.0013366','0.0195878','-0.0156808','2.82037e-05','-3.81875e-06','1.88559e-06','4.36127e-06','-4.48954e-06','0','0','0','0','-0.00109401','-0.0156808','0.0128232','-2.17265e-05','2.77154e-06','-1.44234e-06','-3.67731e-06','4.06572e-06','0','0','0','0','1.89517e-06','2.82037e-05','-2.17265e-05','1.4771e-07','-4.08176e-09','1.11996e-08','-1.79034e-09','1.06819e-08','0','0','0','0','-3.96203e-07','-3.81875e-06','2.77154e-06','-4.08176e-09','1.75367e-07','5.6046e-08','-2.66582e-09','1.15271e-08','0','0','0','0','-7.6876e-07','1.88559e-06','-1.44234e-06','1.11996e-08','5.6046e-08','6.97741e-08','-9.08174e-09','1.90815e-08','0','0','0','0','5.36773e-07','4.36127e-06','-3.67731e-06','-1.79034e-09','-2.66582e-09','-9.08174e-09','7.98299e-05','-4.95059e-09','0','0','0','0','-5.95005e-07','-4.48954e-06','4.06572e-06','1.06819e-08','1.15271e-08','1.90815e-08','-4.95059e-09','0.000193431','0','0','0','0','0','0','0','0','0','0','0','0','0','0','0','0','0','0','0','0','0','0','0','0','0','0','0','0','0','0','0','0','0','0','0','0','0','0','0','0','0','0','0','0','0','0','0','0','0','0','0','0']

reports.append(Report(575963136, ("DT", -2, 1, 5), "MBwhAst1sec05"))
reports[-1].posNum = 2561
reports[-1].negNum = 0
reports[-1].fittype = "6DOF"
reports[-1].add_parameters(ValErr(0.0413725, 0.0179271, 0), \
                           ValErr(0.247218, 0.146973, 0), \
                           ValErr(-0.235782, 0.119329, 0), \
                           ValErr(0.000207154, 0.000386098, 0), \
                           ValErr(9.10959e-05, 0.000422962, 0), \
                           ValErr(-0.000500474, 0.000272576, 0), \
                           -6243.02, 2561, 2561, -nan)
reports[-1].sigmax = ValErr(0.675394, 0.00943728, 0)
reports[-1].sigmay = ValErr(0.992351, 0.013866, 0)
reports[-1].sigmadxdz = ValErr(0, 0, 0)
reports[-1].sigmadydz = ValErr(0, 0, 0)
reports[-1].add_stats(0.00248194, -0.0242868, -8.00865e-05, 0.000150167, 0.0104515, -0.0386166, -0.000114123, 0.000156829, 0.0104515, -0.0386166, -0.000114123, 0.000156829, 0.0257074, -0.0472108, -0.000169403, -0.00022494, 0.0257074, -0.0472108, -0.000169403, -0.00022494, 0.676423, 0.992742, 0.00342878, 0.0335933, 0.676423, 0.992742, 0.00342878, 0.0335933)
reports[-1].CovMatrix = ['0.00032138','0.00165788','-0.00135757','2.37523e-06','-5.7008e-07','-9.32753e-07','2.29001e-08','-2.39133e-07','0','0','0','0','0.00165788','0.0216011','-0.017373','3.12805e-05','-5.75306e-06','-4.32979e-07','2.33996e-07','-2.02281e-06','0','0','0','0','-0.00135757','-0.017373','0.0142393','-2.44385e-05','4.96993e-06','4.58176e-07','-2.7004e-07','1.30891e-06','0','0','0','0','2.37523e-06','3.12805e-05','-2.44385e-05','1.49072e-07','-2.10558e-10','8.33959e-09','-4.85754e-09','-1.51857e-08','0','0','0','0','-5.7008e-07','-5.75306e-06','4.96993e-06','-2.10558e-10','1.78897e-07','5.99926e-08','-1.38925e-08','-2.83658e-08','0','0','0','0','-9.32753e-07','-4.32979e-07','4.58176e-07','8.33959e-09','5.99926e-08','7.42978e-08','1.56676e-09','-2.59292e-09','0','0','0','0','2.29001e-08','2.33996e-07','-2.7004e-07','-4.85754e-09','-1.38925e-08','1.56676e-09','8.90627e-05','3.67118e-09','0','0','0','0','-2.39133e-07','-2.02281e-06','1.30891e-06','-1.51857e-08','-2.83658e-08','-2.59292e-09','3.67118e-09','0.000192269','0','0','0','0','0','0','0','0','0','0','0','0','0','0','0','0','0','0','0','0','0','0','0','0','0','0','0','0','0','0','0','0','0','0','0','0','0','0','0','0','0','0','0','0','0','0','0','0','0','0','0','0']

reports.append(Report(576225280, ("DT", -2, 1, 6), "MBwhAst1sec06"))
reports[-1].posNum = 2142
reports[-1].negNum = 0
reports[-1].fittype = "6DOF"
reports[-1].add_parameters(ValErr(0.0292773, 0.0212291, 0), \
                           ValErr(-0.0222058, 0.15716, 0), \
                           ValErr(0.0658901, 0.127613, 0), \
                           ValErr(0.000603323, 0.000425371, 0), \
                           ValErr(-0.000658666, 0.000459893, 0), \
                           ValErr(-0.000204525, 0.000312925, 0), \
                           -5204.97, 2142, 2142, -nan)
reports[-1].sigmax = ValErr(0.682417, 0.0104267, 0)
reports[-1].sigmay = ValErr(0.974533, 0.0148903, 0)
reports[-1].sigmadxdz = ValErr(0, 0, 0)
reports[-1].sigmadydz = ValErr(0, 0, 0)
reports[-1].add_stats(0.030561, 0.0607338, -6.81542e-05, -0.00362013, 0.0329791, 0.0434017, -8.74886e-05, -0.00245839, 0.0329791, 0.0434017, -8.74886e-05, -0.00245839, 0.0411142, 0.0498908, -0.000102104, -0.00280679, 0.0411142, 0.0498908, -0.000102104, -0.00280679, 0.682562, 0.975865, 0.00349772, 0.0321798, 0.682562, 0.975865, 0.00349772, 0.0321798)
reports[-1].CovMatrix = ['0.000450675','0.00213004','-0.00174303','2.95251e-06','-1.55787e-06','-2.19353e-06','-1.2533e-06','-2.10402e-06','0','0','0','0','0.00213004','0.0246993','-0.0198378','3.61008e-05','-6.85734e-06','-1.70454e-06','-1.6446e-05','-2.65364e-05','0','0','0','0','-0.00174303','-0.0198378','0.0162851','-2.68302e-05','6.62894e-06','1.65989e-06','1.32798e-05','2.10893e-05','0','0','0','0','2.95251e-06','3.61008e-05','-2.68302e-05','1.8094e-07','4.29859e-09','1.02931e-08','-3.16153e-08','-5.62782e-08','0','0','0','0','-1.55787e-06','-6.85734e-06','6.62894e-06','4.29859e-09','2.11502e-07','8.02252e-08','-3.24857e-09','-1.45044e-08','0','0','0','0','-2.19353e-06','-1.70454e-06','1.65989e-06','1.02931e-08','8.02252e-08','9.7922e-08','-3.43535e-09','-1.08714e-08','0','0','0','0','-1.2533e-06','-1.6446e-05','1.32798e-05','-3.16153e-08','-3.24857e-09','-3.43535e-09','0.000108718','1.95347e-08','0','0','0','0','-2.10402e-06','-2.65364e-05','2.10893e-05','-5.62782e-08','-1.45044e-08','-1.08714e-08','1.95347e-08','0.000221723','0','0','0','0','0','0','0','0','0','0','0','0','0','0','0','0','0','0','0','0','0','0','0','0','0','0','0','0','0','0','0','0','0','0','0','0','0','0','0','0','0','0','0','0','0','0','0','0','0','0','0','0']

reports.append(Report(576487424, ("DT", -2, 1, 7), "MBwhAst1sec07"))
reports[-1].posNum = 2959
reports[-1].negNum = 0
reports[-1].fittype = "6DOF"
reports[-1].add_parameters(ValErr(-0.0492726, 0.0159331, 0), \
                           ValErr(-0.00568847, 0.13404, 0), \
                           ValErr(0.174811, 0.108574, 0), \
                           ValErr(-4.06301e-05, 0.000375723, 0), \
                           ValErr(0.000309737, 0.00040045, 0), \
                           ValErr(1.23568e-05, 0.000268108, 0), \
                           -7277.54, 2959, 2959, -nan)
reports[-1].sigmax = ValErr(0.67885, 0.00882455, 0)
reports[-1].sigmay = ValErr(1.00898, 0.013116, 0)
reports[-1].sigmadxdz = ValErr(0, 0, 0)
reports[-1].sigmadydz = ValErr(0, 0, 0)
reports[-1].add_stats(-0.0387897, 0.198336, 0.000266156, -0.00129183, -0.0359119, 0.204736, 0.000227282, -0.00115303, -0.0359119, 0.204736, 0.000227282, -0.00115303, -0.0257778, 0.187008, 0.000188704, -0.00116129, -0.0257778, 0.187008, 0.000188704, -0.00116129, 0.679055, 1.00933, 0.00349343, 0.0321482, 0.679055, 1.00933, 0.00349343, 0.0321482)
reports[-1].CovMatrix = ['0.000253865','0.00119933','-0.00098281','1.72583e-06','-5.12207e-07','-9.0584e-07','2.12113e-07','-1.11332e-07','0','0','0','0','0.00119933','0.0179668','-0.0144009','2.63686e-05','-3.6776e-06','1.31434e-06','1.53191e-07','1.78556e-06','0','0','0','0','-0.00098281','-0.0144009','0.0117884','-2.01556e-05','2.60716e-06','-9.8512e-07','-1.22131e-07','-1.26293e-06','0','0','0','0','1.72583e-06','2.63686e-05','-2.01556e-05','1.41168e-07','-5.96127e-09','8.92807e-09','3.839e-09','1.46182e-09','0','0','0','0','-5.12207e-07','-3.6776e-06','2.60716e-06','-5.96127e-09','1.6036e-07','5.80853e-08','1.02971e-08','-8.5921e-09','0','0','0','0','-9.0584e-07','1.31434e-06','-9.8512e-07','8.92807e-09','5.80853e-08','7.18821e-08','-3.5958e-09','1.01142e-08','0','0','0','0','2.12113e-07','1.53191e-07','-1.22131e-07','3.839e-09','1.02971e-08','-3.5958e-09','7.78729e-05','-2.55575e-09','0','0','0','0','-1.11332e-07','1.78556e-06','-1.26293e-06','1.46182e-09','-8.5921e-09','1.01142e-08','-2.55575e-09','0.000172029','0','0','0','0','0','0','0','0','0','0','0','0','0','0','0','0','0','0','0','0','0','0','0','0','0','0','0','0','0','0','0','0','0','0','0','0','0','0','0','0','0','0','0','0','0','0','0','0','0','0','0','0']

reports.append(Report(576749568, ("DT", -2, 1, 8), "MBwhAst1sec08"))
reports[-1].posNum = 2599
reports[-1].negNum = 0
reports[-1].fittype = "6DOF"
reports[-1].add_parameters(ValErr(0.0167624, 0.0169789, 0), \
                           ValErr(0.076097, 0.141411, 0), \
                           ValErr(-0.024395, 0.114661, 0), \
                           ValErr(0.000162992, 0.000387581, 0), \
                           ValErr(0.00105042, 0.000419053, 0), \
                           ValErr(0.000375192, 0.00027194, 0), \
                           -6282.22, 2599, 2599, -nan)
reports[-1].sigmax = ValErr(0.660789, 0.0091653, 0)
reports[-1].sigmay = ValErr(0.993634, 0.013782, 0)
reports[-1].sigmadxdz = ValErr(0, 0, 0)
reports[-1].sigmadydz = ValErr(0, 0, 0)
reports[-1].add_stats(0.0226068, 0.0520624, 0.000891511, -0.00130018, 0.0166662, 0.0459392, 0.000959074, -0.00117727, 0.0166662, 0.0459392, 0.000959074, -0.00117727, 0.0151075, 0.0659127, 0.00097546, -0.00143264, 0.0151075, 0.0659127, 0.00097546, -0.00143264, 0.661019, 0.994532, 0.00332409, 0.0339152, 0.661019, 0.994532, 0.00332409, 0.0339152)
reports[-1].CovMatrix = ['0.000288283','0.00140413','-0.00115112','1.99027e-06','-6.86473e-07','-1.12933e-06','4.04458e-07','3.82438e-07','0','0','0','0','0.00140413','0.0199971','-0.0160455','2.91464e-05','-5.27362e-06','-1.52712e-07','4.02687e-06','3.86155e-06','0','0','0','0','-0.00115112','-0.0160455','0.013147','-2.22926e-05','4.18798e-06','2.59112e-07','-3.20779e-06','-3.26157e-06','0','0','0','0','1.99027e-06','2.91464e-05','-2.22926e-05','1.50219e-07','3.36968e-11','8.63338e-09','1.28869e-08','1.13346e-08','0','0','0','0','-6.86473e-07','-5.27362e-06','4.18798e-06','3.36968e-11','1.75606e-07','6.00298e-08','6.71232e-09','2.66831e-09','0','0','0','0','-1.12933e-06','-1.52712e-07','2.59112e-07','8.63338e-09','6.00298e-08','7.39516e-08','6.56074e-10','-3.80728e-09','0','0','0','0','4.04458e-07','4.02687e-06','-3.20779e-06','1.28869e-08','6.71232e-09','6.56074e-10','8.4003e-05','1.55866e-09','0','0','0','0','3.82438e-07','3.86155e-06','-3.26157e-06','1.13346e-08','2.66831e-09','-3.80728e-09','1.55866e-09','0.000189944','0','0','0','0','0','0','0','0','0','0','0','0','0','0','0','0','0','0','0','0','0','0','0','0','0','0','0','0','0','0','0','0','0','0','0','0','0','0','0','0','0','0','0','0','0','0','0','0','0','0','0','0']

reports.append(Report(577011712, ("DT", -2, 1, 9), "MBwhAst1sec09"))
reports[-1].posNum = 1720
reports[-1].negNum = 0
reports[-1].fittype = "6DOF"
reports[-1].add_parameters(ValErr(-0.0315783, 0.0197921, 0), \
                           ValErr(-0.0419832, 0.166405, 0), \
                           ValErr(-0.0152916, 0.134795, 0), \
                           ValErr(8.77742e-05, 0.000462014, 0), \
                           ValErr(0.000843336, 0.000489502, 0), \
                           ValErr(0.000594852, 0.000319368, 0), \
                           -4129.15, 1720, 1720, -nan)
reports[-1].sigmax = ValErr(0.650443, 0.0110903, 0)
reports[-1].sigmay = ValErr(0.992934, 0.0169301, 0)
reports[-1].sigmadxdz = ValErr(0, 0, 0)
reports[-1].sigmadydz = ValErr(0, 0, 0)
reports[-1].add_stats(-0.0080843, -0.0388369, -0.000159573, -0.0018851, -0.0280314, -0.0600604, -8.87328e-06, -0.00156088, -0.0280314, -0.0600604, -8.87328e-06, -0.00156088, -0.0343608, -0.0456022, 8.64057e-06, -0.00229365, -0.0343608, -0.0456022, 8.64057e-06, -0.00229365, 0.651156, 0.993066, 0.00334497, 0.0335391, 0.651156, 0.993066, 0.00334497, 0.0335391)
reports[-1].CovMatrix = ['0.000391726','0.0018639','-0.0015277','2.73846e-06','-2.00813e-07','-7.83171e-07','5.93089e-07','-5.46087e-07','0','0','0','0','0.0018639','0.0276906','-0.0221854','4.10474e-05','-2.58456e-06','5.26408e-06','7.9496e-06','-8.77035e-06','0','0','0','0','-0.0015277','-0.0221854','0.0181697','-3.19239e-05','1.5617e-06','-4.20977e-06','-6.20409e-06','7.01399e-06','0','0','0','0','2.73846e-06','4.10474e-05','-3.19239e-05','2.13457e-07','-1.15165e-08','1.9986e-08','3.51018e-08','-4.27286e-08','0','0','0','0','-2.00813e-07','-2.58456e-06','1.5617e-06','-1.15165e-08','2.39612e-07','8.00083e-08','-2.17855e-08','4.32931e-08','0','0','0','0','-7.83171e-07','5.26408e-06','-4.20977e-06','1.9986e-08','8.00083e-08','1.01996e-07','1.22303e-09','5.60177e-09','0','0','0','0','5.93089e-07','7.9496e-06','-6.20409e-06','3.51018e-08','-2.17855e-08','1.22303e-09','0.000122995','-1.07546e-08','0','0','0','0','-5.46087e-07','-8.77035e-06','7.01399e-06','-4.27286e-08','4.32931e-08','5.60177e-09','-1.07546e-08','0.000286631','0','0','0','0','0','0','0','0','0','0','0','0','0','0','0','0','0','0','0','0','0','0','0','0','0','0','0','0','0','0','0','0','0','0','0','0','0','0','0','0','0','0','0','0','0','0','0','0','0','0','0','0']

reports.append(Report(577273856, ("DT", -2, 1, 10), "MBwhAst1sec10"))
reports[-1].posNum = 1855
reports[-1].negNum = 0
reports[-1].fittype = "6DOF"
reports[-1].add_parameters(ValErr(0.0429314, 0.0191177, 0), \
                           ValErr(0.265205, 0.169676, 0), \
                           ValErr(-0.102523, 0.137854, 0), \
                           ValErr(0.000127321, 0.00043373, 0), \
                           ValErr(-0.000291149, 0.000488012, 0), \
                           ValErr(0.000403159, 0.000299936, 0), \
                           -4473.39, 1855, 1855, -nan)
reports[-1].sigmax = ValErr(0.663533, 0.0108937, 0)
reports[-1].sigmay = ValErr(0.983966, 0.0161547, 0)
reports[-1].sigmadxdz = ValErr(0, 0, 0)
reports[-1].sigmadydz = ValErr(0, 0, 0)
reports[-1].add_stats(0.0377144, 0.144738, 2.91061e-05, -0.00118281, 0.0400721, 0.137064, 1.05697e-05, -0.000288868, 0.0400721, 0.137064, 1.05697e-05, -0.000288868, 0.0416516, 0.13195, -1.53098e-05, 0.000470498, 0.0416516, 0.13195, -1.53098e-05, 0.000470498, 0.663908, 0.984563, 0.00339514, 0.0321006, 0.663908, 0.984563, 0.00339514, 0.0321006)
reports[-1].CovMatrix = ['0.000365485','0.00184179','-0.00151379','2.72434e-06','9.47709e-08','-3.14029e-07','-2.7509e-07','7.80817e-07','0','0','0','0','0.00184179','0.02879','-0.0231721','4.20134e-05','-3.34965e-06','4.61581e-06','-5.4506e-06','1.13096e-05','0','0','0','0','-0.00151379','-0.0231721','0.0190036','-3.37035e-05','1.80244e-06','-3.76326e-06','4.52611e-06','-9.1303e-06','0','0','0','0','2.72434e-06','4.20134e-05','-3.37035e-05','1.88122e-07','-1.11979e-08','1.54904e-08','-4.80921e-09','1.65376e-08','0','0','0','0','9.47709e-08','-3.34965e-06','1.80244e-06','-1.11979e-08','2.38156e-07','7.31196e-08','-5.58008e-09','1.76834e-08','0','0','0','0','-3.14029e-07','4.61581e-06','-3.76326e-06','1.54904e-08','7.31196e-08','8.99615e-08','1.50069e-09','4.34371e-09','0','0','0','0','-2.7509e-07','-5.4506e-06','4.52611e-06','-4.80921e-09','-5.58008e-09','1.50069e-09','0.000118674','-2.81942e-09','0','0','0','0','7.80817e-07','1.13096e-05','-9.1303e-06','1.65376e-08','1.76834e-08','4.34371e-09','-2.81942e-09','0.000260977','0','0','0','0','0','0','0','0','0','0','0','0','0','0','0','0','0','0','0','0','0','0','0','0','0','0','0','0','0','0','0','0','0','0','0','0','0','0','0','0','0','0','0','0','0','0','0','0','0','0','0','0']

reports.append(Report(577536000, ("DT", -2, 1, 11), "MBwhAst1sec11"))
reports[-1].posNum = 1888
reports[-1].negNum = 0
reports[-1].fittype = "6DOF"
reports[-1].add_parameters(ValErr(0.0687895, 0.0202029, 0), \
                           ValErr(0.101452, 0.171301, 0), \
                           ValErr(0.0056335, 0.138818, 0), \
                           ValErr(0.000120626, 0.000438266, 0), \
                           ValErr(-0.000616783, 0.000490197, 0), \
                           ValErr(-0.000285705, 0.000303757, 0), \
                           -4605.28, 1888, 1888, -nan)
reports[-1].sigmax = ValErr(0.670341, 0.0109094, 0)
reports[-1].sigmay = ValErr(1.00133, 0.0162962, 0)
reports[-1].sigmadxdz = ValErr(0, 0, 0)
reports[-1].sigmadydz = ValErr(0, 0, 0)
reports[-1].add_stats(0.0884764, 0.104365, -0.000705155, -0.0027072, 0.0692665, 0.107881, -0.000633347, -0.00178903, 0.0692665, 0.107881, -0.000633347, -0.00178903, 0.0819283, 0.119448, -0.000711624, -0.00178099, 0.0819283, 0.119448, -0.000711624, -0.00178099, 0.670499, 1.00161, 0.00344873, 0.0331417, 0.670499, 1.00161, 0.00344873, 0.0331417)
reports[-1].CovMatrix = ['0.000408156','0.00216666','-0.00177119','3.1542e-06','-1.01092e-07','-4.44459e-07','2.63589e-07','-9.9199e-09','0','0','0','0','0.00216666','0.0293442','-0.0235615','4.2214e-05','-6.44393e-06','1.46537e-06','2.61642e-06','7.40267e-07','0','0','0','0','-0.00177119','-0.0235615','0.0192703','-3.38836e-05','5.42595e-06','-1.14708e-06','-1.9293e-06','-5.64499e-07','0','0','0','0','3.1542e-06','4.2214e-05','-3.38836e-05','1.92077e-07','-4.29814e-09','1.3712e-08','4.71939e-08','6.07679e-08','0','0','0','0','-1.01092e-07','-6.44393e-06','5.42595e-06','-4.29814e-09','2.40293e-07','7.39231e-08','6.32395e-09','-1.39859e-09','0','0','0','0','-4.44459e-07','1.46537e-06','-1.14708e-06','1.3712e-08','7.39231e-08','9.2268e-08','1.22898e-08','1.16578e-08','0','0','0','0','2.63589e-07','2.61642e-06','-1.9293e-06','4.71939e-08','6.32395e-09','1.22898e-08','0.000119016','2.04734e-08','0','0','0','0','-9.9199e-09','7.40267e-07','-5.64499e-07','6.07679e-08','-1.39859e-09','1.16578e-08','2.04734e-08','0.000265568','0','0','0','0','0','0','0','0','0','0','0','0','0','0','0','0','0','0','0','0','0','0','0','0','0','0','0','0','0','0','0','0','0','0','0','0','0','0','0','0','0','0','0','0','0','0','0','0','0','0','0','0']

reports.append(Report(577798144, ("DT", -2, 1, 12), "MBwhAst1sec12"))
reports[-1].posNum = 2469
reports[-1].negNum = 0
reports[-1].fittype = "6DOF"
reports[-1].add_parameters(ValErr(-0.057705, 0.0177914, 0), \
                           ValErr(-0.192095, 0.149592, 0), \
                           ValErr(0.277368, 0.121401, 0), \
                           ValErr(-0.000932358, 0.000399127, 0), \
                           ValErr(0.000498828, 0.000428138, 0), \
                           ValErr(-7.18207e-05, 0.000283163, 0), \
                           -6042.38, 2469, 2469, -nan)
reports[-1].sigmax = ValErr(0.680212, 0.00966888, 0)
reports[-1].sigmay = ValErr(0.994786, 0.0141241, 0)
reports[-1].sigmadxdz = ValErr(0, 0, 0)
reports[-1].sigmadydz = ValErr(0, 0, 0)
reports[-1].add_stats(-0.0490049, 0.154833, 0.000871624, -0.00315316, -0.0363351, 0.155162, 0.000894541, -0.00138879, -0.0363351, 0.155162, 0.000894541, -0.00138879, -0.0442765, 0.154398, 0.000947218, -0.000871361, -0.0442765, 0.154398, 0.000947218, -0.000871361, 0.680868, 0.995594, 0.00342581, 0.0326299, 0.680868, 0.995594, 0.00342581, 0.0326299)
reports[-1].CovMatrix = ['0.000316532','0.00154348','-0.00126549','2.22707e-06','-7.47678e-07','-1.23387e-06','1.44468e-06','-1.7525e-06','0','0','0','0','0.00154348','0.0223777','-0.0179831','3.27919e-05','-5.50147e-06','-1.30136e-07','1.98934e-05','-1.83815e-05','0','0','0','0','-0.00126549','-0.0179831','0.0147383','-2.52279e-05','4.34458e-06','2.32086e-07','-1.67742e-05','1.51157e-05','0','0','0','0','2.22707e-06','3.27919e-05','-2.52279e-05','1.59302e-07','-1.57407e-09','8.32862e-09','2.75225e-08','-3.08326e-08','0','0','0','0','-7.47678e-07','-5.50147e-06','4.34458e-06','-1.57407e-09','1.83302e-07','6.533e-08','-4.79791e-08','-2.3323e-08','0','0','0','0','-1.23387e-06','-1.30136e-07','2.32086e-07','8.32862e-09','6.533e-08','8.01811e-08','-5.37081e-09','-1.63215e-08','0','0','0','0','1.44468e-06','1.98934e-05','-1.67742e-05','2.75225e-08','-4.79791e-08','-5.37081e-09','9.34877e-05','2.19156e-07','0','0','0','0','-1.7525e-06','-1.83815e-05','1.51157e-05','-3.08326e-08','-2.3323e-08','-1.63215e-08','2.19156e-07','0.000199491','0','0','0','0','0','0','0','0','0','0','0','0','0','0','0','0','0','0','0','0','0','0','0','0','0','0','0','0','0','0','0','0','0','0','0','0','0','0','0','0','0','0','0','0','0','0','0','0','0','0','0','0']

reports.append(Report(579108864, ("DT", -2, 2, 1), "MBwhAst2sec01"))
reports[-1].posNum = 3370
reports[-1].negNum = 0
reports[-1].fittype = "6DOF"
reports[-1].add_parameters(ValErr(-0.131692, 0.0172616, 0), \
                           ValErr(0.192232, 0.134037, 0), \
                           ValErr(-0.056418, 0.128544, 0), \
                           ValErr(0.000188491, 0.000491497, 0), \
                           ValErr(0.000838629, 0.000466185, 0), \
                           ValErr(0.000247175, 0.000336616, 0), \
                           -10077.2, 3370, 3370, -nan)
reports[-1].sigmax = ValErr(0.933606, 0.0113719, 0)
reports[-1].sigmay = ValErr(1.24745, 0.0151949, 0)
reports[-1].sigmadxdz = ValErr(0, 0, 0)
reports[-1].sigmadydz = ValErr(0, 0, 0)
reports[-1].add_stats(-0.152519, 0.116037, 0.000437372, -0.00101041, -0.132614, 0.133987, 0.000343023, -0.00168364, -0.132614, 0.133987, 0.000343023, -0.00168364, -0.126966, 0.136997, 0.000304486, -0.00230454, -0.126966, 0.136997, 0.000304486, -0.00230454, 0.933697, 1.24805, 0.00388099, 0.0266769, 0.933697, 1.24805, 0.00388099, 0.0266769)
reports[-1].CovMatrix = ['0.000297962','-0.000738797','0.00071692','-1.29195e-06','2.58775e-07','-5.04324e-07','4.3931e-07','-4.04284e-07','0','0','0','0','-0.000738797','0.017966','-0.0170022','3.04933e-05','3.47503e-06','1.01153e-06','-4.70714e-06','6.9983e-06','0','0','0','0','0.00071692','-0.0170022','0.0165235','-2.83212e-05','-3.51711e-06','-1.03886e-06','4.5318e-06','-6.44182e-06','0','0','0','0','-1.29195e-06','3.04933e-05','-2.83212e-05','2.4157e-07','-2.49641e-09','-6.91313e-09','-1.29173e-08','2.35721e-08','0','0','0','0','2.58775e-07','3.47503e-06','-3.51711e-06','-2.49641e-09','2.17328e-07','1.07936e-07','6.79159e-09','5.13919e-09','0','0','0','0','-5.04324e-07','1.01153e-06','-1.03886e-06','-6.91313e-09','1.07936e-07','1.13311e-07','-2.97368e-09','1.35298e-08','0','0','0','0','4.3931e-07','-4.70714e-06','4.5318e-06','-1.29173e-08','6.79159e-09','-2.97368e-09','0.000129321','-3.24086e-09','0','0','0','0','-4.04284e-07','6.9983e-06','-6.44182e-06','2.35721e-08','5.13919e-09','1.35298e-08','-3.24086e-09','0.000230887','0','0','0','0','0','0','0','0','0','0','0','0','0','0','0','0','0','0','0','0','0','0','0','0','0','0','0','0','0','0','0','0','0','0','0','0','0','0','0','0','0','0','0','0','0','0','0','0','0','0','0','0']

reports.append(Report(579371008, ("DT", -2, 2, 2), "MBwhAst2sec02"))
reports[-1].posNum = 3113
reports[-1].negNum = 0
reports[-1].fittype = "6DOF"
reports[-1].add_parameters(ValErr(0.0293641, 0.0159252, 0), \
                           ValErr(-0.0430213, 0.026876, 0), \
                           ValErr(-0.0536849, 0.025416, 0), \
                           ValErr(-0.000339219, 0.000448573, 0), \
                           ValErr(0.000709633, 0.000464324, 0), \
                           ValErr(0.000241314, 0.000334731, 0), \
                           -9067.66, 3113, 3113, -nan)
reports[-1].sigmax = ValErr(0.89363, 0.0112946, 0)
reports[-1].sigmay = ValErr(1.20614, 0.0152359, 0)
reports[-1].sigmadxdz = ValErr(0, 0, 0)
reports[-1].sigmadydz = ValErr(0, 0, 0)
reports[-1].add_stats(0.031714, -0.106812, 0.000102318, -0.000825757, 0.0295722, -0.0928365, 0.000139594, -0.0011412, 0.0295722, -0.0928365, 0.000139594, -0.0011412, 0.0280039, -0.107592, 0.000175841, -0.000989332, 0.0280039, -0.107592, 0.000175841, -0.000989332, 0.893794, 1.20654, 0.00366019, 0.0254375, 0.893794, 1.20654, 0.00366019, 0.0254375)
reports[-1].CovMatrix = ['0.000253613','0.000117034','-0.000105281','1.52307e-07','5.07673e-07','-3.92028e-07','1.37273e-07','5.86167e-07','0','0','0','0','0.000117034','0.00072232','-0.000449692','1.54615e-06','-3.96931e-06','-4.03788e-06','3.30158e-07','2.58928e-06','0','0','0','0','-0.000105281','-0.000449692','0.000645971','-9.62863e-08','3.18034e-06','3.72541e-06','-4.017e-07','2.36405e-06','0','0','0','0','1.52307e-07','1.54615e-06','-9.62863e-08','2.01218e-07','-2.47614e-08','-1.69158e-08','-1.88397e-08','-1.53446e-09','0','0','0','0','5.07673e-07','-3.96931e-06','3.18034e-06','-2.47614e-08','2.15597e-07','1.05917e-07','-3.58514e-08','4.41455e-08','0','0','0','0','-3.92028e-07','-4.03788e-06','3.72541e-06','-1.69158e-08','1.05917e-07','1.12045e-07','1.5882e-08','-1.69814e-08','0','0','0','0','1.37273e-07','3.30158e-07','-4.017e-07','-1.88397e-08','-3.58514e-08','1.5882e-08','0.000127569','-1.55991e-06','0','0','0','0','5.86167e-07','2.58928e-06','2.36405e-06','-1.53446e-09','4.41455e-08','-1.69814e-08','-1.55991e-06','0.000232135','0','0','0','0','0','0','0','0','0','0','0','0','0','0','0','0','0','0','0','0','0','0','0','0','0','0','0','0','0','0','0','0','0','0','0','0','0','0','0','0','0','0','0','0','0','0','0','0','0','0','0','0']

reports.append(Report(579633152, ("DT", -2, 2, 3), "MBwhAst2sec03"))
reports[-1].posNum = 2810
reports[-1].negNum = 0
reports[-1].fittype = "6DOF"
reports[-1].add_parameters(ValErr(-0.100072, 0.0187218, 0), \
                           ValErr(-0.297972, 0.14588, 0), \
                           ValErr(0.202906, 0.139922, 0), \
                           ValErr(-0.000227666, 0.000530967, 0), \
                           ValErr(0.000982838, 0.000511932, 0), \
                           ValErr(0.000732297, 0.000361992, 0), \
                           -8263.19, 2810, 2810, -nan)
reports[-1].sigmax = ValErr(0.911326, 0.0121566, 0)
reports[-1].sigmay = ValErr(1.21607, 0.0162216, 0)
reports[-1].sigmadxdz = ValErr(0, 0, 0)
reports[-1].sigmadydz = ValErr(0, 0, 0)
reports[-1].add_stats(-0.101328, -0.0842409, 0.000306892, -0.000713814, -0.103166, -0.0909804, 0.000344135, -0.00137634, -0.103166, -0.0909804, 0.000344135, -0.00137634, -0.0978567, -0.0977382, 0.000339902, -0.00122969, -0.0978567, -0.0977382, 0.000339902, -0.00122969, 0.912376, 1.21616, 0.00372823, 0.025627, 0.912376, 1.21616, 0.00372823, 0.025627)
reports[-1].CovMatrix = ['0.000350505','-0.000845636','0.000821441','-1.46937e-06','-4.34518e-07','-1.33662e-06','2.70068e-07','-2.13714e-07','0','0','0','0','-0.000845636','0.0212809','-0.0201402','3.71331e-05','3.28408e-06','2.14478e-08','-3.2421e-06','5.23741e-06','0','0','0','0','0.000821441','-0.0201402','0.0195782','-3.33156e-05','-3.10167e-06','-8.85938e-08','2.87091e-06','-4.30898e-06','0','0','0','0','-1.46937e-06','3.71331e-05','-3.33156e-05','2.81926e-07','6.14605e-09','-6.6484e-09','-2.73301e-08','4.52927e-08','0','0','0','0','-4.34518e-07','3.28408e-06','-3.10167e-06','6.14605e-09','2.62075e-07','1.2584e-07','-9.46674e-09','2.87205e-08','0','0','0','0','-1.33662e-06','2.14478e-08','-8.85938e-08','-6.6484e-09','1.2584e-07','1.31038e-07','-1.03315e-09','1.16093e-08','0','0','0','0','2.70068e-07','-3.2421e-06','2.87091e-06','-2.73301e-08','-9.46674e-09','-1.03315e-09','0.000147785','-5.39157e-09','0','0','0','0','-2.13714e-07','5.23741e-06','-4.30898e-06','4.52927e-08','2.87205e-08','1.16093e-08','-5.39157e-09','0.000263144','0','0','0','0','0','0','0','0','0','0','0','0','0','0','0','0','0','0','0','0','0','0','0','0','0','0','0','0','0','0','0','0','0','0','0','0','0','0','0','0','0','0','0','0','0','0','0','0','0','0','0','0']

reports.append(Report(579895296, ("DT", -2, 2, 4), "MBwhAst2sec04"))
reports[-1].posNum = 3300
reports[-1].negNum = 0
reports[-1].fittype = "6DOF"
reports[-1].add_parameters(ValErr(0.0102834, 0.016387, 0), \
                           ValErr(-0.104355, 0.130989, 0), \
                           ValErr(0.0609327, 0.125414, 0), \
                           ValErr(-0.000157409, 0.000488708, 0), \
                           ValErr(-0.000298442, 0.000459846, 0), \
                           ValErr(-0.000336118, 0.000324431, 0), \
                           -9635.38, 3300, 3300, -nan)
reports[-1].sigmax = ValErr(0.885905, 0.0109048, 0)
reports[-1].sigmay = ValErr(1.22517, 0.0150811, 0)
reports[-1].sigmadxdz = ValErr(0, 0, 0)
reports[-1].sigmadydz = ValErr(0, 0, 0)
reports[-1].add_stats(-0.00576501, -0.030995, 5.60192e-05, 0.000679367, 0.00654139, -0.0412526, 5.94174e-05, -0.000359471, 0.00654139, -0.0412526, 5.94174e-05, -0.000359471, 0.00580965, -0.0481928, 5.96557e-05, -0.000238662, 0.00580965, -0.0481928, 5.96557e-05, -0.000238662, 0.886073, 1.2252, 0.00360431, 0.0249345, 0.886073, 1.2252, 0.00360431, 0.0249345)
