nan = None;  NAN = None
nan = 0
reports = []
class ValErr:
    def __init__(self, value, error, antisym):
        self.value, self.error, self.antisym = value, error, antisym

    def __repr__(self):
        if self.antisym == 0.:
            return "%g +- %g" % (self.value, self.error)
        else:
            return "%g +- %g ~ %g" % (self.value, self.error, self.antisym)

class Report:
    def __init__(self, chamberId, postal_address, name):
        self.chamberId, self.postal_address, self.name = chamberId, postal_address, name
        self.status = "NOFIT"
        self.fittype = None
        self.CovMatrix = None

    def add_parameters(self, deltax, deltay, deltaz, deltaphix, deltaphiy, deltaphiz, loglikelihood, numsegments, sumofweights, redchi2):
        self.status = "PASS"
        self.deltax, self.deltay, self.deltaz, self.deltaphix, self.deltaphiy, self.deltaphiz = deltax, deltay, deltaz, deltaphix, deltaphiy, deltaphiz
        self.loglikelihood, self.numsegments, self.sumofweights, self.redchi2 = loglikelihood, numsegments, sumofweights, redchi2

    def add_stats(self, median_x, median_y, median_dxdz, median_dydz, mean30_x, mean30_y, mean20_dxdz, mean50_dydz, mean15_x, mean15_y, mean10_dxdz, mean25_dydz, wmean30_x, wmean30_y, wmean20_dxdz, wmean50_dydz, wmean15_x, wmean15_y, wmean10_dxdz, wmean25_dydz, stdev30_x, stdev30_y, stdev20_dxdz, stdev50_dydz, stdev15_x, stdev15_y, stdev10_dxdz, stdev25_dydz):
        self.median_x, self.median_y, self.median_dxdz, self.median_dydz, self.mean30_x, self.mean30_y, self.mean20_dxdz, self.mean50_dydz, self.mean15_x, self.mean15_y, self.mean10_dxdz, self.mean25_dydz, self.wmean30_x, self.wmean30_y, self.wmean20_dxdz, self.wmean50_dydz, self.wmean15_x, self.wmean15_y, self.wmean10_dxdz, self.wmean25_dydz, self.stdev30_x, self.stdev30_y, self.stdev20_dxdz, self.stdev50_dydz, self.stdev15_x, self.stdev15_y, self.stdev10_dxdz, self.stdev25_dydz = median_x, median_y, median_dxdz, median_dydz, mean30_x, mean30_y, mean20_dxdz, mean50_dydz, mean15_x, mean15_y, mean10_dxdz, mean25_dydz, wmean30_x, wmean30_y, wmean20_dxdz, wmean50_dydz, wmean15_x, wmean15_y, wmean10_dxdz, wmean25_dydz, stdev30_x, stdev30_y, stdev20_dxdz, stdev50_dydz, stdev15_x, stdev15_y, stdev10_dxdz, stdev25_dydz

    def __repr__(self):
        return "<Report %s %s %s>" % (self.postal_address[0], " ".join(map(str, self.postal_address[1:])), self.status)

reports.append(Report(574914560, ("DT", -2, 1, 1), "MBwhAst1sec01"))
reports[-1].posNum = 5875
reports[-1].negNum = 0
reports[-1].fittype = "6DOF"
reports[-1].add_parameters(ValErr(-0.0818813, 0.0114696, 0), \
                           ValErr(0.231107, 0.0932467, 0), \
                           ValErr(-0.0229453, 0.0756348, 0), \
                           ValErr(0.000188881, 0.00025766, 0), \
                           ValErr(7.81657e-05, 0.000273034, 0), \
                           ValErr(0.00015278, 0.000185236, 0), \
                           -14163.9, 5875, 5875, -nan)
reports[-1].sigmax = ValErr(0.668257, 0.00616497, 0)
reports[-1].sigmay = ValErr(0.976373, 0.00900746, 0)
reports[-1].sigmadxdz = ValErr(0, 0, 0)
reports[-1].sigmadydz = ValErr(0, 0, 0)
reports[-1].add_stats(-0.0865049, 0.222914, 9.84212e-05, -0.00206935, -0.0818404, 0.200568, 0.000102303, -0.00157321, -0.0818404, 0.200568, 0.000102303, -0.00157321, -0.0706256, 0.213176, 4.60015e-05, -0.00167514, -0.0706256, 0.213176, 4.60015e-05, -0.00167514, 0.66831, 0.976389, 0.00342056, 0.0316817, 0.66831, 0.976389, 0.00342056, 0.0316817)
reports[-1].CovMatrix = ['0.000131553','0.000633082','-0.00051847','9.14171e-07','-2.62759e-07','-4.5055e-07','1.31981e-07','-8.75164e-08','0','0','0','0','0.000633082','0.00869495','-0.00698065','1.28476e-05','-1.54113e-06','6.60655e-07','5.94183e-07','1.43116e-07','0','0','0','0','-0.00051847','-0.00698065','0.00572063','-9.8347e-06','1.25493e-06','-4.91138e-07','-5.17056e-07','2.89869e-08','0','0','0','0','9.14171e-07','1.28476e-05','-9.8347e-06','6.63889e-08','-1.7205e-09','4.77317e-09','-1.16041e-09','5.20697e-09','0','0','0','0','-2.62759e-07','-1.54113e-06','1.25493e-06','-1.7205e-09','7.45477e-08','2.7635e-08','6.81852e-09','-6.68494e-09','0','0','0','0','-4.5055e-07','6.60655e-07','-4.91138e-07','4.77317e-09','2.7635e-08','3.43124e-08','-7.02111e-10','3.30064e-09','0','0','0','0','1.31981e-07','5.94183e-07','-5.17056e-07','-1.16041e-09','6.81852e-09','-7.02111e-10','3.80069e-05','-1.577e-09','0','0','0','0','-8.75164e-08','1.43116e-07','2.89869e-08','5.20697e-09','-6.68494e-09','3.30064e-09','-1.577e-09','8.11346e-05','0','0','0','0','0','0','0','0','0','0','0','0','0','0','0','0','0','0','0','0','0','0','0','0','0','0','0','0','0','0','0','0','0','0','0','0','0','0','0','0','0','0','0','0','0','0','0','0','0','0','0','0']

reports.append(Report(575176704, ("DT", -2, 1, 2), "MBwhAst1sec02"))
reports[-1].posNum = 3753
reports[-1].negNum = 0
reports[-1].fittype = "6DOF"
reports[-1].add_parameters(ValErr(0.041354, 0.0142064, 0), \
                           ValErr(-0.0573508, 0.117353, 0), \
                           ValErr(-0.000424368, 0.0949686, 0), \
                           ValErr(6.90445e-05, 0.000317012, 0), \
                           ValErr(-0.000388757, 0.000355131, 0), \
                           ValErr(-0.000254934, 0.00022365, 0), \
                           -9242.88, 3753, 3753, -nan)
reports[-1].sigmax = ValErr(0.676593, 0.0078096, 0)
reports[-1].sigmay = ValErr(1.01573, 0.0117242, 0)
reports[-1].sigmadxdz = ValErr(0, 0, 0)
reports[-1].sigmadydz = ValErr(0, 0, 0)
reports[-1].add_stats(0.0324814, -0.0581493, 0.00085216, -0.00324959, 0.0374172, -0.0600373, 0.00082232, -0.00186346, 0.0374172, -0.0600373, 0.00082232, -0.00186346, 0.047537, -0.0571914, 0.000782501, -0.00245535, 0.047537, -0.0571914, 0.000782501, -0.00245535, 0.676709, 1.01579, 0.00346187, 0.0328895, 0.676709, 1.01579, 0.00346187, 0.0328895)
reports[-1].CovMatrix = ['0.000201821','0.000911421','-0.000746885','1.28897e-06','-5.10832e-07','-8.41393e-07','1.73429e-07','-1.05228e-07','0','0','0','0','0.000911421','0.0137716','-0.0110195','2.00517e-05','-3.23458e-06','8.20892e-07','1.28511e-06','-3.10452e-07','0','0','0','0','-0.000746885','-0.0110195','0.00901904','-1.51559e-05','2.31076e-06','-5.88287e-07','-1.22065e-06','6.80914e-07','0','0','0','0','1.28897e-06','2.00517e-05','-1.51559e-05','1.00496e-07','-4.25649e-09','6.07363e-09','-8.64918e-09','1.86292e-08','0','0','0','0','-5.10832e-07','-3.23458e-06','2.31076e-06','-4.25649e-09','1.26118e-07','4.09718e-08','-4.21406e-09','1.13775e-08','0','0','0','0','-8.41393e-07','8.20892e-07','-5.88287e-07','6.07363e-09','4.09718e-08','5.00194e-08','-1.99323e-09','6.3322e-09','0','0','0','0','1.73429e-07','1.28511e-06','-1.22065e-06','-8.64918e-09','-4.21406e-09','-1.99323e-09','6.09901e-05','-3.27012e-09','0','0','0','0','-1.05228e-07','-3.10452e-07','6.80914e-07','1.86292e-08','1.13775e-08','6.3322e-09','-3.27012e-09','0.000137457','0','0','0','0','0','0','0','0','0','0','0','0','0','0','0','0','0','0','0','0','0','0','0','0','0','0','0','0','0','0','0','0','0','0','0','0','0','0','0','0','0','0','0','0','0','0','0','0','0','0','0','0']

reports.append(Report(575438848, ("DT", -2, 1, 3), "MBwhAst1sec03"))
reports[-1].posNum = 4185
reports[-1].negNum = 0
reports[-1].fittype = "6DOF"
reports[-1].add_parameters(ValErr(-0.0114156, 0.0142493, 0), \
                           ValErr(0.09002, 0.109097, 0), \
                           ValErr(-0.161847, 0.0885442, 0), \
                           ValErr(0.000262165, 0.00029649, 0), \
                           ValErr(6.67972e-05, 0.00031539, 0), \
                           ValErr(2.2387e-05, 0.00021214, 0), \
                           -10154, 4185, 4185, -nan)
reports[-1].sigmax = ValErr(0.670952, 0.00722524, 0)
reports[-1].sigmay = ValErr(0.987551, 0.0105551, 0)
reports[-1].sigmadxdz = ValErr(0, 0, 0)
reports[-1].sigmadydz = ValErr(0, 0, 0)
reports[-1].add_stats(-0.0236969, -0.0837615, 0.000131825, -0.00318815, -0.0278822, -0.107289, 0.000106457, -0.00182311, -0.0278822, -0.107289, 0.000106457, -0.00182311, -0.0284613, -0.110246, 0.000110969, -0.00219933, -0.0284613, -0.110246, 0.000110969, -0.00219933, 0.671209, 0.987586, 0.00346241, 0.0320296, 0.671209, 0.987586, 0.00346241, 0.0320296)
reports[-1].CovMatrix = ['0.000203043','0.000965164','-0.000790139','1.36415e-06','-4.95543e-07','-7.68328e-07','-9.69224e-07','-1.35147e-06','0','0','0','0','0.000965164','0.0119022','-0.00955351','1.74362e-05','-2.69211e-06','2.19126e-07','-1.26468e-05','-2.08986e-05','0','0','0','0','-0.000790139','-0.00955351','0.00784008','-1.32009e-05','2.51318e-06','-8.36297e-08','1.04754e-05','1.72538e-05','0','0','0','0','1.36415e-06','1.74362e-05','-1.32009e-05','8.79062e-08','-1.1856e-11','6.12845e-09','-2.07123e-08','-2.67484e-09','0','0','0','0','-4.95543e-07','-2.69211e-06','2.51318e-06','-1.1856e-11','9.94709e-08','3.60405e-08','-3.03135e-10','3.50114e-08','0','0','0','0','-7.68328e-07','2.19126e-07','-8.36297e-08','6.12845e-09','3.60405e-08','4.50035e-08','-1.41829e-09','-2.88214e-09','0','0','0','0','-9.69224e-07','-1.26468e-05','1.04754e-05','-2.07123e-08','-3.03135e-10','-1.41829e-09','5.22042e-05','-2.6437e-06','0','0','0','0','-1.35147e-06','-2.08986e-05','1.72538e-05','-2.67484e-09','3.50114e-08','-2.88214e-09','-2.6437e-06','0.000111411','0','0','0','0','0','0','0','0','0','0','0','0','0','0','0','0','0','0','0','0','0','0','0','0','0','0','0','0','0','0','0','0','0','0','0','0','0','0','0','0','0','0','0','0','0','0','0','0','0','0','0','0']

reports.append(Report(575700992, ("DT", -2, 1, 4), "MBwhAst1sec04"))
reports[-1].posNum = 5951
reports[-1].negNum = 0
reports[-1].fittype = "6DOF"
reports[-1].add_parameters(ValErr(-0.0983046, 0.0111145, 0), \
                           ValErr(-0.0868011, 0.0952296, 0), \
                           ValErr(0.0922097, 0.0770547, 0), \
                           ValErr(-5.46387e-05, 0.000254686, 0), \
                           ValErr(0.000276496, 0.00027602, 0), \
                           ValErr(7.35723e-05, 0.000178979, 0), \
                           -14478.6, 5951, 5951, -nan)
reports[-1].sigmax = ValErr(0.668588, 0.00612844, 0)
reports[-1].sigmay = ValErr(0.997689, 0.00914505, 0)
reports[-1].sigmadxdz = ValErr(0, 0, 0)
reports[-1].sigmadydz = ValErr(0, 0, 0)
reports[-1].add_stats(-0.0912809, 0.00272395, 0.000475246, -0.00389899, -0.090541, 0.0253568, 0.000509815, -0.0022624, -0.090541, 0.0253568, 0.000509815, -0.0022624, -0.0895901, 0.00898041, 0.000491221, -0.00217385, -0.0895901, 0.00898041, 0.000491221, -0.00217385, 0.668663, 0.997786, 0.00341212, 0.0343398, 0.668663, 0.997786, 0.00341212, 0.0343398)
reports[-1].CovMatrix = ['0.000123532','0.000617931','-0.000505423','8.93942e-07','-1.72569e-07','-3.32298e-07','3.277e-08','5.82626e-08','0','0','0','0','0.000617931','0.00906867','-0.00726636','1.32132e-05','-1.91687e-06','5.38548e-07','4.55538e-07','3.08413e-07','0','0','0','0','-0.000505423','-0.00726636','0.00593742','-1.0296e-05','1.41675e-06','-4.03871e-07','-3.54612e-07','-1.87795e-07','0','0','0','0','8.93942e-07','1.32132e-05','-1.0296e-05','6.48651e-08','-1.78164e-09','4.20406e-09','1.89123e-09','5.01832e-10','0','0','0','0','-1.72569e-07','-1.91687e-06','1.41675e-06','-1.78164e-09','7.61869e-08','2.58247e-08','7.377e-10','2.11435e-09','0','0','0','0','-3.32298e-07','5.38548e-07','-4.03871e-07','4.20406e-09','2.58247e-08','3.20333e-08','2.88229e-09','-2.09843e-09','0','0','0','0','3.277e-08','4.55538e-07','-3.54612e-07','1.89123e-09','7.377e-10','2.88229e-09','3.75579e-05','-2.71731e-10','0','0','0','0','5.82626e-08','3.08413e-07','-1.87795e-07','5.01832e-10','2.11435e-09','-2.09843e-09','-2.71731e-10','8.36321e-05','0','0','0','0','0','0','0','0','0','0','0','0','0','0','0','0','0','0','0','0','0','0','0','0','0','0','0','0','0','0','0','0','0','0','0','0','0','0','0','0','0','0','0','0','0','0','0','0','0','0','0','0']

reports.append(Report(575963136, ("DT", -2, 1, 5), "MBwhAst1sec05"))
reports[-1].posNum = 5126
reports[-1].negNum = 0
reports[-1].fittype = "6DOF"
reports[-1].add_parameters(ValErr(0.0108904, 0.01266, 0), \
                           ValErr(-0.0493404, 0.103031, 0), \
                           ValErr(-0.00332415, 0.083633, 0), \
                           ValErr(-0.000473304, 0.000273766, 0), \
                           ValErr(0.000697677, 0.000297966, 0), \
                           ValErr(-8.8941e-05, 0.000194395, 0), \
                           -12528.1, 5126, 5126, -nan)
reports[-1].sigmax = ValErr(0.678954, 0.00670559, 0)
reports[-1].sigmay = ValErr(0.993378, 0.00981093, 0)
reports[-1].sigmadxdz = ValErr(0, 0, 0)
reports[-1].sigmadydz = ValErr(0, 0, 0)
reports[-1].add_stats(0.00273611, -0.037329, -7.40475e-05, 0.000689999, 0.00643819, -0.0463919, -6.81406e-05, 0.000103346, 0.00643819, -0.0463919, -6.81406e-05, 0.000103346, -0.00233647, -0.0514708, -2.59327e-05, -6.71261e-05, -0.00233647, -0.0514708, -2.59327e-05, -6.71261e-05, 0.678963, 0.994654, 0.00344761, 0.034766, 0.678963, 0.994654, 0.00344761, 0.034766)
reports[-1].CovMatrix = ['0.000160276','0.000801843','-0.000656769','1.15863e-06','-3.02632e-07','-4.98273e-07','1.58222e-07','-9.75205e-08','0','0','0','0','0.000801843','0.0106153','-0.00853281','1.55788e-05','-2.42872e-06','3.00037e-07','1.62814e-06','-1.16103e-06','0','0','0','0','-0.000656769','-0.00853281','0.00699447','-1.20753e-05','2.04965e-06','-1.91877e-07','-1.32929e-06','1.06283e-06','0','0','0','0','1.15863e-06','1.55788e-05','-1.20753e-05','7.49479e-08','-1.50633e-09','4.70426e-09','2.66147e-09','1.8352e-10','0','0','0','0','-3.02632e-07','-2.42872e-06','2.04965e-06','-1.50633e-09','8.87838e-08','3.03639e-08','2.17899e-09','6.56389e-10','0','0','0','0','-4.98273e-07','3.00037e-07','-1.91877e-07','4.70426e-09','3.03639e-08','3.77893e-08','1.62256e-09','1.31105e-10','0','0','0','0','1.58222e-07','1.62814e-06','-1.32929e-06','2.66147e-09','2.17899e-09','1.62256e-09','4.49651e-05','-1.82923e-10','0','0','0','0','-9.75205e-08','-1.16103e-06','1.06283e-06','1.8352e-10','6.56389e-10','1.31105e-10','-1.82923e-10','9.62547e-05','0','0','0','0','0','0','0','0','0','0','0','0','0','0','0','0','0','0','0','0','0','0','0','0','0','0','0','0','0','0','0','0','0','0','0','0','0','0','0','0','0','0','0','0','0','0','0','0','0','0','0','0']

reports.append(Report(576225280, ("DT", -2, 1, 6), "MBwhAst1sec06"))
reports[-1].posNum = 4526
reports[-1].negNum = 0
reports[-1].fittype = "6DOF"
reports[-1].add_parameters(ValErr(-0.0053867, 0.0141038, 0), \
                           ValErr(-0.214008, 0.105481, 0), \
                           ValErr(0.239886, 0.085537, 0), \
                           ValErr(9.75637e-05, 0.000286712, 0), \
                           ValErr(-0.000234522, 0.000311731, 0), \
                           ValErr(0.000153902, 0.000212839, 0), \
                           -10888.3, 4526, 4526, -nan)
reports[-1].sigmax = ValErr(0.673479, 0.00705505, 0)
reports[-1].sigmay = ValErr(0.963833, 0.0101452, 0)
reports[-1].sigmadxdz = ValErr(0, 0, 0)
reports[-1].sigmadydz = ValErr(0, 0, 0)
reports[-1].add_stats(0.0261753, 0.0741139, -0.000150806, -0.00338461, 0.0237034, 0.0690424, -0.000138846, -0.00297622, 0.0237034, 0.0690424, -0.000138846, -0.00297622, 0.0306049, 0.0446988, -0.000144682, -0.00330306, 0.0306049, 0.0446988, -0.000144682, -0.00330306, 0.67405, 0.964578, 0.00340712, 0.0321594, 0.67405, 0.964578, 0.00340712, 0.0321594)
reports[-1].CovMatrix = ['0.000198916','0.000931984','-0.000761828','1.28117e-06','-6.75728e-07','-9.31657e-07','9.99273e-07','-3.81091e-08','0','0','0','0','0.000931984','0.0111263','-0.00892337','1.608e-05','-3.19454e-06','-4.35091e-07','1.01361e-05','9.42012e-07','0','0','0','0','-0.000761828','-0.00892337','0.00731658','-1.19677e-05','2.98985e-06','4.64882e-07','-7.98705e-06','-1.47951e-06','0','0','0','0','1.28117e-06','1.608e-05','-1.19677e-05','8.2204e-08','-4.02431e-10','4.95582e-09','2.65584e-08','-1.46265e-08','0','0','0','0','-6.75728e-07','-3.19454e-06','2.98985e-06','-4.02431e-10','9.7176e-08','3.70019e-08','9.09161e-09','-1.11307e-08','0','0','0','0','-9.31657e-07','-4.35091e-07','4.64882e-07','4.95582e-09','3.70019e-08','4.53005e-08','3.85231e-09','-4.897e-09','0','0','0','0','9.99273e-07','1.01361e-05','-7.98705e-06','2.65584e-08','9.09161e-09','3.85231e-09','4.97738e-05','5.40396e-08','0','0','0','0','-3.81091e-08','9.42012e-07','-1.47951e-06','-1.46265e-08','-1.11307e-08','-4.897e-09','5.40396e-08','0.000102926','0','0','0','0','0','0','0','0','0','0','0','0','0','0','0','0','0','0','0','0','0','0','0','0','0','0','0','0','0','0','0','0','0','0','0','0','0','0','0','0','0','0','0','0','0','0','0','0','0','0','0','0']

reports.append(Report(576487424, ("DT", -2, 1, 7), "MBwhAst1sec07"))
reports[-1].posNum = 6103
reports[-1].negNum = 0
reports[-1].fittype = "6DOF"
reports[-1].add_parameters(ValErr(-0.058765, 0.0110791, 0), \
                           ValErr(0.0736013, 0.0938211, 0), \
                           ValErr(0.121274, 0.0760619, 0), \
                           ValErr(-3.54034e-05, 0.000254862, 0), \
                           ValErr(-6.74337e-05, 0.000275682, 0), \
                           ValErr(-0.000103671, 0.000184476, 0), \
                           -14764.3, 6103, 6103, -nan)
reports[-1].sigmax = ValErr(0.672359, 0.00608577, 0)
reports[-1].sigmay = ValErr(0.978508, 0.00885684, 0)
reports[-1].sigmadxdz = ValErr(0, 0, 0)
reports[-1].sigmadydz = ValErr(0, 0, 0)
reports[-1].add_stats(-0.0527169, 0.22991, 0.000345079, -0.000845585, -0.0498076, 0.21916, 0.000281463, -0.00134821, -0.0498076, 0.21916, 0.000281463, -0.00134821, -0.0420159, 0.216663, 0.00023799, -0.00155278, -0.0420159, 0.216663, 0.00023799, -0.00155278, 0.672491, 0.978596, 0.00344353, 0.0321743, 0.672491, 0.978596, 0.00344353, 0.0321743)
reports[-1].CovMatrix = ['0.000122747','0.000602531','-0.00049352','8.68069e-07','-2.1257e-07','-3.81063e-07','2.41877e-08','6.5672e-08','0','0','0','0','0.000602531','0.0088024','-0.00706783','1.28734e-05','-1.5438e-06','7.2678e-07','-3.92769e-08','1.03342e-06','0','0','0','0','-0.00049352','-0.00706783','0.00578541','-9.95717e-06','1.12567e-06','-5.56482e-07','6.47929e-08','-8.03854e-07','0','0','0','0','8.68069e-07','1.28734e-05','-9.95717e-06','6.49545e-08','-2.1431e-09','4.48869e-09','2.1328e-09','1.94919e-10','0','0','0','0','-2.1257e-07','-1.5438e-06','1.12567e-06','-2.1431e-09','7.60008e-08','2.77703e-08','-2.08817e-09','6.22734e-09','0','0','0','0','-3.81063e-07','7.2678e-07','-5.56482e-07','4.48869e-09','2.77703e-08','3.40312e-08','2.4538e-10','1.89107e-09','0','0','0','0','2.41877e-08','-3.92769e-08','6.47929e-08','2.1328e-09','-2.08817e-09','2.4538e-10','3.70366e-05','-2.57117e-10','0','0','0','0','6.5672e-08','1.03342e-06','-8.03854e-07','1.94919e-10','6.22734e-09','1.89107e-09','-2.57117e-10','7.84438e-05','0','0','0','0','0','0','0','0','0','0','0','0','0','0','0','0','0','0','0','0','0','0','0','0','0','0','0','0','0','0','0','0','0','0','0','0','0','0','0','0','0','0','0','0','0','0','0','0','0','0','0','0']

reports.append(Report(576749568, ("DT", -2, 1, 8), "MBwhAst1sec08"))
reports[-1].posNum = 5552
reports[-1].negNum = 0
reports[-1].fittype = "6DOF"
reports[-1].add_parameters(ValErr(0.018151, 0.011739, 0), \
                           ValErr(0.0568598, 0.0989298, 0), \
                           ValErr(-0.0309345, 0.0802278, 0), \
                           ValErr(0.000213605, 0.000268223, 0), \
                           ValErr(0.000750873, 0.000289559, 0), \
                           ValErr(0.000115948, 0.000189974, 0), \
                           -13589.5, 5552, 5552, -nan)
reports[-1].sigmax = ValErr(0.674973, 0.00640546, 0)
reports[-1].sigmay = ValErr(1.0029, 0.00951737, 0)
reports[-1].sigmadxdz = ValErr(0, 0, 0)
reports[-1].sigmadydz = ValErr(0, 0, 0)
reports[-1].add_stats(0.0020305, 0.0266695, 0.000987654, -0.00175496, 0.0137927, 0.0183537, 0.000945676, -0.00154101, 0.0137927, 0.0183537, 0.000945676, -0.00154101, 0.00808033, 0.0352548, 0.000989868, -0.00168598, 0.00808033, 0.0352548, 0.000989868, -0.00168598, 0.675002, 1.00361, 0.00346855, 0.0334716, 0.675002, 1.00361, 0.00346855, 0.0334716)
reports[-1].CovMatrix = ['0.000137805','0.000676544','-0.000554621','9.60965e-07','-2.93124e-07','-5.01768e-07','7.66292e-08','-2.62637e-09','0','0','0','0','0.000676544','0.00978711','-0.00785768','1.42097e-05','-2.50954e-06','-1.26904e-07','6.92654e-07','2.37313e-08','0','0','0','0','-0.000554621','-0.00785768','0.00643649','-1.09619e-05','1.98199e-06','1.64249e-07','-5.87986e-07','1.19072e-07','0','0','0','0','9.60965e-07','1.42097e-05','-1.09619e-05','7.19438e-08','7.63417e-10','4.15027e-09','-2.54856e-10','4.20793e-09','0','0','0','0','-2.93124e-07','-2.50954e-06','1.98199e-06','7.63417e-10','8.38447e-08','2.93782e-08','3.64955e-09','-1.77391e-09','0','0','0','0','-5.01768e-07','-1.26904e-07','1.64249e-07','4.15027e-09','2.93782e-08','3.609e-08','1.9749e-09','-5.58862e-10','0','0','0','0','7.66292e-08','6.92654e-07','-5.87986e-07','-2.54856e-10','3.64955e-09','1.9749e-09','4.103e-05','-2.21842e-10','0','0','0','0','-2.62637e-09','2.37313e-08','1.19072e-07','4.20793e-09','-1.77391e-09','-5.58862e-10','-2.21842e-10','9.05806e-05','0','0','0','0','0','0','0','0','0','0','0','0','0','0','0','0','0','0','0','0','0','0','0','0','0','0','0','0','0','0','0','0','0','0','0','0','0','0','0','0','0','0','0','0','0','0','0','0','0','0','0','0']

reports.append(Report(577011712, ("DT", -2, 1, 9), "MBwhAst1sec09"))
reports[-1].posNum = 3723
reports[-1].negNum = 0
reports[-1].fittype = "6DOF"
reports[-1].add_parameters(ValErr(-0.0218908, 0.0142899, 0), \
                           ValErr(-0.192699, 0.120662, 0), \
                           ValErr(0.118518, 0.097947, 0), \
                           ValErr(-0.000186444, 0.000319769, 0), \
                           ValErr(-0.000290136, 0.000345567, 0), \
                           ValErr(2.33736e-05, 0.00023521, 0), \
                           -9207.18, 3723, 3723, -nan)
reports[-1].sigmax = ValErr(0.699106, 0.00811156, 0)
reports[-1].sigmay = ValErr(0.993155, 0.0114731, 0)
reports[-1].sigmadxdz = ValErr(0, 0, 0)
reports[-1].sigmadydz = ValErr(0, 0, 0)
reports[-1].add_stats(-0.00764847, -0.0524433, -4.25339e-05, -0.00277593, -0.0102927, -0.0504544, -5.75688e-05, -0.00171439, -0.0102927, -0.0504544, -5.75688e-05, -0.00171439, -0.00375141, -0.0519925, -7.30479e-05, -0.0018833, -0.00375141, -0.0519925, -7.30479e-05, -0.0018833, 0.699241, 0.993347, 0.00357599, 0.0336914, 0.699241, 0.993347, 0.00357599, 0.0336914)
reports[-1].CovMatrix = ['0.000204202','0.000922512','-0.000757575','1.33931e-06','-3.09944e-07','-6.28001e-07','3.58652e-07','6.52687e-07','0','0','0','0','0.000922512','0.0145594','-0.0117009','2.13985e-05','-1.2901e-06','2.46337e-06','5.11766e-06','1.07059e-05','0','0','0','0','-0.000757575','-0.0117009','0.00959361','-1.65205e-05','5.65509e-07','-1.96674e-06','-4.10025e-06','-8.24363e-06','0','0','0','0','1.33931e-06','2.13985e-05','-1.65205e-05','1.02252e-07','-5.76102e-09','8.28428e-09','5.14968e-09','2.13296e-08','0','0','0','0','-3.09944e-07','-1.2901e-06','5.65509e-07','-5.76102e-09','1.19417e-07','4.50206e-08','1.06496e-08','-1.65438e-09','0','0','0','0','-6.28001e-07','2.46337e-06','-1.96674e-06','8.28428e-09','4.50206e-08','5.53235e-08','8.95305e-10','-6.52749e-10','0','0','0','0','3.58652e-07','5.11766e-06','-4.10025e-06','5.14968e-09','1.06496e-08','8.95305e-10','6.57976e-05','-3.39725e-07','0','0','0','0','6.52687e-07','1.07059e-05','-8.24363e-06','2.13296e-08','-1.65438e-09','-6.52749e-10','-3.39725e-07','0.000131633','0','0','0','0','0','0','0','0','0','0','0','0','0','0','0','0','0','0','0','0','0','0','0','0','0','0','0','0','0','0','0','0','0','0','0','0','0','0','0','0','0','0','0','0','0','0','0','0','0','0','0','0']

reports.append(Report(577273856, ("DT", -2, 1, 10), "MBwhAst1sec10"))
reports[-1].posNum = 3868
reports[-1].negNum = 0
reports[-1].fittype = "6DOF"
reports[-1].add_parameters(ValErr(0.0344513, 0.0132362, 0), \
                           ValErr(0.122007, 0.117699, 0), \
                           ValErr(-0.0344265, 0.0955813, 0), \
                           ValErr(-0.000264209, 0.000299791, 0), \
                           ValErr(0.0008882, 0.000332558, 0), \
                           ValErr(0.00028884, 0.000210771, 0), \
                           -9290.09, 3868, 3868, -nan)
reports[-1].sigmax = ValErr(0.666713, 0.00758032, 0)
reports[-1].sigmay = ValErr(0.969786, 0.0110262, 0)
reports[-1].sigmadxdz = ValErr(0, 0, 0)
reports[-1].sigmadydz = ValErr(0, 0, 0)
reports[-1].add_stats(0.0245415, 0.101764, 0.000121086, -0.00237638, 0.0309124, 0.086009, 6.31346e-05, -0.00034243, 0.0309124, 0.086009, 6.31346e-05, -0.00034243, 0.0486662, 0.0916009, -2.72881e-05, -0.000166428, 0.0486662, 0.0916009, -2.72881e-05, -0.000166428, 0.666855, 0.970667, 0.00342631, 0.03323, 0.666855, 0.970667, 0.00342631, 0.03323)
reports[-1].CovMatrix = ['0.000175198','0.000880165','-0.00072292','1.30098e-06','4.06616e-08','-1.46448e-07','1.38188e-07','-3.02904e-08','0','0','0','0','0.000880165','0.0138532','-0.0111485','2.01539e-05','-1.93494e-06','1.75906e-06','8.23929e-07','2.79174e-07','0','0','0','0','-0.00072292','-0.0111485','0.00913579','-1.62118e-05','1.14615e-06','-1.4329e-06','-7.17829e-07','-5.93056e-08','0','0','0','0','1.30098e-06','2.01539e-05','-1.62118e-05','8.98747e-08','-4.92382e-09','6.51571e-09','-1.46445e-10','4.578e-09','0','0','0','0','4.06616e-08','-1.93494e-06','1.14615e-06','-4.92382e-09','1.10595e-07','3.60779e-08','8.06489e-09','-7.13285e-09','0','0','0','0','-1.46448e-07','1.75906e-06','-1.4329e-06','6.51571e-09','3.60779e-08','4.44246e-08','1.60071e-09','9.49919e-10','0','0','0','0','1.38188e-07','8.23929e-07','-7.17829e-07','-1.46445e-10','8.06489e-09','1.60071e-09','5.74614e-05','-7.06521e-10','0','0','0','0','-3.02904e-08','2.79174e-07','-5.93056e-08','4.578e-09','-7.13285e-09','9.49919e-10','-7.06521e-10','0.000121578','0','0','0','0','0','0','0','0','0','0','0','0','0','0','0','0','0','0','0','0','0','0','0','0','0','0','0','0','0','0','0','0','0','0','0','0','0','0','0','0','0','0','0','0','0','0','0','0','0','0','0','0']

reports.append(Report(577536000, ("DT", -2, 1, 11), "MBwhAst1sec11"))
reports[-1].posNum = 4091
reports[-1].negNum = 0
reports[-1].fittype = "6DOF"
reports[-1].add_parameters(ValErr(0.0681452, 0.0135795, 0), \
                           ValErr(0.0665838, 0.114436, 0), \
                           ValErr(-0.0155345, 0.0927275, 0), \
                           ValErr(0.000564166, 0.000301789, 0), \
                           ValErr(-0.000102538, 0.000335922, 0), \
                           ValErr(-0.000133968, 0.000207196, 0), \
                           -9941.2, 4091, 4091, -nan)
reports[-1].sigmax = ValErr(0.658416, 0.00727907, 0)
reports[-1].sigmay = ValErr(1.01011, 0.011167, 0)
reports[-1].sigmadxdz = ValErr(0, 0, 0)
reports[-1].sigmadydz = ValErr(0, 0, 0)
reports[-1].add_stats(0.0638986, 0.062786, -0.000613275, -0.00202799, 0.065197, 0.0438005, -0.000686064, -0.00202939, 0.065197, 0.0438005, -0.000686064, -0.00202939, 0.0673507, 0.0454819, -0.000697645, -0.0024062, 0.0673507, 0.0454819, -0.000697645, -0.0024062, 0.658446, 1.01071, 0.00337048, 0.0337027, 0.658446, 1.01071, 0.00337048, 0.0337027)
reports[-1].CovMatrix = ['0.000184403','0.00097958','-0.000800885','1.41383e-06','-8.80412e-08','-2.55328e-07','2.59057e-07','-2.17446e-07','0','0','0','0','0.00097958','0.0130956','-0.0105084','1.87184e-05','-3.25577e-06','4.12691e-07','2.83842e-06','-2.9221e-06','0','0','0','0','-0.000800885','-0.0105084','0.00859838','-1.49418e-05','2.79273e-06','-3.04627e-07','-2.29334e-06','2.47438e-06','0','0','0','0','1.41383e-06','1.87184e-05','-1.49418e-05','9.10765e-08','-7.95218e-10','6.51719e-09','9.29172e-09','-9.54953e-09','0','0','0','0','-8.80412e-08','-3.25577e-06','2.79273e-06','-7.95218e-10','1.12844e-07','3.43569e-08','-4.76881e-10','5.72691e-09','0','0','0','0','-2.55328e-07','4.12691e-07','-3.04627e-07','6.51719e-09','3.43569e-08','4.29301e-08','1.77415e-09','3.90057e-10','0','0','0','0','2.59057e-07','2.83842e-06','-2.29334e-06','9.29172e-09','-4.76881e-10','1.77415e-09','5.2985e-05','-1.11532e-09','0','0','0','0','-2.17446e-07','-2.9221e-06','2.47438e-06','-9.54953e-09','5.72691e-09','3.90057e-10','-1.11532e-09','0.000124701','0','0','0','0','0','0','0','0','0','0','0','0','0','0','0','0','0','0','0','0','0','0','0','0','0','0','0','0','0','0','0','0','0','0','0','0','0','0','0','0','0','0','0','0','0','0','0','0','0','0','0','0']

reports.append(Report(577798144, ("DT", -2, 1, 12), "MBwhAst1sec12"))
reports[-1].posNum = 5116
reports[-1].negNum = 0
reports[-1].fittype = "6DOF"
reports[-1].add_parameters(ValErr(0.00703211, 0.0125428, 0), \
                           ValErr(0.159192, 0.103279, 0), \
                           ValErr(-0.0291726, 0.0838147, 0), \
                           ValErr(0.000115161, 0.000274433, 0), \
                           ValErr(-4.32668e-06, 0.00029851, 0), \
                           ValErr(0.0001233, 0.00019622, 0), \
                           -12474.4, 5116, 5116, -nan)
reports[-1].sigmax = ValErr(0.678002, 0.00668551, 0)
reports[-1].sigmay = ValErr(0.989092, 0.0098539, 0)
reports[-1].sigmadxdz = ValErr(0, 0, 0)
reports[-1].sigmadydz = ValErr(0, 0, 0)
reports[-1].add_stats(0.000151874, 0.132161, 0.000783118, -0.00204933, 0.00658763, 0.122434, 0.000728633, -0.000460434, 0.00658763, 0.122434, 0.000728633, -0.000460434, 0.00552639, 0.129934, 0.000743294, -9.40255e-05, 0.00552639, 0.129934, 0.000743294, -9.40255e-05, 0.678015, 0.98914, 0.00348185, 0.0320959, 0.678015, 0.98914, 0.00348185, 0.0320959)
reports[-1].CovMatrix = ['0.000157323','0.000774484','-0.000634517','1.10804e-06','-3.36443e-07','-5.52069e-07','-2.82446e-07','-1.68609e-07','0','0','0','0','0.000774484','0.0106666','-0.00857169','1.55983e-05','-2.2312e-06','3.86635e-07','-3.19535e-06','-2.65189e-06','0','0','0','0','-0.000634517','-0.00857169','0.0070249','-1.20109e-05','1.83533e-06','-2.54577e-07','2.67819e-06','2.65422e-06','0','0','0','0','1.10804e-06','1.55983e-05','-1.20109e-05','7.53133e-08','-7.0496e-10','4.91085e-09','-8.94888e-09','7.42761e-10','0','0','0','0','-3.36443e-07','-2.2312e-06','1.83533e-06','-7.0496e-10','8.91081e-08','3.12214e-08','-1.23076e-08','1.41065e-08','0','0','0','0','-5.52069e-07','3.86635e-07','-2.54577e-07','4.91085e-09','3.12214e-08','3.85023e-08','-2.79377e-10','3.74614e-11','0','0','0','0','-2.82446e-07','-3.19535e-06','2.67819e-06','-8.94888e-09','-1.23076e-08','-2.79377e-10','4.46962e-05','-4.72068e-07','0','0','0','0','-1.68609e-07','-2.65189e-06','2.65422e-06','7.42761e-10','1.41065e-08','3.74614e-11','-4.72068e-07','9.70997e-05','0','0','0','0','0','0','0','0','0','0','0','0','0','0','0','0','0','0','0','0','0','0','0','0','0','0','0','0','0','0','0','0','0','0','0','0','0','0','0','0','0','0','0','0','0','0','0','0','0','0','0','0']

reports.append(Report(579108864, ("DT", -2, 2, 1), "MBwhAst2sec01"))
reports[-1].posNum = 6990
reports[-1].negNum = 0
reports[-1].fittype = "6DOF"
reports[-1].add_parameters(ValErr(-0.0961474, 0.0113727, 0), \
                           ValErr(0.0371112, 0.0891022, 0), \
                           ValErr(0.0183183, 0.0854617, 0), \
                           ValErr(0.000198828, 0.000325274, 0), \
                           ValErr(-0.000140677, 0.000309546, 0), \
                           ValErr(-0.000466354, 0.000219702, 0), \
                           -20268.1, 6990, 6990, -nan)
reports[-1].sigmax = ValErr(0.885669, 0.00749073, 0)
reports[-1].sigmay = ValErr(1.20096, 0.0101573, 0)
reports[-1].sigmadxdz = ValErr(0, 0, 0)
reports[-1].sigmadydz = ValErr(0, 0, 0)
reports[-1].add_stats(-0.0918007, 0.05528, 0.00018628, 0.000335842, -0.100848, 0.0546382, 0.000204418, -0.000473826, -0.100848, 0.0546382, 0.000204418, -0.000473826, -0.103581, 0.0628303, 0.000194767, -0.000546021, -0.103581, 0.0628303, 0.000194767, -0.000546021, 0.885982, 1.20111, 0.00373149, 0.0259112, 0.885982, 1.20111, 0.00373149, 0.0259112)
reports[-1].CovMatrix = ['0.000129339','-0.000324997','0.000315557','-5.67221e-07','1.3361e-07','-2.0256e-07','-4.66742e-08','1.44393e-07','0','0','0','0','-0.000324997','0.0079392','-0.00751346','1.34713e-05','1.60349e-06','4.14935e-07','1.6646e-06','-1.95172e-06','0','0','0','0','0.000315557','-0.00751346','0.00730371','-1.25589e-05','-1.5993e-06','-4.21909e-07','-1.58137e-06','1.98054e-06','0','0','0','0','-5.67221e-07','1.34713e-05','-1.25589e-05','1.05803e-07','2.48535e-10','-2.6361e-09','8.16393e-09','-8.27298e-09','0','0','0','0','1.3361e-07','1.60349e-06','-1.5993e-06','2.48535e-10','9.58186e-08','4.59989e-08','8.9697e-10','4.90635e-09','0','0','0','0','-2.0256e-07','4.14935e-07','-4.21909e-07','-2.6361e-09','4.59989e-08','4.82689e-08','4.23627e-09','-1.71778e-09','0','0','0','0','-4.66742e-08','1.6646e-06','-1.58137e-06','8.16393e-09','8.9697e-10','4.23627e-09','5.61111e-05','-1.36552e-09','0','0','0','0','1.44393e-07','-1.95172e-06','1.98054e-06','-8.27298e-09','4.90635e-09','-1.71778e-09','-1.36552e-09','0.000103172','0','0','0','0','0','0','0','0','0','0','0','0','0','0','0','0','0','0','0','0','0','0','0','0','0','0','0','0','0','0','0','0','0','0','0','0','0','0','0','0','0','0','0','0','0','0','0','0','0','0','0','0']

reports.append(Report(579371008, ("DT", -2, 2, 2), "MBwhAst2sec02"))
reports[-1].posNum = 6374
reports[-1].negNum = 0
reports[-1].fittype = "6DOF"
reports[-1].add_parameters(ValErr(0.0588713, 0.012501, 0), \
                           ValErr(-0.0133408, 0.0948832, 0), \
                           ValErr(-0.0678393, 0.0910321, 0), \
                           ValErr(0.000219689, 0.000356347, 0), \
                           ValErr(1.51198e-06, 0.000334843, 0), \
                           ValErr(-4.51649e-05, 0.000242175, 0), \
                           -18678.8, 6374, 6374, -nan)
reports[-1].sigmax = ValErr(0.901788, 0.00798707, 0)
reports[-1].sigmay = ValErr(1.21648, 0.0107743, 0)
reports[-1].sigmadxdz = ValErr(0, 0, 0)
reports[-1].sigmadydz = ValErr(0, 0, 0)
reports[-1].add_stats(0.0560644, -0.0794173, 0.000137221, 0.000169047, 0.0617968, -0.0840168, 6.77891e-05, -0.00100019, 0.0617968, -0.0840168, 6.77891e-05, -0.00100019, 0.053968, -0.0744214, 0.000123874, -0.000790371, 0.053968, -0.0744214, 0.000123874, -0.000790371, 0.901817, 1.21651, 0.00374354, 0.0253429, 0.901817, 1.21651, 0.00374354, 0.0253429)
reports[-1].CovMatrix = ['0.000156276','-0.000446163','0.000431454','-7.6111e-07','-1.02045e-07','-4.91807e-07','2.47206e-08','3.87539e-08','0','0','0','0','-0.000446163','0.00900283','-0.00851905','1.5305e-05','2.71698e-06','1.61717e-06','5.14401e-07','-2.91815e-07','0','0','0','0','0.000431454','-0.00851905','0.00828684','-1.38273e-05','-3.02954e-06','-1.63522e-06','-3.80437e-07','2.73398e-07','0','0','0','0','-7.6111e-07','1.5305e-05','-1.38273e-05','1.26983e-07','-4.9846e-09','-3.1908e-09','1.06368e-08','-1.10518e-08','0','0','0','0','-1.02045e-07','2.71698e-06','-3.02954e-06','-4.9846e-09','1.1212e-07','5.61088e-08','-4.60778e-09','1.29685e-08','0','0','0','0','-4.91807e-07','1.61717e-06','-1.63522e-06','-3.1908e-09','5.61088e-08','5.86488e-08','-6.16241e-10','5.5327e-09','0','0','0','0','2.47206e-08','5.14401e-07','-3.80437e-07','1.06368e-08','-4.60778e-09','-6.16241e-10','6.37935e-05','-1.50576e-09','0','0','0','0','3.87539e-08','-2.91815e-07','2.73398e-07','-1.10518e-08','1.29685e-08','5.5327e-09','-1.50576e-09','0.000116085','0','0','0','0','0','0','0','0','0','0','0','0','0','0','0','0','0','0','0','0','0','0','0','0','0','0','0','0','0','0','0','0','0','0','0','0','0','0','0','0','0','0','0','0','0','0','0','0','0','0','0','0']

reports.append(Report(579633152, ("DT", -2, 2, 3), "MBwhAst2sec03"))
reports[-1].posNum = 5755
reports[-1].negNum = 0
reports[-1].fittype = "6DOF"
reports[-1].add_parameters(ValErr(-0.0609519, 0.0126277, 0), \
                           ValErr(-0.275206, 0.0985607, 0), \
                           ValErr(0.133017, 0.0944843, 0), \
                           ValErr(-0.000142773, 0.000370009, 0), \
                           ValErr(0.000251726, 0.000356301, 0), \
                           ValErr(-8.8137e-05, 0.000250746, 0), \
                           -16627.3, 5755, 5755, -nan)
reports[-1].sigmax = ValErr(0.879923, 0.00819415, 0)
reports[-1].sigmay = ValErr(1.1963, 0.0110831, 0)
reports[-1].sigmadxdz = ValErr(0, 0, 0)
reports[-1].sigmadydz = ValErr(0, 0, 0)
reports[-1].add_stats(-0.0654831, -0.133378, 0.000310875, 0.000122181, -0.0697495, -0.139628, 0.000297804, -0.00108318, -0.0697495, -0.139628, 0.000297804, -0.00108318, -0.0609817, -0.138801, 0.000258703, -0.00110114, -0.0609817, -0.138801, 0.000258703, -0.00110114, 0.880126, 1.19644, 0.00374201, 0.0252801, 0.880126, 1.19644, 0.00374201, 0.0252801)
reports[-1].CovMatrix = ['0.00015946','-0.000377298','0.000366487','-6.38884e-07','-2.39207e-07','-6.58792e-07','4.91988e-08','-7.23644e-07','0','0','0','0','-0.000377298','0.00971421','-0.00918322','1.67054e-05','1.93431e-06','2.11734e-07','4.72615e-06','9.07741e-06','0','0','0','0','0.000366487','-0.00918322','0.00892728','-1.47988e-05','-1.85699e-06','-2.41555e-07','-4.43921e-06','-8.62836e-06','0','0','0','0','-6.38884e-07','1.67054e-05','-1.47988e-05','1.36907e-07','2.39906e-09','-3.39771e-09','1.0875e-08','1.01384e-08','0','0','0','0','-2.39207e-07','1.93431e-06','-1.85699e-06','2.39906e-09','1.2695e-07','6.11941e-08','-1.4549e-08','2.38863e-08','0','0','0','0','-6.58792e-07','2.11734e-07','-2.41555e-07','-3.39771e-09','6.11941e-08','6.28736e-08','-8.0637e-09','4.14083e-09','0','0','0','0','4.91988e-08','4.72615e-06','-4.43921e-06','1.0875e-08','-1.4549e-08','-8.0637e-09','6.71442e-05','-7.26173e-07','0','0','0','0','-7.23644e-07','9.07741e-06','-8.62836e-06','1.01384e-08','2.38863e-08','4.14083e-09','-7.26173e-07','0.000122835','0','0','0','0','0','0','0','0','0','0','0','0','0','0','0','0','0','0','0','0','0','0','0','0','0','0','0','0','0','0','0','0','0','0','0','0','0','0','0','0','0','0','0','0','0','0','0','0','0','0','0','0']

reports.append(Report(579895296, ("DT", -2, 2, 4), "MBwhAst2sec04"))
reports[-1].posNum = 6900
reports[-1].negNum = 0
reports[-1].fittype = "6DOF"
reports[-1].add_parameters(ValErr(-0.00604695, 0.0105836, 0), \
                           ValErr(0.00873121, 0.0126973, 0), \
                           ValErr(0.0117223, 0.0120003, 0), \
                           ValErr(0.000138113, 0.000300342, 0), \
                           ValErr(-0.000252249, 0.000213287, 0), \
                           ValErr(-0.000108781, 0.000138898, 0), \
                           -20144.2, 6900, 6900, -nan)
reports[-1].sigmax = ValErr(0.894599, 0.00748704, 0)
reports[-1].sigmay = ValErr(1.21282, 0.0102867, 0)
reports[-1].sigmadxdz = ValErr(0, 0, 0)
reports[-1].sigmadydz = ValErr(0, 0, 0)
reports[-1].add_stats(-0.00586693, 0.0160289, 0.000112672, -0.000374075, -0.00587339, 0.0198562, 0.000114442, -0.00120304, -0.00587339, 0.0198562, 0.000114442, -0.00120304, -0.0127588, 0.037924, 0.00015104, -0.00104849, -0.0127588, 0.037924, 0.00015104, -0.00104849, 0.894597, 1.21291, 0.00369218, 0.0255588, 0.894597, 1.21291, 0.00369218, 0.0255588)
