nan = None;  NAN = None
nan = 0
reports = []
class ValErr:
    def __init__(self, value, error, antisym):
        self.value, self.error, self.antisym = value, error, antisym

    def __repr__(self):
        if self.antisym == 0.:
            return "%g +- %g" % (self.value, self.error)
        else:
            return "%g +- %g ~ %g" % (self.value, self.error, self.antisym)

class Report:
    def __init__(self, chamberId, postal_address, name):
        self.chamberId, self.postal_address, self.name = chamberId, postal_address, name
        self.status = "NOFIT"
        self.fittype = None
        self.CovMatrix = None

    def add_parameters(self, deltax, deltay, deltaz, deltaphix, deltaphiy, deltaphiz, loglikelihood, numsegments, sumofweights, redchi2):
        self.status = "PASS"
        self.deltax, self.deltay, self.deltaz, self.deltaphix, self.deltaphiy, self.deltaphiz = deltax, deltay, deltaz, deltaphix, deltaphiy, deltaphiz
        self.loglikelihood, self.numsegments, self.sumofweights, self.redchi2 = loglikelihood, numsegments, sumofweights, redchi2

    def add_stats(self, median_x, median_y, median_dxdz, median_dydz, mean30_x, mean30_y, mean20_dxdz, mean50_dydz, mean15_x, mean15_y, mean10_dxdz, mean25_dydz, wmean30_x, wmean30_y, wmean20_dxdz, wmean50_dydz, wmean15_x, wmean15_y, wmean10_dxdz, wmean25_dydz, stdev30_x, stdev30_y, stdev20_dxdz, stdev50_dydz, stdev15_x, stdev15_y, stdev10_dxdz, stdev25_dydz):
        self.median_x, self.median_y, self.median_dxdz, self.median_dydz, self.mean30_x, self.mean30_y, self.mean20_dxdz, self.mean50_dydz, self.mean15_x, self.mean15_y, self.mean10_dxdz, self.mean25_dydz, self.wmean30_x, self.wmean30_y, self.wmean20_dxdz, self.wmean50_dydz, self.wmean15_x, self.wmean15_y, self.wmean10_dxdz, self.wmean25_dydz, self.stdev30_x, self.stdev30_y, self.stdev20_dxdz, self.stdev50_dydz, self.stdev15_x, self.stdev15_y, self.stdev10_dxdz, self.stdev25_dydz = median_x, median_y, median_dxdz, median_dydz, mean30_x, mean30_y, mean20_dxdz, mean50_dydz, mean15_x, mean15_y, mean10_dxdz, mean25_dydz, wmean30_x, wmean30_y, wmean20_dxdz, wmean50_dydz, wmean15_x, wmean15_y, wmean10_dxdz, wmean25_dydz, stdev30_x, stdev30_y, stdev20_dxdz, stdev50_dydz, stdev15_x, stdev15_y, stdev10_dxdz, stdev25_dydz

    def __repr__(self):
        return "<Report %s %s %s>" % (self.postal_address[0], " ".join(map(str, self.postal_address[1:])), self.status)

reports.append(Report(574914560, ("DT", -2, 1, 1), "MBwhAst1sec01"))
reports[-1].posNum = 40750
reports[-1].negNum = 0
reports[-1].fittype = "6DOF"
reports[-1].add_parameters(ValErr(-0.0824771, 0.00432182, 0), \
                           ValErr(0.172617, 0.0354999, 0), \
                           ValErr(0.0248563, 0.0287763, 0), \
                           ValErr(4.04573e-05, 9.85662e-05, 0), \
                           ValErr(0.000269806, 0.000104619, 0), \
                           ValErr(3.71891e-05, 7.01231e-05, 0), \
                           -99550.9, 40750, 40750, -nan)
reports[-1].sigmax = ValErr(0.674153, 0.00236145, 0)
reports[-1].sigmay = ValErr(0.99939, 0.00350072, 0)
reports[-1].sigmadxdz = ValErr(0, 0, 0)
reports[-1].sigmadydz = ValErr(0, 0, 0)
reports[-1].add_stats(-0.0833704, 0.203108, 0.000108567, -0.00214055, -0.0810403, 0.201992, 0.000100586, -0.00120281, -0.0810403, 0.201992, 0.000100586, -0.00120281, -0.0773291, 0.208056, 8.49364e-05, -0.0012294, -0.0773291, 0.208056, 8.49364e-05, -0.0012294, 0.674156, 0.999497, 0.00346815, 0.0313254, 0.674156, 0.999497, 0.00346815, 0.0313254)
reports[-1].CovMatrix = ['1.86781e-05','8.85432e-05','-7.25466e-05','1.27507e-07','-3.52901e-08','-6.41419e-08','1.39467e-08','-5.49408e-09','0','0','0','0','8.85432e-05','0.00126024','-0.00101075','1.85392e-06','-2.46931e-07','7.53323e-08','9.86329e-08','-1.29199e-09','0','0','0','0','-7.25466e-05','-0.00101075','0.000828075','-1.42026e-06','1.92531e-07','-5.4552e-08','-8.25579e-08','1.86814e-08','0','0','0','0','1.27507e-07','1.85392e-06','-1.42026e-06','9.7153e-09','-2.25837e-10','6.53482e-10','3.70387e-11','4.57815e-10','0','0','0','0','-3.52901e-08','-2.46931e-07','1.92531e-07','-2.25837e-10','1.09452e-08','3.95818e-09','2.39439e-10','1.24111e-10','0','0','0','0','-6.41419e-08','7.53323e-08','-5.4552e-08','6.53482e-10','3.95818e-09','4.91725e-09','2.83542e-11','2.90201e-10','0','0','0','0','1.39467e-08','9.86329e-08','-8.25579e-08','3.70387e-11','2.39439e-10','2.83542e-11','5.57646e-06','-1.01573e-11','0','0','0','0','-5.49408e-09','-1.29199e-09','1.86814e-08','4.57815e-10','1.24111e-10','2.90201e-10','-1.01573e-11','1.22551e-05','0','0','0','0','0','0','0','0','0','0','0','0','0','0','0','0','0','0','0','0','0','0','0','0','0','0','0','0','0','0','0','0','0','0','0','0','0','0','0','0','0','0','0','0','0','0','0','0','0','0','0','0']

reports.append(Report(575176704, ("DT", -2, 1, 2), "MBwhAst1sec02"))
reports[-1].posNum = 26300
reports[-1].negNum = 0
reports[-1].fittype = "6DOF"
reports[-1].add_parameters(ValErr(0.0157255, 0.00533393, 0), \
                           ValErr(0.0146517, 0.0440939, 0), \
                           ValErr(-0.0644128, 0.0356949, 0), \
                           ValErr(2.96545e-05, 0.000118254, 0), \
                           ValErr(0.000351974, 0.000131877, 0), \
                           ValErr(2.72899e-05, 8.36222e-05, 0), \
                           -63937, 26300, 26300, -nan)
reports[-1].sigmax = ValErr(0.667245, 0.00290933, 0)
reports[-1].sigmay = ValErr(0.997788, 0.00435058, 0)
reports[-1].sigmadxdz = ValErr(0, 0, 0)
reports[-1].sigmadydz = ValErr(0, 0, 0)
reports[-1].add_stats(0.0129624, -0.0622553, 0.000935814, -0.00328517, 0.00934237, -0.061071, 0.000940181, -0.00183532, 0.00934237, -0.061071, 0.000940181, -0.00183532, 0.00946148, -0.0580633, 0.000942928, -0.00195755, 0.00946148, -0.0580633, 0.000942928, -0.00195755, 0.667298, 0.997966, 0.00342434, 0.0330422, 0.667298, 0.997966, 0.00342434, 0.0330422)
reports[-1].CovMatrix = ['2.84508e-05','0.000130382','-0.000106844','1.82848e-07','-7.82163e-08','-1.24165e-07','1.36929e-08','8.08054e-10','0','0','0','0','0.000130382','0.00194427','-0.00155665','2.81896e-06','-5.10258e-07','4.20314e-08','4.11127e-08','1.60489e-07','0','0','0','0','-0.000106844','-0.00155665','0.00127413','-2.1318e-06','3.82781e-07','-2.12088e-08','-3.65222e-08','-1.02817e-07','0','0','0','0','1.82848e-07','2.81896e-06','-2.1318e-06','1.39839e-08','-3.30185e-10','7.91069e-10','-8.5709e-11','9.15478e-10','0','0','0','0','-7.82163e-08','-5.10258e-07','3.82781e-07','-3.30185e-10','1.73914e-08','5.72393e-09','6.04879e-11','6.1359e-10','0','0','0','0','-1.24165e-07','4.20314e-08','-2.12088e-08','7.91069e-10','5.72393e-09','6.99267e-09','-6.63007e-11','5.54446e-10','0','0','0','0','1.36929e-08','4.11127e-08','-3.65222e-08','-8.5709e-11','6.04879e-11','-6.63007e-11','8.4642e-06','-9.51699e-12','0','0','0','0','8.08054e-10','1.60489e-07','-1.02817e-07','9.15478e-10','6.1359e-10','5.54446e-10','-9.51699e-12','1.89275e-05','0','0','0','0','0','0','0','0','0','0','0','0','0','0','0','0','0','0','0','0','0','0','0','0','0','0','0','0','0','0','0','0','0','0','0','0','0','0','0','0','0','0','0','0','0','0','0','0','0','0','0','0']

reports.append(Report(575438848, ("DT", -2, 1, 3), "MBwhAst1sec03"))
reports[-1].posNum = 29515
reports[-1].negNum = 0
reports[-1].fittype = "6DOF"
reports[-1].add_parameters(ValErr(-0.0258406, 0.00531512, 0), \
                           ValErr(-0.0527419, 0.0406194, 0), \
                           ValErr(-0.0410305, 0.0329745, 0), \
                           ValErr(-0.000102914, 0.000112652, 0), \
                           ValErr(9.08231e-05, 0.000119864, 0), \
                           ValErr(-8.65809e-05, 8.12375e-05, 0), \
                           -71658.2, 29515, 29515, -nan)
reports[-1].sigmax = ValErr(0.669913, 0.00275729, 0)
reports[-1].sigmay = ValErr(0.99063, 0.00407733, 0)
reports[-1].sigmadxdz = ValErr(0, 0, 0)
reports[-1].sigmadydz = ValErr(0, 0, 0)
reports[-1].add_stats(-0.0338263, -0.102212, 0.000115747, -0.00293483, -0.0320422, -0.099518, 0.000119263, -0.00184109, -0.0320422, -0.099518, 0.000119263, -0.00184109, -0.0293564, -0.0996454, 0.000108304, -0.0019427, -0.0293564, -0.0996454, 0.000108304, -0.0019427, 0.669949, 0.990719, 0.00343581, 0.032359, 0.669949, 0.990719, 0.00343581, 0.032359)
reports[-1].CovMatrix = ['2.82505e-05','0.00013073','-0.000107131','1.82342e-07','-7.73414e-08','-1.20177e-07','1.03346e-08','5.65368e-09','0','0','0','0','0.00013073','0.00164993','-0.00132394','2.39828e-06','-3.93571e-07','2.84158e-09','7.38997e-08','9.04705e-08','0','0','0','0','-0.000107131','-0.00132394','0.00108732','-1.79702e-06','3.56941e-07','1.2315e-08','-5.62355e-08','-5.63671e-08','0','0','0','0','1.82342e-07','2.39828e-06','-1.79702e-06','1.26906e-08','5.92001e-12','8.35982e-10','3.65945e-10','1.95443e-10','0','0','0','0','-7.73414e-08','-3.93571e-07','3.56941e-07','5.92001e-12','1.43673e-08','5.35893e-09','-4.33656e-11','7.40143e-10','0','0','0','0','-1.20177e-07','2.84158e-09','1.2315e-08','8.35982e-10','5.35893e-09','6.59953e-09','1.68211e-10','1.88371e-10','0','0','0','0','1.03346e-08','7.38997e-08','-5.62355e-08','3.65945e-10','-4.33656e-11','1.68211e-10','7.60264e-06','3.78085e-14','0','0','0','0','5.65368e-09','9.04705e-08','-5.63671e-08','1.95443e-10','7.40143e-10','1.88371e-10','3.78085e-14','1.66246e-05','0','0','0','0','0','0','0','0','0','0','0','0','0','0','0','0','0','0','0','0','0','0','0','0','0','0','0','0','0','0','0','0','0','0','0','0','0','0','0','0','0','0','0','0','0','0','0','0','0','0','0','0']

reports.append(Report(575700992, ("DT", -2, 1, 4), "MBwhAst1sec04"))
reports[-1].posNum = 41518
reports[-1].negNum = 0
reports[-1].fittype = "6DOF"
reports[-1].add_parameters(ValErr(-0.101236, 0.00422073, 0), \
                           ValErr(0.113647, 0.0363193, 0), \
                           ValErr(-0.0716425, 0.0293884, 0), \
                           ValErr(0.000170078, 9.73077e-05, 0), \
                           ValErr(-3.68479e-05, 0.000105613, 0), \
                           ValErr(0.00036819, 6.84244e-05, 0), \
                           -101716, 41518, 41518, -nan)
reports[-1].sigmax = ValErr(0.674175, 0.00233959, 0)
reports[-1].sigmay = ValErr(1.00635, 0.00349233, 0)
reports[-1].sigmadxdz = ValErr(0, 0, 0)
reports[-1].sigmadydz = ValErr(0, 0, 0)
reports[-1].add_stats(-0.10376, 0.0200763, 0.00052942, -0.00294537, -0.101739, 0.0241152, 0.000550349, -0.00210746, -0.101739, 0.0241152, 0.000550349, -0.00210746, -0.103185, 0.0247722, 0.000557068, -0.00224291, -0.103185, 0.0247722, 0.000557068, -0.00224291, 0.674442, 1.00651, 0.00343507, 0.034355, 0.674442, 1.00651, 0.00343507, 0.034355)
reports[-1].CovMatrix = ['1.78146e-05','8.86648e-05','-7.25457e-05','1.27981e-07','-2.38125e-08','-4.74413e-08','1.54442e-08','-7.44276e-09','0','0','0','0','8.86648e-05','0.00131909','-0.00105693','1.91863e-06','-2.69998e-07','8.88837e-08','1.25376e-07','-4.15278e-08','0','0','0','0','-7.25457e-05','-0.00105693','0.00086368','-1.49506e-06','1.94197e-07','-6.74453e-08','-1.04836e-07','5.05843e-08','0','0','0','0','1.27981e-07','1.91863e-06','-1.49506e-06','9.46879e-09','-2.823e-10','6.27015e-10','1.57198e-11','4.63067e-10','0','0','0','0','-2.38125e-08','-2.69998e-07','1.94197e-07','-2.823e-10','1.11541e-08','3.7708e-09','1.68023e-10','2.18307e-10','0','0','0','0','-4.74413e-08','8.88837e-08','-6.74453e-08','6.27015e-10','3.7708e-09','4.6819e-09','1.4769e-12','3.20512e-10','0','0','0','0','1.54442e-08','1.25376e-07','-1.04836e-07','1.57198e-11','1.68023e-10','1.4769e-12','5.47369e-06','-1.97371e-11','0','0','0','0','-7.44276e-09','-4.15278e-08','5.05843e-08','4.63067e-10','2.18307e-10','3.20512e-10','-1.97371e-11','1.21964e-05','0','0','0','0','0','0','0','0','0','0','0','0','0','0','0','0','0','0','0','0','0','0','0','0','0','0','0','0','0','0','0','0','0','0','0','0','0','0','0','0','0','0','0','0','0','0','0','0','0','0','0','0']

reports.append(Report(575963136, ("DT", -2, 1, 5), "MBwhAst1sec05"))
reports[-1].posNum = 36933
reports[-1].negNum = 0
reports[-1].fittype = "6DOF"
reports[-1].add_parameters(ValErr(0.0218989, 0.00467754, 0), \
                           ValErr(-0.011254, 0.0380985, 0), \
                           ValErr(-0.0279289, 0.0309332, 0), \
                           ValErr(-0.000268239, 0.00010158, 0), \
                           ValErr(4.80541e-05, 0.000111418, 0), \
                           ValErr(-0.000193742, 7.16127e-05, 0), \
                           -89752.9, 36933, 36933, -nan)
reports[-1].sigmax = ValErr(0.670224, 0.00246603, 0)
reports[-1].sigmay = ValErr(0.992452, 0.00365164, 0)
reports[-1].sigmadxdz = ValErr(0, 0, 0)
reports[-1].sigmadydz = ValErr(0, 0, 0)
reports[-1].add_stats(0.0164486, -0.0351742, -0.000136993, -0.000645793, 0.0160434, -0.0405042, -0.000135955, -0.000732036, 0.0160434, -0.0405042, -0.000135955, -0.000732036, 0.0181777, -0.0419641, -0.000151338, -0.000934943, 0.0181777, -0.0419641, -0.000151338, -0.000934943, 0.670275, 0.992706, 0.00343301, 0.0342364, 0.670275, 0.992706, 0.00343301, 0.0342364)
reports[-1].CovMatrix = ['2.18794e-05','0.000110203','-9.02982e-05','1.57492e-07','-4.62881e-08','-7.33811e-08','1.16222e-08','7.47297e-10','0','0','0','0','0.000110203','0.0014515','-0.00116686','2.11134e-06','-3.99132e-07','-2.64266e-08','6.70779e-08','6.25866e-08','0','0','0','0','-9.02982e-05','-0.00116686','0.000956865','-1.63375e-06','3.41756e-07','3.01281e-08','-5.51796e-08','-3.43607e-08','0','0','0','0','1.57492e-07','2.11134e-06','-1.63375e-06','1.03185e-08','-2.63779e-13','5.82885e-10','8.04465e-11','4.44265e-10','0','0','0','0','-4.62881e-08','-3.99132e-07','3.41756e-07','-2.63779e-13','1.24139e-08','4.15591e-09','-6.29277e-12','5.47164e-10','0','0','0','0','-7.33811e-08','-2.64266e-08','3.01281e-08','5.82885e-10','4.15591e-09','5.12837e-09','7.2374e-12','3.23344e-10','0','0','0','0','1.16222e-08','6.70779e-08','-5.51796e-08','8.04465e-11','-6.29277e-12','7.2374e-12','6.08133e-06','2.06663e-12','0','0','0','0','7.47297e-10','6.25866e-08','-3.43607e-08','4.44265e-10','5.47164e-10','3.23344e-10','2.06663e-12','1.33345e-05','0','0','0','0','0','0','0','0','0','0','0','0','0','0','0','0','0','0','0','0','0','0','0','0','0','0','0','0','0','0','0','0','0','0','0','0','0','0','0','0','0','0','0','0','0','0','0','0','0','0','0','0']

reports.append(Report(576225280, ("DT", -2, 1, 6), "MBwhAst1sec06"))
reports[-1].posNum = 31281
reports[-1].negNum = 0
reports[-1].fittype = "6DOF"
reports[-1].add_parameters(ValErr(0.0145599, 0.00542582, 0), \
                           ValErr(-0.0779997, 0.0409713, 0), \
                           ValErr(0.104303, 0.0332445, 0), \
                           ValErr(0.000199006, 0.000111454, 0), \
                           ValErr(-6.3869e-05, 0.000120825, 0), \
                           ValErr(-4.7564e-05, 8.09062e-05, 0), \
                           -76454.4, 31281, 31281, -nan)
reports[-1].sigmax = ValErr(0.679401, 0.00271627, 0)
reports[-1].sigmay = ValErr(0.992809, 0.00396928, 0)
reports[-1].sigmadxdz = ValErr(0, 0, 0)
reports[-1].sigmadydz = ValErr(0, 0, 0)
reports[-1].add_stats(0.0212526, 0.0498164, -7.48804e-05, -0.00350785, 0.0238364, 0.0408775, -9.54348e-05, -0.00261992, 0.0238364, 0.0408775, -9.54348e-05, -0.00261992, 0.0254284, 0.0392053, -9.80199e-05, -0.00282143, 0.0254284, 0.0392053, -9.80199e-05, -0.00282143, 0.679497, 0.99308, 0.00347144, 0.0323642, 0.679497, 0.99308, 0.00347144, 0.0323642)
reports[-1].CovMatrix = ['2.94395e-05','0.000140368','-0.000114831','1.94535e-07','-8.93248e-08','-1.30096e-07','1.77092e-08','-4.22856e-09','0','0','0','0','0.000140368','0.00167865','-0.00134708','2.4389e-06','-4.23471e-07','-3.3793e-08','9.55669e-08','6.71056e-08','0','0','0','0','-0.000114831','-0.00134708','0.0011052','-1.82321e-06','4.01799e-07','4.35238e-08','-6.94484e-08','-4.3175e-08','0','0','0','0','1.94535e-07','2.4389e-06','-1.82321e-06','1.2422e-08','6.91549e-11','8.07505e-10','4.40118e-10','9.95628e-11','0','0','0','0','-8.93248e-08','-4.23471e-07','4.01799e-07','6.91549e-11','1.45988e-08','5.32749e-09','7.50896e-10','-4.27208e-10','0','0','0','0','-1.30096e-07','-3.3793e-08','4.35238e-08','8.07505e-10','5.32749e-09','6.54581e-09','9.73721e-11','2.74075e-10','0','0','0','0','1.77092e-08','9.55669e-08','-6.94484e-08','4.40118e-10','7.50896e-10','9.73721e-11','7.37813e-06','-3.6856e-11','0','0','0','0','-4.22856e-09','6.71056e-08','-4.3175e-08','9.95628e-11','-4.27208e-10','2.74075e-10','-3.6856e-11','1.57552e-05','0','0','0','0','0','0','0','0','0','0','0','0','0','0','0','0','0','0','0','0','0','0','0','0','0','0','0','0','0','0','0','0','0','0','0','0','0','0','0','0','0','0','0','0','0','0','0','0','0','0','0','0']

reports.append(Report(576487424, ("DT", -2, 1, 7), "MBwhAst1sec07"))
reports[-1].posNum = 42915
reports[-1].negNum = 0
reports[-1].fittype = "6DOF"
reports[-1].add_parameters(ValErr(-0.0416218, 0.00423622, 0), \
                           ValErr(0.0279644, 0.0354092, 0), \
                           ValErr(0.141049, 0.028706, 0), \
                           ValErr(-6.76357e-05, 9.75449e-05, 0), \
                           ValErr(0.000222142, 0.000104778, 0), \
                           ValErr(-0.000210241, 6.98633e-05, 0), \
                           -104660, 42915, 42915, -nan)
reports[-1].sigmax = ValErr(0.67494, 0.0023038, 0)
reports[-1].sigmay = ValErr(0.994055, 0.00339308, 0)
reports[-1].sigmadxdz = ValErr(0, 0, 0)
reports[-1].sigmadydz = ValErr(0, 0, 0)
reports[-1].add_stats(-0.0342765, 0.203893, 0.000200314, -0.0013147, -0.0340773, 0.198232, 0.000204613, -0.00166575, -0.0340773, 0.198232, 0.000204613, -0.00166575, -0.0312722, 0.194157, 0.000190072, -0.00169036, -0.0312722, 0.194157, 0.000190072, -0.00169036, 0.675175, 0.994344, 0.0034496, 0.032079, 0.675175, 0.994344, 0.0034496, 0.032079)
reports[-1].CovMatrix = ['1.79456e-05','8.75023e-05','-7.16793e-05','1.25629e-07','-3.70113e-08','-6.26164e-08','1.16243e-08','-2.69039e-09','0','0','0','0','8.75023e-05','0.00125381','-0.00100631','1.8383e-06','-2.60444e-07','6.81848e-08','9.76126e-08','-3.43629e-09','0','0','0','0','-7.16793e-05','-0.00100631','0.000824036','-1.41164e-06','2.00072e-07','-4.89095e-08','-7.98481e-08','1.67441e-08','0','0','0','0','1.25629e-07','1.8383e-06','-1.41164e-06','9.515e-09','-2.06298e-10','6.31569e-10','1.39662e-10','2.8838e-10','0','0','0','0','-3.70113e-08','-2.60444e-07','2.00072e-07','-2.06298e-10','1.09784e-08','3.96835e-09','8.75922e-12','4.52296e-10','0','0','0','0','-6.26164e-08','6.81848e-08','-4.89095e-08','6.31569e-10','3.96835e-09','4.88088e-09','7.08786e-11','2.16088e-10','0','0','0','0','1.16243e-08','9.76126e-08','-7.98481e-08','1.39662e-10','8.75922e-12','7.08786e-11','5.30752e-06','1.69973e-13','0','0','0','0','-2.69039e-09','-3.43629e-09','1.67441e-08','2.8838e-10','4.52296e-10','2.16088e-10','1.69973e-13','1.1513e-05','0','0','0','0','0','0','0','0','0','0','0','0','0','0','0','0','0','0','0','0','0','0','0','0','0','0','0','0','0','0','0','0','0','0','0','0','0','0','0','0','0','0','0','0','0','0','0','0','0','0','0','0']

reports.append(Report(576749568, ("DT", -2, 1, 8), "MBwhAst1sec08"))
reports[-1].posNum = 38013
reports[-1].negNum = 0
reports[-1].fittype = "6DOF"
reports[-1].add_parameters(ValErr(0.026758, 0.00447543, 0), \
                           ValErr(0.0344497, 0.0375482, 0), \
                           ValErr(-0.0158542, 0.030447, 0), \
                           ValErr(-0.000110835, 0.00010207, 0), \
                           ValErr(0.000403857, 0.00011095, 0), \
                           ValErr(-7.83206e-05, 7.21452e-05, 0), \
                           -92878.6, 38013, 38013, -nan)
reports[-1].sigmax = ValErr(0.672032, 0.0024373, 0)
reports[-1].sigmay = ValErr(1.00291, 0.00363733, 0)
reports[-1].sigmadxdz = ValErr(0, 0, 0)
reports[-1].sigmadydz = ValErr(0, 0, 0)
reports[-1].add_stats(0.0242672, 0.0263652, 0.000900598, -0.0013578, 0.0223012, 0.0187146, 0.000905042, -0.00105494, 0.0223012, 0.0187146, 0.000905042, -0.00105494, 0.0250341, 0.0202341, 0.000886, -0.00104267, 0.0250341, 0.0202341, 0.000886, -0.00104267, 0.672048, 1.00327, 0.00344922, 0.0333704, 0.672048, 1.00327, 0.00344922, 0.0333704)
reports[-1].CovMatrix = ['2.00295e-05','9.73289e-05','-7.98018e-05','1.3767e-07','-4.59657e-08','-7.68087e-08','1.06403e-08','-5.94943e-11','0','0','0','0','9.73289e-05','0.00140987','-0.00113156','2.0434e-06','-3.72371e-07','-1.60635e-08','5.31663e-08','7.351e-08','0','0','0','0','-7.98018e-05','-0.00113156','0.00092702','-1.56894e-06','2.9301e-07','2.22555e-08','-4.12449e-08','-4.75237e-08','0','0','0','0','1.3767e-07','2.0434e-06','-1.56894e-06','1.04182e-08','7.42268e-11','5.91449e-10','2.5347e-10','1.80135e-10','0','0','0','0','-4.59657e-08','-3.72371e-07','2.9301e-07','7.42268e-11','1.23099e-08','4.24239e-09','6.00835e-11','4.37719e-10','0','0','0','0','-7.68087e-08','-1.60635e-08','2.22555e-08','5.91449e-10','4.24239e-09','5.20493e-09','-5.14494e-12','3.4706e-10','0','0','0','0','1.06403e-08','5.31663e-08','-4.12449e-08','2.5347e-10','6.00835e-11','-5.14494e-12','5.94043e-06','4.66358e-12','0','0','0','0','-5.94943e-11','7.351e-08','-4.75237e-08','1.80135e-10','4.37719e-10','3.4706e-10','4.66358e-12','1.32302e-05','0','0','0','0','0','0','0','0','0','0','0','0','0','0','0','0','0','0','0','0','0','0','0','0','0','0','0','0','0','0','0','0','0','0','0','0','0','0','0','0','0','0','0','0','0','0','0','0','0','0','0','0']

reports.append(Report(577011712, ("DT", -2, 1, 9), "MBwhAst1sec09"))
reports[-1].posNum = 25197
reports[-1].negNum = 0
reports[-1].fittype = "6DOF"
reports[-1].add_parameters(ValErr(-0.0458655, 0.00530071, 0), \
                           ValErr(-0.0747614, 0.044786, 0), \
                           ValErr(0.0189281, 0.0363054, 0), \
                           ValErr(3.70511e-05, 0.000121276, 0), \
                           ValErr(-3.39092e-05, 0.000130016, 0), \
                           ValErr(4.67779e-05, 8.6247e-05, 0), \
                           -61288.1, 25197, 25197, -nan)
reports[-1].sigmax = ValErr(0.672266, 0.00299468, 0)
reports[-1].sigmay = ValErr(0.991614, 0.00441727, 0)
reports[-1].sigmadxdz = ValErr(0, 0, 0)
reports[-1].sigmadydz = ValErr(0, 0, 0)
reports[-1].add_stats(-0.0428855, -0.0434046, 4.28835e-05, -0.00313624, -0.0434433, -0.0530122, 7.30495e-05, -0.00198048, -0.0434433, -0.0530122, 7.30495e-05, -0.00198048, -0.0459792, -0.0537391, 8.81834e-05, -0.0021746, -0.0459792, -0.0537391, 8.81834e-05, -0.0021746, 0.672274, 0.991632, 0.00343241, 0.0332646, 0.672274, 0.991632, 0.00343241, 0.0332646)
reports[-1].CovMatrix = ['2.80976e-05','0.000130465','-0.000107029','1.90233e-07','-3.16127e-08','-7.43096e-08','5.2114e-09','1.64892e-08','0','0','0','0','0.000130465','0.00200579','-0.00160901','2.95295e-06','-2.53181e-07','2.93547e-07','-6.12708e-08','3.24957e-07','0','0','0','0','-0.000107029','-0.00160901','0.00131808','-2.28913e-06','1.53013e-07','-2.33047e-07','5.06743e-08','-2.45637e-07','0','0','0','0','1.90233e-07','2.95295e-06','-2.28913e-06','1.47078e-08','-7.65027e-10','1.15455e-09','-2.12873e-11','7.98461e-10','0','0','0','0','-3.16127e-08','-2.53181e-07','1.53013e-07','-7.65027e-10','1.69041e-08','5.94962e-09','1.2823e-10','5.37588e-10','0','0','0','0','-7.43096e-08','2.93547e-07','-2.33047e-07','1.15455e-09','5.94962e-09','7.43854e-09','5.17529e-11','4.54285e-10','0','0','0','0','5.2114e-09','-6.12708e-08','5.06743e-08','-2.12873e-11','1.2823e-10','5.17529e-11','8.9681e-06','-2.40647e-12','0','0','0','0','1.64892e-08','3.24957e-07','-2.45637e-07','7.98461e-10','5.37588e-10','4.54285e-10','-2.40647e-12','1.95123e-05','0','0','0','0','0','0','0','0','0','0','0','0','0','0','0','0','0','0','0','0','0','0','0','0','0','0','0','0','0','0','0','0','0','0','0','0','0','0','0','0','0','0','0','0','0','0','0','0','0','0','0','0']

reports.append(Report(577273856, ("DT", -2, 1, 10), "MBwhAst1sec10"))
reports[-1].posNum = 27400
reports[-1].negNum = 0
reports[-1].fittype = "6DOF"
reports[-1].add_parameters(ValErr(0.0367919, 0.00501747, 0), \
                           ValErr(0.111767, 0.04436, 0), \
                           ValErr(-0.0147771, 0.036026, 0), \
                           ValErr(-3.49579e-05, 0.000113601, 0), \
                           ValErr(7.95712e-05, 0.0001257, 0), \
                           ValErr(0.000246095, 7.83265e-05, 0), \
                           -66531.7, 27400, 27400, -nan)
reports[-1].sigmax = ValErr(0.668745, 0.00285674, 0)
reports[-1].sigmay = ValErr(0.992666, 0.00424046, 0)
reports[-1].sigmadxdz = ValErr(0, 0, 0)
reports[-1].sigmadydz = ValErr(0, 0, 0)
reports[-1].add_stats(0.0363059, 0.0988673, 8.49666e-05, -0.00133095, 0.0377499, 0.0934895, 8.29269e-05, 0.000188655, 0.0377499, 0.0934895, 8.29269e-05, 0.000188655, 0.0414291, 0.0922366, 5.84917e-05, 0.000352313, 0.0414291, 0.0922366, 5.84917e-05, 0.000352313, 0.668869, 0.992702, 0.00342244, 0.0330464, 0.668869, 0.992702, 0.00342244, 0.0330464)
reports[-1].CovMatrix = ['2.5175e-05','0.000126935','-0.00010428','1.8788e-07','4.72352e-09','-2.32649e-08','1.40077e-08','4.06686e-09','0','0','0','0','0.000126935','0.00196781','-0.00158315','2.86847e-06','-2.9888e-07','2.32219e-07','1.02912e-07','6.07233e-08','0','0','0','0','-0.00010428','-0.00158315','0.00129788','-2.30624e-06','1.89056e-07','-1.88233e-07','-8.18938e-08','-3.75874e-08','0','0','0','0','1.8788e-07','2.86847e-06','-2.30624e-06','1.29052e-08','-5.64814e-10','9.66728e-10','6.081e-10','-2.58137e-10','0','0','0','0','4.72352e-09','-2.9888e-07','1.89056e-07','-5.64814e-10','1.58005e-08','4.93319e-09','1.22472e-10','4.83653e-10','0','0','0','0','-2.32649e-08','2.32219e-07','-1.88233e-07','9.66728e-10','4.93319e-09','6.13504e-09','2.58318e-10','8.05274e-11','0','0','0','0','1.40077e-08','1.02912e-07','-8.18938e-08','6.081e-10','1.22472e-10','2.58318e-10','8.16098e-06','-1.22138e-11','0','0','0','0','4.06686e-09','6.07233e-08','-3.75874e-08','-2.58137e-10','4.83653e-10','8.05274e-11','-1.22138e-11','1.79815e-05','0','0','0','0','0','0','0','0','0','0','0','0','0','0','0','0','0','0','0','0','0','0','0','0','0','0','0','0','0','0','0','0','0','0','0','0','0','0','0','0','0','0','0','0','0','0','0','0','0','0','0','0']

reports.append(Report(577536000, ("DT", -2, 1, 11), "MBwhAst1sec11"))
reports[-1].posNum = 28566
reports[-1].negNum = 0
reports[-1].fittype = "6DOF"
reports[-1].add_parameters(ValErr(0.0527944, 0.00529558, 0), \
                           ValErr(0.0801329, 0.0446334, 0), \
                           ValErr(-0.019978, 0.0361917, 0), \
                           ValErr(0.00036499, 0.000114308, 0), \
                           ValErr(-0.000414802, 0.000127736, 0), \
                           ValErr(-5.02317e-05, 7.98979e-05, 0), \
                           -70100.3, 28566, 28566, -nan)
reports[-1].sigmax = ValErr(0.677696, 0.00283528, 0)
reports[-1].sigmay = ValErr(1.00517, 0.00420532, 0)
reports[-1].sigmadxdz = ValErr(0, 0, 0)
reports[-1].sigmadydz = ValErr(0, 0, 0)
reports[-1].add_stats(0.0542088, 0.0568765, -0.000587073, -0.0029603, 0.0520387, 0.0542688, -0.000602726, -0.00250354, 0.0520387, 0.0542688, -0.000602726, -0.00250354, 0.0522845, 0.0548078, -0.000605429, -0.00278104, 0.0522845, 0.0548078, -0.000605429, -0.00278104, 0.677716, 1.00557, 0.00345925, 0.0340485, 0.677716, 1.00557, 0.00345925, 0.0340485)
reports[-1].CovMatrix = ['2.80432e-05','0.000149785','-0.000122464','2.17317e-07','-1.21563e-08','-3.51664e-08','2.69639e-08','-1.2971e-08','0','0','0','0','0.000149785','0.00199214','-0.00160079','2.85591e-06','-4.6811e-07','5.48851e-08','2.46916e-07','-1.52613e-07','0','0','0','0','-0.000122464','-0.00160079','0.00130984','-2.29012e-06','4.03194e-07','-4.06381e-08','-2.00666e-07','1.41062e-07','0','0','0','0','2.17317e-07','2.85591e-06','-2.29012e-06','1.30663e-08','-7.18524e-11','9.04573e-10','5.4992e-10','-1.40538e-10','0','0','0','0','-1.21563e-08','-4.6811e-07','4.03194e-07','-7.18524e-11','1.63164e-08','5.13821e-09','4.23859e-10','1.01913e-10','0','0','0','0','-3.51664e-08','5.48851e-08','-4.06381e-08','9.04573e-10','5.13821e-09','6.38368e-09','3.02792e-10','1.15316e-11','0','0','0','0','2.69639e-08','2.46916e-07','-2.00666e-07','5.4992e-10','4.23859e-10','3.02792e-10','8.03882e-06','-1.80517e-11','0','0','0','0','-1.2971e-08','-1.52613e-07','1.41062e-07','-1.40538e-10','1.01913e-10','1.15316e-11','-1.80517e-11','1.76847e-05','0','0','0','0','0','0','0','0','0','0','0','0','0','0','0','0','0','0','0','0','0','0','0','0','0','0','0','0','0','0','0','0','0','0','0','0','0','0','0','0','0','0','0','0','0','0','0','0','0','0','0','0']

reports.append(Report(577798144, ("DT", -2, 1, 12), "MBwhAst1sec12"))
reports[-1].posNum = 36673
reports[-1].negNum = 0
reports[-1].fittype = "6DOF"
reports[-1].add_parameters(ValErr(-0.00842952, 0.00465003, 0), \
                           ValErr(0.135903, 0.0387986, 0), \
                           ValErr(-0.00505441, 0.0314863, 0), \
                           ValErr(0.000125732, 0.000103795, 0), \
                           ValErr(0.000427936, 0.000112996, 0), \
                           ValErr(0.000341614, 7.34027e-05, 0), \
                           -89927.1, 36673, 36673, -nan)
reports[-1].sigmax = ValErr(0.677742, 0.00250252, 0)
reports[-1].sigmay = ValErr(1.00325, 0.00370445, 0)
reports[-1].sigmadxdz = ValErr(0, 0, 0)
reports[-1].sigmadydz = ValErr(0, 0, 0)
reports[-1].add_stats(-0.00253326, 0.133601, 0.000772527, -0.00336536, -0.00454266, 0.127975, 0.000751651, -0.00157476, -0.00454266, 0.127975, 0.000751651, -0.00157476, -0.00321034, 0.127868, 0.00074772, -0.00158996, -0.00321034, 0.127868, 0.00074772, -0.00158996, 0.67794, 1.0033, 0.0034641, 0.0318855, 0.67794, 1.0033, 0.0034641, 0.0318855)
reports[-1].CovMatrix = ['2.16227e-05','0.000106223','-8.70772e-05','1.52102e-07','-4.63932e-08','-7.69881e-08','1.66005e-08','-6.94568e-09','0','0','0','0','0.000106223','0.00150533','-0.00120945','2.20463e-06','-3.13457e-07','7.37901e-08','1.34541e-07','-2.54738e-08','0','0','0','0','-8.70772e-05','-0.00120945','0.000991388','-1.69483e-06','2.47196e-07','-5.20528e-08','-1.17153e-07','4.81149e-08','0','0','0','0','1.52102e-07','2.20463e-06','-1.69483e-06','1.07733e-08','-2.30291e-10','7.0001e-10','-2.63648e-10','9.79394e-10','0','0','0','0','-4.63932e-08','-3.13457e-07','2.47196e-07','-2.30291e-10','1.2768e-08','4.36475e-09','2.06472e-10','2.33445e-10','0','0','0','0','-7.69881e-08','7.37901e-08','-5.20528e-08','7.0001e-10','4.36475e-09','5.38795e-09','4.38829e-11','2.92333e-10','0','0','0','0','1.66005e-08','1.34541e-07','-1.17153e-07','-2.63648e-10','2.06472e-10','4.38829e-11','6.26261e-06','-6.48404e-11','0','0','0','0','-6.94568e-09','-2.54738e-08','4.81149e-08','9.79394e-10','2.33445e-10','2.92333e-10','-6.48404e-11','1.3723e-05','0','0','0','0','0','0','0','0','0','0','0','0','0','0','0','0','0','0','0','0','0','0','0','0','0','0','0','0','0','0','0','0','0','0','0','0','0','0','0','0','0','0','0','0','0','0','0','0','0','0','0','0']

reports.append(Report(579108864, ("DT", -2, 2, 1), "MBwhAst2sec01"))
reports[-1].posNum = 48993
reports[-1].negNum = 0
reports[-1].fittype = "6DOF"
reports[-1].add_parameters(ValErr(-0.0978976, 0.00432101, 0), \
                           ValErr(0.0639398, 0.0341599, 0), \
                           ValErr(0.0120586, 0.0327659, 0), \
                           ValErr(1.764e-05, 0.000124688, 0), \
                           ValErr(0.000169494, 0.000118903, 0), \
                           ValErr(-0.000231409, 8.3537e-05, 0), \
                           -142960, 48993, 48993, -nan)
reports[-1].sigmax = ValErr(0.88973, 0.00284234, 0)
reports[-1].sigmay = ValErr(1.21767, 0.00389, 0)
reports[-1].sigmadxdz = ValErr(0, 0, 0)
reports[-1].sigmadydz = ValErr(0, 0, 0)
reports[-1].add_stats(-0.105229, 0.0760181, 0.000208684, 0.000195336, -0.102218, 0.0762571, 0.000214129, -0.000714242, -0.102218, 0.0762571, 0.000214129, -0.000714242, -0.102464, 0.0784144, 0.00021683, -0.000658414, -0.102464, 0.0784144, 0.00021683, -0.000658414, 0.889809, 1.2179, 0.00371843, 0.0260403, 0.889809, 1.2179, 0.00371843, 0.0260403)
reports[-1].CovMatrix = ['1.86712e-05','-4.74933e-05','4.61204e-05','-8.25879e-08','1.66791e-08','-3.30416e-08','1.04328e-08','-2.62275e-09','0','0','0','0','-4.74933e-05','0.0011669','-0.00110437','1.97658e-06','2.25541e-07','5.92857e-08','-5.34519e-08','1.18144e-07','0','0','0','0','4.61204e-05','-0.00110437','0.0010736','-1.83731e-06','-2.25618e-07','-6.09834e-08','5.05529e-08','-9.32151e-08','0','0','0','0','-8.25879e-08','1.97658e-06','-1.83731e-06','1.5547e-08','-8.59169e-11','-4.17423e-10','-3.02599e-10','8.23135e-10','0','0','0','0','1.66791e-08','2.25541e-07','-2.25618e-07','-8.59169e-11','1.41378e-08','6.6671e-09','-3.81767e-11','9.39982e-10','0','0','0','0','-3.30416e-08','5.92857e-08','-6.09834e-08','-4.17423e-10','6.6671e-09','6.97842e-09','1.01367e-10','4.39709e-10','0','0','0','0','1.04328e-08','-5.34519e-08','5.05529e-08','-3.02599e-10','-3.81767e-11','1.01367e-10','8.07892e-06','-1.7867e-11','0','0','0','0','-2.62275e-09','1.18144e-07','-9.32151e-08','8.23135e-10','9.39982e-10','4.39709e-10','-1.7867e-11','1.51321e-05','0','0','0','0','0','0','0','0','0','0','0','0','0','0','0','0','0','0','0','0','0','0','0','0','0','0','0','0','0','0','0','0','0','0','0','0','0','0','0','0','0','0','0','0','0','0','0','0','0','0','0','0']

reports.append(Report(579371008, ("DT", -2, 2, 2), "MBwhAst2sec02"))
reports[-1].posNum = 45279
reports[-1].negNum = 0
reports[-1].fittype = "6DOF"
reports[-1].add_parameters(ValErr(0.0499222, 0.00459133, 0), \
                           ValErr(-0.0461552, 0.0354546, 0), \
                           ValErr(-0.0418758, 0.0339865, 0), \
                           ValErr(7.98558e-05, 0.000133261, 0), \
                           ValErr(-9.01916e-06, 0.000124484, 0), \
                           ValErr(5.44239e-05, 8.92023e-05, 0), \
                           -132211, 45279, 45279, -nan)
reports[-1].sigmax = ValErr(0.890301, 0.00295851, 0)
reports[-1].sigmay = ValErr(1.21925, 0.00405167, 0)
reports[-1].sigmadxdz = ValErr(0, 0, 0)
reports[-1].sigmadydz = ValErr(0, 0, 0)
reports[-1].add_stats(0.0517731, -0.0838911, 7.2422e-05, -0.000469965, 0.0527741, -0.0895921, 6.68821e-05, -0.00124776, 0.0527741, -0.0895921, 6.68821e-05, -0.00124776, 0.0519989, -0.0875188, 7.4067e-05, -0.00125599, 0.0519989, -0.0875188, 7.4067e-05, -0.00125599, 0.890317, 1.21926, 0.0036885, 0.0257081, 0.890317, 1.21926, 0.0036885, 0.0257081)
reports[-1].CovMatrix = ['2.10803e-05','-5.96272e-05','5.76665e-05','-1.03159e-07','6.67874e-10','-5.39083e-08','7.3872e-09','1.15917e-09','0','0','0','0','-5.96272e-05','0.00125703','-0.00118854','2.1377e-06','3.69821e-07','2.17493e-07','1.63084e-08','3.26625e-08','0','0','0','0','5.76665e-05','-0.00118854','0.00115508','-1.95513e-06','-4.03177e-07','-2.18369e-07','-1.95154e-08','-5.8593e-09','0','0','0','0','-1.03159e-07','2.1377e-06','-1.95513e-06','1.77586e-08','-6.3192e-10','-3.81019e-10','-4.27124e-10','1.03326e-09','0','0','0','0','6.67874e-10','3.69821e-07','-4.03177e-07','-6.3192e-10','1.54963e-08','7.58238e-09','2.6765e-10','5.74319e-10','0','0','0','0','-5.39083e-08','2.17493e-07','-2.18369e-07','-3.81019e-10','7.58238e-09','7.95705e-09','3.29021e-10','1.96248e-10','0','0','0','0','7.3872e-09','1.63084e-08','-1.95154e-08','-4.27124e-10','2.6765e-10','3.29021e-10','8.7528e-06','-2.64276e-11','0','0','0','0','1.15917e-09','3.26625e-08','-5.8593e-09','1.03326e-09','5.74319e-10','1.96248e-10','-2.64276e-11','1.64161e-05','0','0','0','0','0','0','0','0','0','0','0','0','0','0','0','0','0','0','0','0','0','0','0','0','0','0','0','0','0','0','0','0','0','0','0','0','0','0','0','0','0','0','0','0','0','0','0','0','0','0','0','0']

reports.append(Report(579633152, ("DT", -2, 2, 3), "MBwhAst2sec03"))
reports[-1].posNum = 40177
reports[-1].negNum = 0
reports[-1].fittype = "6DOF"
reports[-1].add_parameters(ValErr(-0.0616333, 0.00480741, 0), \
                           ValErr(-0.153165, 0.0376848, 0), \
                           ValErr(0.0339943, 0.0361336, 0), \
                           ValErr(-2.44127e-05, 0.000139938, 0), \
                           ValErr(9.96701e-05, 0.000134306, 0), \
                           ValErr(1.20913e-05, 9.48235e-05, 0), \
                           -116576, 40177, 40177, -nan)
reports[-1].sigmax = ValErr(0.887669, 0.00313147, 0)
reports[-1].sigmay = ValErr(1.20064, 0.00423558, 0)
reports[-1].sigmadxdz = ValErr(0, 0, 0)
reports[-1].sigmadydz = ValErr(0, 0, 0)
reports[-1].add_stats(-0.0595556, -0.122486, 0.00023749, 0.000241823, -0.0635086, -0.118693, 0.000246643, -0.000597487, -0.0635086, -0.118693, 0.000246643, -0.000597487, -0.0629525, -0.114404, 0.000249252, -0.000646352, -0.0629525, -0.114404, 0.000249252, -0.000646352, 0.887681, 1.20064, 0.003716, 0.0254179, 0.887681, 1.20064, 0.003716, 0.0254179)
reports[-1].CovMatrix = ['2.31112e-05','-5.46498e-05','5.31366e-05','-9.36528e-08','-2.88658e-08','-9.04181e-08','1.24043e-08','-7.01708e-09','0','0','0','0','-5.46498e-05','0.00142015','-0.00134317','2.45657e-06','2.63564e-07','4.43627e-08','7.12627e-09','5.60913e-08','0','0','0','0','5.31366e-05','-0.00134317','0.00130564','-2.19501e-06','-2.48915e-07','-4.94391e-08','-1.37831e-08','-1.8061e-08','0','0','0','0','-9.36528e-08','2.45657e-06','-2.19501e-06','1.95827e-08','1.82183e-10','-4.57311e-10','-5.45849e-10','1.33494e-09','0','0','0','0','-2.88658e-08','2.63564e-07','-2.48915e-07','1.82183e-10','1.80381e-08','8.67486e-09','-2.18156e-11','1.12514e-09','0','0','0','0','-9.04181e-08','4.43627e-08','-4.94391e-08','-4.57311e-10','8.67486e-09','8.9915e-09','-6.828e-11','7.91653e-10','0','0','0','0','1.24043e-08','7.12627e-09','-1.37831e-08','-5.45849e-10','-2.18156e-11','-6.828e-11','9.80612e-06','-5.29161e-11','0','0','0','0','-7.01708e-09','5.60913e-08','-1.8061e-08','1.33494e-09','1.12514e-09','7.91653e-10','-5.29161e-11','1.79401e-05','0','0','0','0','0','0','0','0','0','0','0','0','0','0','0','0','0','0','0','0','0','0','0','0','0','0','0','0','0','0','0','0','0','0','0','0','0','0','0','0','0','0','0','0','0','0','0','0','0','0','0','0']

reports.append(Report(579895296, ("DT", -2, 2, 4), "MBwhAst2sec04"))
reports[-1].posNum = 48073
reports[-1].negNum = 0
reports[-1].fittype = "6DOF"
reports[-1].add_parameters(ValErr(0.00496075, 0.00433775, 0), \
                           ValErr(-0.0278122, 0.0346138, 0), \
                           ValErr(0.0582035, 0.0331692, 0), \
                           ValErr(8.57854e-05, 0.000128536, 0), \
                           ValErr(3.94438e-05, 0.000121183, 0), \
                           ValErr(-5.475e-05, 8.61635e-05, 0), \
                           -140181, 48073, 48073, -nan)
reports[-1].sigmax = ValErr(0.888974, 0.00286698, 0)
reports[-1].sigmay = ValErr(1.2163, 0.00392261, 0)
reports[-1].sigmadxdz = ValErr(0, 0, 0)
reports[-1].sigmadydz = ValErr(0, 0, 0)
reports[-1].add_stats(0.00270984, 0.0302798, 7.65157e-05, -0.000578753, 0.00174358, 0.030789, 9.47689e-05, -0.00111622, 0.00174358, 0.030789, 9.47689e-05, -0.00111622, 6.46281e-05, 0.0344755, 0.000104322, -0.00117017, 6.46281e-05, 0.0344755, 0.000104322, -0.00117017, 0.888998, 1.21636, 0.00369948, 0.025313, 0.888998, 1.21636, 0.00369948, 0.025313)
