nan = None;  NAN = None
nan = 0
reports = []
class ValErr:
    def __init__(self, value, error, antisym):
        self.value, self.error, self.antisym = value, error, antisym

    def __repr__(self):
        if self.antisym == 0.:
            return "%g +- %g" % (self.value, self.error)
        else:
            return "%g +- %g ~ %g" % (self.value, self.error, self.antisym)

class Report:
    def __init__(self, chamberId, postal_address, name):
        self.chamberId, self.postal_address, self.name = chamberId, postal_address, name
        self.status = "NOFIT"
        self.fittype = None
        self.CovMatrix = None

    def add_parameters(self, deltax, deltay, deltaz, deltaphix, deltaphiy, deltaphiz, loglikelihood, numsegments, sumofweights, redchi2):
        self.status = "PASS"
        self.deltax, self.deltay, self.deltaz, self.deltaphix, self.deltaphiy, self.deltaphiz = deltax, deltay, deltaz, deltaphix, deltaphiy, deltaphiz
        self.loglikelihood, self.numsegments, self.sumofweights, self.redchi2 = loglikelihood, numsegments, sumofweights, redchi2

    def add_stats(self, median_x, median_y, median_dxdz, median_dydz, mean30_x, mean30_y, mean20_dxdz, mean50_dydz, mean15_x, mean15_y, mean10_dxdz, mean25_dydz, wmean30_x, wmean30_y, wmean20_dxdz, wmean50_dydz, wmean15_x, wmean15_y, wmean10_dxdz, wmean25_dydz, stdev30_x, stdev30_y, stdev20_dxdz, stdev50_dydz, stdev15_x, stdev15_y, stdev10_dxdz, stdev25_dydz):
        self.median_x, self.median_y, self.median_dxdz, self.median_dydz, self.mean30_x, self.mean30_y, self.mean20_dxdz, self.mean50_dydz, self.mean15_x, self.mean15_y, self.mean10_dxdz, self.mean25_dydz, self.wmean30_x, self.wmean30_y, self.wmean20_dxdz, self.wmean50_dydz, self.wmean15_x, self.wmean15_y, self.wmean10_dxdz, self.wmean25_dydz, self.stdev30_x, self.stdev30_y, self.stdev20_dxdz, self.stdev50_dydz, self.stdev15_x, self.stdev15_y, self.stdev10_dxdz, self.stdev25_dydz = median_x, median_y, median_dxdz, median_dydz, mean30_x, mean30_y, mean20_dxdz, mean50_dydz, mean15_x, mean15_y, mean10_dxdz, mean25_dydz, wmean30_x, wmean30_y, wmean20_dxdz, wmean50_dydz, wmean15_x, wmean15_y, wmean10_dxdz, wmean25_dydz, stdev30_x, stdev30_y, stdev20_dxdz, stdev50_dydz, stdev15_x, stdev15_y, stdev10_dxdz, stdev25_dydz

    def __repr__(self):
        return "<Report %s %s %s>" % (self.postal_address[0], " ".join(map(str, self.postal_address[1:])), self.status)

reports.append(Report(574914560, ("DT", -2, 1, 1), "MBwhAst1sec01"))
reports[-1].posNum = 6126
reports[-1].negNum = 0
reports[-1].fittype = "6DOF"
reports[-1].add_parameters(ValErr(-0.0737451, 0.0111671, 0), \
                           ValErr(0.327107, 0.0917758, 0), \
                           ValErr(-0.0666208, 0.0743039, 0), \
                           ValErr(1.07942e-05, 0.000256892, 0), \
                           ValErr(0.000156677, 0.000272217, 0), \
                           ValErr(-4.52565e-06, 0.000181214, 0), \
                           -15008.8, 6126, 6126, -nan)
reports[-1].sigmax = ValErr(0.673485, 0.00608918, 0)
reports[-1].sigmay = ValErr(1.00746, 0.00910895, 0)
reports[-1].sigmadxdz = ValErr(0, 0, 0)
reports[-1].sigmadydz = ValErr(0, 0, 0)
reports[-1].add_stats(-0.0893901, 0.255326, 0.000103038, -0.00171367, -0.0804486, 0.247726, 8.69595e-05, -0.001487, -0.0804486, 0.247726, 8.69595e-05, -0.001487, -0.0770572, 0.268346, 7.30861e-05, -0.00147744, -0.0770572, 0.268346, 7.30861e-05, -0.00147744, 0.673511, 1.00755, 0.00346847, 0.0315139, 0.673511, 1.00755, 0.00346847, 0.0315139)
reports[-1].CovMatrix = ['0.000124704','0.000595215','-0.000487021','8.58261e-07','-2.31451e-07','-4.2179e-07','-2.57397e-07','4.02153e-08','0','0','0','0','0.000595215','0.0084228','-0.00674659','1.24027e-05','-1.68036e-06','5.43787e-07','-3.18848e-06','5.53305e-07','0','0','0','0','-0.000487021','-0.00674659','0.00552107','-9.48072e-06','1.32949e-06','-3.93389e-07','2.56003e-06','-3.24889e-07','0','0','0','0','8.58261e-07','1.24027e-05','-9.48072e-06','6.59933e-08','-1.43826e-09','4.64855e-09','-7.53235e-09','5.4647e-09','0','0','0','0','-2.31451e-07','-1.68036e-06','1.32949e-06','-1.43826e-09','7.41022e-08','2.63598e-08','5.93299e-09','-6.21155e-09','0','0','0','0','-4.2179e-07','5.43787e-07','-3.93389e-07','4.64855e-09','2.63598e-08','3.28385e-08','1.2824e-09','-2.00485e-09','0','0','0','0','-2.57397e-07','-3.18848e-06','2.56003e-06','-7.53235e-09','5.93299e-09','1.2824e-09','3.70782e-05','-3.61656e-08','0','0','0','0','4.02153e-08','5.53305e-07','-3.24889e-07','5.4647e-09','-6.21155e-09','-2.00485e-09','-3.61656e-08','8.29732e-05','0','0','0','0','0','0','0','0','0','0','0','0','0','0','0','0','0','0','0','0','0','0','0','0','0','0','0','0','0','0','0','0','0','0','0','0','0','0','0','0','0','0','0','0','0','0','0','0','0','0','0','0']

reports.append(Report(575176704, ("DT", -2, 1, 2), "MBwhAst1sec02"))
reports[-1].posNum = 3890
reports[-1].negNum = 0
reports[-1].fittype = "6DOF"
reports[-1].add_parameters(ValErr(0.032332, 0.0138214, 0), \
                           ValErr(-0.0286711, 0.115947, 0), \
                           ValErr(-0.0113715, 0.0938356, 0), \
                           ValErr(9.33525e-05, 0.000309281, 0), \
                           ValErr(0.000774857, 0.000345424, 0), \
                           ValErr(-0.000122856, 0.000220427, 0), \
                           -9518.04, 3890, 3890, -nan)
reports[-1].sigmax = ValErr(0.675097, 0.0076538, 0)
reports[-1].sigmay = ValErr(1.00182, 0.011358, 0)
reports[-1].sigmadxdz = ValErr(0, 0, 0)
reports[-1].sigmadydz = ValErr(0, 0, 0)
reports[-1].add_stats(0.026814, -0.0470662, 0.00087425, -0.00238916, 0.0252113, -0.0396375, 0.000855915, -0.00200536, 0.0252113, -0.0396375, 0.000855915, -0.00200536, 0.0040874, -0.03173, 0.000956961, -0.0019323, 0.0040874, -0.03173, 0.000956961, -0.0019323, 0.675117, 1.00302, 0.00346241, 0.0337337, 0.675117, 1.00302, 0.00346241, 0.0337337)
reports[-1].CovMatrix = ['0.00019103','0.000874372','-0.000716485','1.22646e-06','-4.98405e-07','-8.10776e-07','1.74028e-07','-1.14788e-07','0','0','0','0','0.000874372','0.0134438','-0.0107636','1.93885e-05','-3.57842e-06','1.47294e-07','1.05741e-06','-8.73558e-08','0','0','0','0','-0.000716485','-0.0107636','0.00880511','-1.47504e-05','2.61782e-06','-4.04186e-08','-9.23005e-07','3.15616e-07','0','0','0','0','1.22646e-06','1.93885e-05','-1.47504e-05','9.56545e-08','-2.30726e-09','4.97219e-09','-1.30753e-09','7.19388e-09','0','0','0','0','-4.98405e-07','-3.57842e-06','2.61782e-06','-2.30726e-09','1.19318e-07','4.00088e-08','1.8622e-09','2.09124e-09','0','0','0','0','-8.10776e-07','1.47294e-07','-4.04186e-08','4.97219e-09','4.00088e-08','4.85882e-08','-1.48304e-09','5.37231e-09','0','0','0','0','1.74028e-07','1.05741e-06','-9.23005e-07','-1.30753e-09','1.8622e-09','-1.48304e-09','5.85809e-05','-5.5878e-10','0','0','0','0','-1.14788e-07','-8.73558e-08','3.15616e-07','7.19388e-09','2.09124e-09','5.37231e-09','-5.5878e-10','0.000129005','0','0','0','0','0','0','0','0','0','0','0','0','0','0','0','0','0','0','0','0','0','0','0','0','0','0','0','0','0','0','0','0','0','0','0','0','0','0','0','0','0','0','0','0','0','0','0','0','0','0','0','0']

reports.append(Report(575438848, ("DT", -2, 1, 3), "MBwhAst1sec03"))
reports[-1].posNum = 4217
reports[-1].negNum = 0
reports[-1].fittype = "6DOF"
reports[-1].add_parameters(ValErr(-0.00442603, 0.0142879, 0), \
                           ValErr(0.040348, 0.109554, 0), \
                           ValErr(-0.0785354, 0.0889293, 0), \
                           ValErr(0.000177805, 0.000298249, 0), \
                           ValErr(0.000630676, 0.00031174, 0), \
                           ValErr(-1.56684e-05, 0.000218635, 0), \
                           -10190.1, 4217, 4217, -nan)
reports[-1].sigmax = ValErr(0.677811, 0.00738064, 0)
reports[-1].sigmay = ValErr(0.967978, 0.0105404, 0)
reports[-1].sigmadxdz = ValErr(0, 0, 0)
reports[-1].sigmadydz = ValErr(0, 0, 0)
reports[-1].add_stats(-0.0192289, -0.066618, -3.23993e-05, -0.00302479, -0.0163797, -0.0586365, 3.61975e-05, -0.00193564, -0.0163797, -0.0586365, 3.61975e-05, -0.00193564, -0.018827, -0.0624791, 4.71798e-05, -0.002154, -0.018827, -0.0624791, 4.71798e-05, -0.002154, 0.677892, 0.968731, 0.00348646, 0.0327335, 0.677892, 0.968731, 0.00348646, 0.0327335)
reports[-1].CovMatrix = ['0.000204144','0.000956901','-0.000783175','1.36924e-06','-5.16741e-07','-8.01416e-07','3.72752e-07','-3.78976e-07','0','0','0','0','0.000956901','0.012002','-0.00963919','1.77856e-05','-2.0734e-06','7.73166e-07','3.57622e-06','-3.61337e-06','0','0','0','0','-0.000783175','-0.00963919','0.00790841','-1.34308e-05','1.90872e-06','-5.44144e-07','-2.94449e-06','3.1428e-06','0','0','0','0','1.36924e-06','1.77856e-05','-1.34308e-05','8.89522e-08','-1.51301e-09','6.6661e-09','4.21121e-09','-8.86504e-10','0','0','0','0','-5.16741e-07','-2.0734e-06','1.90872e-06','-1.51301e-09','9.71817e-08','3.81683e-08','-3.31372e-10','5.0083e-09','0','0','0','0','-8.01416e-07','7.73166e-07','-5.44144e-07','6.6661e-09','3.81683e-08','4.78013e-08','-7.95802e-10','4.28998e-09','0','0','0','0','3.72752e-07','3.57622e-06','-2.94449e-06','4.21121e-09','-3.31372e-10','-7.95802e-10','5.4474e-05','-1.2902e-09','0','0','0','0','-3.78976e-07','-3.61337e-06','3.1428e-06','-8.86504e-10','5.0083e-09','4.28998e-09','-1.2902e-09','0.0001111','0','0','0','0','0','0','0','0','0','0','0','0','0','0','0','0','0','0','0','0','0','0','0','0','0','0','0','0','0','0','0','0','0','0','0','0','0','0','0','0','0','0','0','0','0','0','0','0','0','0','0','0']

reports.append(Report(575700992, ("DT", -2, 1, 4), "MBwhAst1sec04"))
reports[-1].posNum = 5998
reports[-1].negNum = 0
reports[-1].fittype = "6DOF"
reports[-1].add_parameters(ValErr(-0.0817388, 0.0109213, 0), \
                           ValErr(0.0967644, 0.0943892, 0), \
                           ValErr(-0.0757559, 0.0763294, 0), \
                           ValErr(0.000115866, 0.000255957, 0), \
                           ValErr(-8.28858e-05, 0.000277261, 0), \
                           ValErr(0.000230115, 0.000177693, 0), \
                           -14647.4, 5998, 5998, -nan)
reports[-1].sigmax = ValErr(0.665696, 0.00607806, 0)
reports[-1].sigmay = ValErr(1.01116, 0.00923223, 0)
reports[-1].sigmadxdz = ValErr(0, 0, 0)
reports[-1].sigmadydz = ValErr(0, 0, 0)
reports[-1].add_stats(-0.0831509, 0.00717252, 0.000434959, -0.00200557, -0.0843507, 0.00311443, 0.000455212, -0.00156816, -0.0843507, 0.00311443, 0.000455212, -0.00156816, -0.0822776, 0.002846, 0.000463615, -0.00144799, -0.0822776, 0.002846, 0.000463615, -0.00144799, 0.66582, 1.01128, 0.00339898, 0.034891, 0.66582, 1.01128, 0.00339898, 0.034891)
reports[-1].CovMatrix = ['0.000119275','0.000591741','-0.000484155','8.52197e-07','-1.64246e-07','-3.30295e-07','9.06088e-08','-3.07121e-08','0','0','0','0','0.000591741','0.00890932','-0.00713176','1.29268e-05','-2.08389e-06','4.00952e-07','7.01094e-07','-1.0225e-07','0','0','0','0','-0.000484155','-0.00713176','0.00582618','-1.00584e-05','1.50682e-06','-2.91144e-07','-5.69124e-07','1.68968e-07','0','0','0','0','8.52197e-07','1.29268e-05','-1.00584e-05','6.55139e-08','-1.85854e-09','3.96548e-09','9.39028e-10','1.88155e-09','0','0','0','0','-1.64246e-07','-2.08389e-06','1.50682e-06','-1.85854e-09','7.68736e-08','2.53858e-08','-1.79745e-09','5.83585e-09','0','0','0','0','-3.30295e-07','4.00952e-07','-2.91144e-07','3.96548e-09','2.53858e-08','3.15747e-08','-6.26712e-10','3.02571e-09','0','0','0','0','9.06088e-08','7.01094e-07','-5.69124e-07','9.39028e-10','-1.79745e-09','-6.26712e-10','3.69429e-05','-1.47088e-10','0','0','0','0','-3.07121e-08','-1.0225e-07','1.68968e-07','1.88155e-09','5.83585e-09','3.02571e-09','-1.47088e-10','8.52343e-05','0','0','0','0','0','0','0','0','0','0','0','0','0','0','0','0','0','0','0','0','0','0','0','0','0','0','0','0','0','0','0','0','0','0','0','0','0','0','0','0','0','0','0','0','0','0','0','0','0','0','0','0']

reports.append(Report(575963136, ("DT", -2, 1, 5), "MBwhAst1sec05"))
reports[-1].posNum = 5486
reports[-1].negNum = 0
reports[-1].fittype = "6DOF"
reports[-1].add_parameters(ValErr(0.00931864, 0.0121494, 0), \
                           ValErr(0.0102382, 0.0988791, 0), \
                           ValErr(-0.0419715, 0.0802448, 0), \
                           ValErr(2.81624e-06, 0.000266006, 0), \
                           ValErr(0.000250492, 0.000289671, 0), \
                           ValErr(-0.000110016, 0.000187414, 0), \
                           -13417.6, 5486, 5486, -nan)
reports[-1].sigmax = ValErr(0.673782, 0.00643256, 0)
reports[-1].sigmay = ValErr(1.00277, 0.00957333, 0)
reports[-1].sigmadxdz = ValErr(0, 0, 0)
reports[-1].sigmadydz = ValErr(0, 0, 0)
reports[-1].add_stats(0.00925496, -0.0037102, -8.17194e-05, -0.000807588, 0.00229486, -0.0404425, -5.03595e-05, -0.000648098, 0.00229486, -0.0404425, -5.03595e-05, -0.000648098, 0.00536002, -0.0398747, -8.67335e-05, -0.000807574, 0.00536002, -0.0398747, -8.67335e-05, -0.000807574, 0.673829, 1.00294, 0.00344252, 0.0344751, 0.673829, 1.00294, 0.00344252, 0.0344751)
reports[-1].CovMatrix = ['0.000147607','0.00074365','-0.000608983','1.06464e-06','-2.48601e-07','-4.25576e-07','1.08171e-07','-3.42812e-08','0','0','0','0','0.00074365','0.00977709','-0.00785517','1.42202e-05','-2.23433e-06','3.39494e-07','4.61287e-07','4.44329e-07','0','0','0','0','-0.000608983','-0.00785517','0.00643923','-1.10318e-05','1.92727e-06','-2.25895e-07','-2.99665e-07','-3.67051e-07','0','0','0','0','1.06464e-06','1.42202e-05','-1.10318e-05','7.07594e-08','-7.75386e-10','4.94764e-09','7.06889e-09','-6.68454e-09','0','0','0','0','-2.48601e-07','-2.23433e-06','1.92727e-06','-7.75386e-10','8.39092e-08','2.82576e-08','-2.70192e-09','7.73627e-09','0','0','0','0','-4.25576e-07','3.39494e-07','-2.25895e-07','4.94764e-09','2.82576e-08','3.5124e-08','-2.20058e-09','5.65343e-09','0','0','0','0','1.08171e-07','4.61287e-07','-2.99665e-07','7.06889e-09','-2.70192e-09','-2.20058e-09','4.13779e-05','-1.44674e-09','0','0','0','0','-3.42812e-08','4.44329e-07','-3.67051e-07','-6.68454e-09','7.73627e-09','5.65343e-09','-1.44674e-09','9.16489e-05','0','0','0','0','0','0','0','0','0','0','0','0','0','0','0','0','0','0','0','0','0','0','0','0','0','0','0','0','0','0','0','0','0','0','0','0','0','0','0','0','0','0','0','0','0','0','0','0','0','0','0','0']

reports.append(Report(576225280, ("DT", -2, 1, 6), "MBwhAst1sec06"))
reports[-1].posNum = 4575
reports[-1].negNum = 0
reports[-1].fittype = "6DOF"
reports[-1].add_parameters(ValErr(0.0210897, 0.0143526, 0), \
                           ValErr(-0.0664049, 0.107497, 0), \
                           ValErr(0.126978, 0.0872909, 0), \
                           ValErr(0.000420166, 0.000287902, 0), \
                           ValErr(0.000398069, 0.000316037, 0), \
                           ValErr(0.000145063, 0.000208055, 0), \
                           -11106.8, 4575, 4575, -nan)
reports[-1].sigmax = ValErr(0.673278, 0.0070387, 0)
reports[-1].sigmay = ValErr(0.985542, 0.0103032, 0)
reports[-1].sigmadxdz = ValErr(0, 0, 0)
reports[-1].sigmadydz = ValErr(0, 0, 0)
reports[-1].add_stats(0.0300679, 0.110694, -0.000100627, -0.00389116, 0.0346851, 0.0728942, -0.000152247, -0.00305127, 0.0346851, 0.0728942, -0.000152247, -0.00305127, 0.0353674, 0.0656814, -0.000155695, -0.00306059, 0.0353674, 0.0656814, -0.000155695, -0.00306059, 0.673448, 0.986277, 0.00342018, 0.0325626, 0.673448, 0.986277, 0.00342018, 0.0325626)
reports[-1].CovMatrix = ['0.000205996','0.0010142','-0.000829586','1.39479e-06','-6.33582e-07','-8.84578e-07','8.72024e-08','2.22429e-08','0','0','0','0','0.0010142','0.0115556','-0.00928286','1.66116e-05','-3.63427e-06','-1.01126e-06','8.1274e-08','1.22964e-06','0','0','0','0','-0.000829586','-0.00928286','0.0076197','-1.25e-05','3.54255e-06','9.42383e-07','-1.76909e-07','-6.74491e-07','0','0','0','0','1.39479e-06','1.66116e-05','-1.25e-05','8.28876e-08','2.53381e-09','4.78467e-09','-7.74385e-09','1.6264e-08','0','0','0','0','-6.33582e-07','-3.63427e-06','3.54255e-06','2.53381e-09','9.98792e-08','3.55008e-08','5.57389e-09','-3.46705e-09','0','0','0','0','-8.84578e-07','-1.01126e-06','9.42383e-07','4.78467e-09','3.55008e-08','4.32868e-08','-8.68031e-11','2.81837e-09','0','0','0','0','8.72024e-08','8.1274e-08','-1.76909e-07','-7.74385e-09','5.57389e-09','-8.68031e-11','4.95434e-05','-2.46523e-09','0','0','0','0','2.22429e-08','1.22964e-06','-6.74491e-07','1.6264e-08','-3.46705e-09','2.81837e-09','-2.46523e-09','0.000106155','0','0','0','0','0','0','0','0','0','0','0','0','0','0','0','0','0','0','0','0','0','0','0','0','0','0','0','0','0','0','0','0','0','0','0','0','0','0','0','0','0','0','0','0','0','0','0','0','0','0','0','0']

reports.append(Report(576487424, ("DT", -2, 1, 7), "MBwhAst1sec07"))
reports[-1].posNum = 6327
reports[-1].negNum = 0
reports[-1].fittype = "6DOF"
reports[-1].add_parameters(ValErr(-0.034173, 0.0108442, 0), \
                           ValErr(-0.0202737, 0.0919134, 0), \
                           ValErr(0.180441, 0.0745167, 0), \
                           ValErr(-0.000544854, 0.000250458, 0), \
                           ValErr(0.000235644, 0.000269521, 0), \
                           ValErr(-0.000196721, 0.000179018, 0), \
                           -15327, 6327, 6327, -nan)
reports[-1].sigmax = ValErr(0.670412, 0.00595996, 0)
reports[-1].sigmay = ValErr(0.984576, 0.00875324, 0)
reports[-1].sigmadxdz = ValErr(0, 0, 0)
reports[-1].sigmadydz = ValErr(0, 0, 0)
reports[-1].add_stats(-0.0294662, 0.221353, 0.00021993, -0.00284916, -0.0225817, 0.204976, 0.000150923, -0.00303825, -0.0225817, 0.204976, 0.000150923, -0.00303825, -0.0159178, 0.202983, 0.000103868, -0.00370132, -0.0159178, 0.202983, 0.000103868, -0.00370132, 0.670724, 0.984915, 0.00341016, 0.0319488, 0.670724, 0.984915, 0.00341016, 0.0319488)
reports[-1].CovMatrix = ['0.000117597','0.000575564','-0.000471614','8.31884e-07','-2.3084e-07','-3.97851e-07','1.76602e-07','-3.75963e-08','0','0','0','0','0.000575564','0.00844806','-0.00678225','1.23832e-05','-1.89273e-06','3.08578e-07','1.65427e-06','1.03369e-07','0','0','0','0','-0.000471614','-0.00678225','0.00555274','-9.56653e-06','1.41311e-06','-2.09128e-07','-1.25471e-06','-9.38142e-08','0','0','0','0','8.31884e-07','1.23832e-05','-9.56653e-06','6.27294e-08','-1.11994e-09','3.8694e-09','2.0919e-09','-5.88863e-11','0','0','0','0','-2.3084e-07','-1.89273e-06','1.41311e-06','-1.11994e-09','7.26413e-08','2.61171e-08','-8.98689e-10','-1.14458e-09','0','0','0','0','-3.97851e-07','3.08578e-07','-2.09128e-07','3.8694e-09','2.61171e-08','3.20474e-08','-4.32451e-10','2.23282e-09','0','0','0','0','1.76602e-07','1.65427e-06','-1.25471e-06','2.0919e-09','-8.98689e-10','-4.32451e-10','3.55212e-05','-3.14584e-08','0','0','0','0','-3.75963e-08','1.03369e-07','-9.38142e-08','-5.88863e-11','-1.14458e-09','2.23282e-09','-3.14584e-08','7.66195e-05','0','0','0','0','0','0','0','0','0','0','0','0','0','0','0','0','0','0','0','0','0','0','0','0','0','0','0','0','0','0','0','0','0','0','0','0','0','0','0','0','0','0','0','0','0','0','0','0','0','0','0','0']

reports.append(Report(576749568, ("DT", -2, 1, 8), "MBwhAst1sec08"))
reports[-1].posNum = 5688
reports[-1].negNum = 0
reports[-1].fittype = "6DOF"
reports[-1].add_parameters(ValErr(0.0366445, 0.0115179, 0), \
                           ValErr(0.163145, 0.0963242, 0), \
                           ValErr(-0.0958903, 0.0781393, 0), \
                           ValErr(4.29345e-05, 0.000264012, 0), \
                           ValErr(0.000346529, 0.000282841, 0), \
                           ValErr(-0.000180236, 0.000187301, 0), \
                           -13749.5, 5688, 5688, -nan)
reports[-1].sigmax = ValErr(0.665073, 0.006239, 0)
reports[-1].sigmay = ValErr(0.987348, 0.00924055, 0)
reports[-1].sigmadxdz = ValErr(0, 0, 0)
reports[-1].sigmadydz = ValErr(0, 0, 0)
reports[-1].add_stats(0.0282087, 0.0514814, 0.000902139, -0.00155718, 0.0234125, 0.0496924, 0.00093679, -0.0014627, 0.0234125, 0.0496924, 0.00093679, -0.0014627, 0.0172279, 0.0420846, 0.000968205, -0.00135971, 0.0172279, 0.0420846, 0.000968205, -0.00135971, 0.665223, 0.987768, 0.00340349, 0.0339732, 0.665223, 0.987768, 0.00340349, 0.0339732)
reports[-1].CovMatrix = ['0.000132662','0.000641661','-0.00052623','9.14328e-07','-3.29589e-07','-5.39346e-07','-1.84215e-07','-2.37377e-07','0','0','0','0','0.000641661','0.00927835','-0.0074499','1.35924e-05','-2.25624e-06','3.6548e-08','-2.41071e-06','-3.36275e-06','0','0','0','0','-0.00052623','-0.0074499','0.00610575','-1.03844e-05','1.77021e-06','3.78099e-08','2.13511e-06','2.71758e-06','0','0','0','0','9.14328e-07','1.35924e-05','-1.03844e-05','6.97024e-08','2.74699e-10','4.22802e-09','-7.50779e-10','-1.16862e-08','0','0','0','0','-3.29589e-07','-2.25624e-06','1.77021e-06','2.74699e-10','7.99988e-08','2.84516e-08','-1.19958e-09','-1.77416e-09','0','0','0','0','-5.39346e-07','3.6548e-08','3.78099e-08','4.22802e-09','2.84516e-08','3.50817e-08','-1.74656e-09','3.85807e-10','0','0','0','0','-1.84215e-07','-2.41071e-06','2.13511e-06','-7.50779e-10','-1.19958e-09','-1.74656e-09','3.89252e-05','-6.7779e-08','0','0','0','0','-2.37377e-07','-3.36275e-06','2.71758e-06','-1.16862e-08','-1.77416e-09','3.85807e-10','-6.7779e-08','8.5388e-05','0','0','0','0','0','0','0','0','0','0','0','0','0','0','0','0','0','0','0','0','0','0','0','0','0','0','0','0','0','0','0','0','0','0','0','0','0','0','0','0','0','0','0','0','0','0','0','0','0','0','0','0']

reports.append(Report(577011712, ("DT", -2, 1, 9), "MBwhAst1sec09"))
reports[-1].posNum = 3789
reports[-1].negNum = 0
reports[-1].fittype = "6DOF"
reports[-1].add_parameters(ValErr(-0.0430798, 0.0136935, 0), \
                           ValErr(0.0499796, 0.116519, 0), \
                           ValErr(-0.100604, 0.0944785, 0), \
                           ValErr(0.000732215, 0.000310707, 0), \
                           ValErr(-0.000731543, 0.000335338, 0), \
                           ValErr(-9.9097e-05, 0.000221331, 0), \
                           -9273.39, 3789, 3789, -nan)
reports[-1].sigmax = ValErr(0.679706, 0.00780809, 0)
reports[-1].sigmay = ValErr(0.995683, 0.0114379, 0)
reports[-1].sigmadxdz = ValErr(0, 0, 0)
reports[-1].sigmadydz = ValErr(0, 0, 0)
reports[-1].add_stats(-0.0445008, -0.0931181, 2.33866e-05, -0.00347438, -0.0504238, -0.0837824, 9.04235e-05, -0.00235486, -0.0504238, -0.0837824, 9.04235e-05, -0.00235486, -0.0459054, -0.0748958, 8.51306e-05, -0.00266249, -0.0459054, -0.0748958, 8.51306e-05, -0.00266249, 0.679902, 0.996718, 0.00345008, 0.0334371, 0.679902, 0.996718, 0.00345008, 0.0334371)
reports[-1].CovMatrix = ['0.000187511','0.00086765','-0.000712238','1.26403e-06','-1.77623e-07','-4.61127e-07','6.36393e-08','7.0321e-08','0','0','0','0','0.00086765','0.0135767','-0.0108955','1.99586e-05','-1.78949e-06','1.82671e-06','-3.65599e-07','2.10172e-06','0','0','0','0','-0.000712238','-0.0108955','0.00892618','-1.5569e-05','1.04269e-06','-1.4532e-06','2.63357e-07','-1.53122e-06','0','0','0','0','1.26403e-06','1.99586e-05','-1.5569e-05','9.65388e-08','-5.24568e-09','7.41449e-09','-1.58329e-09','7.33792e-09','0','0','0','0','-1.77623e-07','-1.78949e-06','1.04269e-06','-5.24568e-09','1.12452e-07','3.92857e-08','5.37757e-09','-3.04992e-09','0','0','0','0','-4.61127e-07','1.82671e-06','-1.4532e-06','7.41449e-09','3.92857e-08','4.89874e-08','2.76819e-10','3.13934e-09','0','0','0','0','6.36393e-08','-3.65599e-07','2.63357e-07','-1.58329e-09','5.37757e-09','2.76819e-10','6.09665e-05','-3.95384e-10','0','0','0','0','7.0321e-08','2.10172e-06','-1.53122e-06','7.33792e-09','-3.04992e-09','3.13934e-09','-3.95384e-10','0.000130827','0','0','0','0','0','0','0','0','0','0','0','0','0','0','0','0','0','0','0','0','0','0','0','0','0','0','0','0','0','0','0','0','0','0','0','0','0','0','0','0','0','0','0','0','0','0','0','0','0','0','0','0']

reports.append(Report(577273856, ("DT", -2, 1, 10), "MBwhAst1sec10"))
reports[-1].posNum = 4006
reports[-1].negNum = 0
reports[-1].fittype = "6DOF"
reports[-1].add_parameters(ValErr(0.0173034, 0.0131729, 0), \
                           ValErr(-0.0061189, 0.116035, 0), \
                           ValErr(0.0940863, 0.0942183, 0), \
                           ValErr(6.87474e-05, 0.000296616, 0), \
                           ValErr(-0.000117017, 0.000330328, 0), \
                           ValErr(-7.91712e-06, 0.000204952, 0), \
                           -9760.58, 4006, 4006, -nan)
reports[-1].sigmax = ValErr(0.67101, 0.00749664, 0)
reports[-1].sigmay = ValErr(0.9976, 0.0111452, 0)
reports[-1].sigmadxdz = ValErr(0, 0, 0)
reports[-1].sigmadydz = ValErr(0, 0, 0)
reports[-1].add_stats(0.0325269, 0.100237, 0.000174222, -0.00237952, 0.0252403, 0.106355, 0.000136429, -0.00100711, 0.0252403, 0.106355, 0.000136429, -0.00100711, 0.0225782, 0.120191, 0.000143702, -0.00126401, 0.0225782, 0.120191, 0.000143702, -0.00126401, 0.6711, 0.997714, 0.00347698, 0.0339445, 0.6711, 0.997714, 0.00347698, 0.0339445)
reports[-1].CovMatrix = ['0.000173526','0.000869545','-0.000714273','1.2747e-06','-2.40841e-08','-2.18028e-07','2.34716e-07','-1.81723e-07','0','0','0','0','0.000869545','0.0134642','-0.0108291','1.94836e-05','-2.58634e-06','1.13902e-06','2.21414e-06','-1.85757e-06','0','0','0','0','-0.000714273','-0.0108291','0.00887709','-1.56242e-05','1.75119e-06','-9.14279e-07','-1.82101e-06','1.64301e-06','0','0','0','0','1.2747e-06','1.94836e-05','-1.56242e-05','8.7981e-08','-3.59682e-09','5.91762e-09','4.24456e-09','-1.88977e-09','0','0','0','0','-2.40841e-08','-2.58634e-06','1.75119e-06','-3.59682e-09','1.09117e-07','3.40494e-08','5.69789e-10','3.76925e-09','0','0','0','0','-2.18028e-07','1.13902e-06','-9.14279e-07','5.91762e-09','3.40494e-08','4.20055e-08','-1.9086e-09','5.99212e-09','0','0','0','0','2.34716e-07','2.21414e-06','-1.82101e-06','4.24456e-09','5.69789e-10','-1.9086e-09','5.61998e-05','-6.90379e-10','0','0','0','0','-1.81723e-07','-1.85757e-06','1.64301e-06','-1.88977e-09','3.76925e-09','5.99212e-09','-6.90379e-10','0.000124216','0','0','0','0','0','0','0','0','0','0','0','0','0','0','0','0','0','0','0','0','0','0','0','0','0','0','0','0','0','0','0','0','0','0','0','0','0','0','0','0','0','0','0','0','0','0','0','0','0','0','0','0']

reports.append(Report(577536000, ("DT", -2, 1, 11), "MBwhAst1sec11"))
reports[-1].posNum = 4274
reports[-1].negNum = 0
reports[-1].fittype = "6DOF"
reports[-1].add_parameters(ValErr(0.0614604, 0.0136923, 0), \
                           ValErr(0.277248, 0.115353, 0), \
                           ValErr(-0.189421, 0.0935044, 0), \
                           ValErr(0.000758147, 0.000294572, 0), \
                           ValErr(-0.000670992, 0.000328331, 0), \
                           ValErr(1.88231e-05, 0.000207856, 0), \
                           -10524.3, 4274, 4274, -nan)
reports[-1].sigmax = ValErr(0.682465, 0.00738183, 0)
reports[-1].sigmay = ValErr(1.00661, 0.0108876, 0)
reports[-1].sigmadxdz = ValErr(0, 0, 0)
reports[-1].sigmadydz = ValErr(0, 0, 0)
reports[-1].add_stats(0.0328808, 0.0583807, -0.000512402, -0.00236802, 0.0464888, 0.0453573, -0.000555582, -0.00152234, 0.0464888, 0.0453573, -0.000555582, -0.00152234, 0.045165, 0.0355386, -0.000558815, -0.001402, 0.045165, 0.0355386, -0.000558815, -0.001402, 0.682629, 1.00776, 0.00347706, 0.0336244, 0.682629, 1.00776, 0.00347706, 0.0336244)
reports[-1].CovMatrix = ['0.00018748','0.000997885','-0.000815595','1.45252e-06','3.39595e-08','-1.00207e-07','3.45116e-07','-3.20649e-07','0','0','0','0','0.000997885','0.0133062','-0.0106891','1.89662e-05','-2.75836e-06','7.23669e-07','3.97933e-06','-4.43394e-06','0','0','0','0','-0.000815595','-0.0106891','0.00874307','-1.53537e-05','2.37661e-06','-5.79778e-07','-3.25285e-06','3.74072e-06','0','0','0','0','1.45252e-06','1.89662e-05','-1.53537e-05','8.67725e-08','-1.14445e-09','6.65008e-09','8.30147e-09','-7.82826e-09','0','0','0','0','3.39595e-08','-2.75836e-06','2.37661e-06','-1.14445e-09','1.07802e-07','3.47296e-08','-3.67364e-09','1.03103e-08','0','0','0','0','-1.00207e-07','7.23669e-07','-5.79778e-07','6.65008e-09','3.47296e-08','4.32042e-08','9.79472e-10','1.80752e-09','0','0','0','0','3.45116e-07','3.97933e-06','-3.25285e-06','8.30147e-09','-3.67364e-09','9.79472e-10','5.44916e-05','-1.7413e-09','0','0','0','0','-3.20649e-07','-4.43394e-06','3.74072e-06','-7.82826e-09','1.03103e-08','1.80752e-09','-1.7413e-09','0.00011854','0','0','0','0','0','0','0','0','0','0','0','0','0','0','0','0','0','0','0','0','0','0','0','0','0','0','0','0','0','0','0','0','0','0','0','0','0','0','0','0','0','0','0','0','0','0','0','0','0','0','0','0']

reports.append(Report(577798144, ("DT", -2, 1, 12), "MBwhAst1sec12"))
reports[-1].posNum = 5457
reports[-1].negNum = 0
reports[-1].fittype = "6DOF"
reports[-1].add_parameters(ValErr(-0.0167966, 0.0122829, 0), \
                           ValErr(0.155777, 0.102098, 0), \
                           ValErr(0.00661393, 0.0828831, 0), \
                           ValErr(0.000208211, 0.000271736, 0), \
                           ValErr(0.000633193, 0.000293575, 0), \
                           ValErr(0.000111106, 0.000194963, 0), \
                           -13501.4, 5457, 5457, -nan)
reports[-1].sigmax = ValErr(0.691651, 0.00662065, 0)
reports[-1].sigmay = ValErr(1.00496, 0.00961962, 0)
reports[-1].sigmadxdz = ValErr(0, 0, 0)
reports[-1].sigmadydz = ValErr(0, 0, 0)
reports[-1].add_stats(-0.0115218, 0.158816, 0.000833625, -0.00325196, -0.0173636, 0.160985, 0.000813329, -0.00166587, -0.0173636, 0.160985, 0.000813329, -0.00166587, -0.0255723, 0.156737, 0.000857803, -0.00170968, -0.0255723, 0.156737, 0.000857803, -0.00170968, 0.691637, 1.00553, 0.00353994, 0.0312555, 0.691637, 1.00553, 0.00353994, 0.0312555)
reports[-1].CovMatrix = ['0.000150869','0.000733075','-0.000601158','1.04502e-06','-3.64342e-07','-5.84071e-07','2.70625e-07','-2.75513e-07','0','0','0','0','0.000733075','0.010424','-0.00837957','1.52561e-05','-2.35322e-06','1.55351e-07','2.78017e-06','-2.86623e-06','0','0','0','0','-0.000601158','-0.00837957','0.0068696','-1.17175e-05','1.87609e-06','-6.2114e-08','-2.23585e-06','2.40463e-06','0','0','0','0','1.04502e-06','1.52561e-05','-1.17175e-05','7.38404e-08','-2.20307e-10','4.49746e-09','7.15942e-09','-6.33629e-09','0','0','0','0','-3.64342e-07','-2.35322e-06','1.87609e-06','-2.20307e-10','8.61865e-08','3.0969e-08','2.59606e-09','-2.44202e-11','0','0','0','0','-5.84071e-07','1.55351e-07','-6.2114e-08','4.49746e-09','3.0969e-08','3.80105e-08','-3.26331e-10','2.9583e-09','0','0','0','0','2.70625e-07','2.78017e-06','-2.23585e-06','7.15942e-09','2.59606e-09','-3.26331e-10','4.38331e-05','-1.15681e-09','0','0','0','0','-2.75513e-07','-2.86623e-06','2.40463e-06','-6.33629e-09','-2.44202e-11','2.9583e-09','-1.15681e-09','9.25375e-05','0','0','0','0','0','0','0','0','0','0','0','0','0','0','0','0','0','0','0','0','0','0','0','0','0','0','0','0','0','0','0','0','0','0','0','0','0','0','0','0','0','0','0','0','0','0','0','0','0','0','0','0']

reports.append(Report(579108864, ("DT", -2, 2, 1), "MBwhAst2sec01"))
reports[-1].posNum = 7417
reports[-1].negNum = 0
reports[-1].fittype = "6DOF"
reports[-1].add_parameters(ValErr(-0.111219, 0.0114435, 0), \
                           ValErr(0.124618, 0.0900784, 0), \
                           ValErr(-0.0257024, 0.0864591, 0), \
                           ValErr(0.000361645, 0.000321798, 0), \
                           ValErr(5.32015e-05, 0.000307596, 0), \
                           ValErr(-5.77277e-06, 0.000220248, 0), \
                           -21844.1, 7417, 7417, -nan)
reports[-1].sigmax = ValErr(0.916718, 0.00752681, 0)
reports[-1].sigmay = ValErr(1.21436, 0.00997067, 0)
reports[-1].sigmadxdz = ValErr(0, 0, 0)
reports[-1].sigmadydz = ValErr(0, 0, 0)
reports[-1].add_stats(-0.11941, 0.107588, 0.000291303, 0.000140851, -0.110367, 0.0960379, 0.000249197, -0.000662604, -0.110367, 0.0960379, 0.000249197, -0.000662604, -0.112572, 0.0891171, 0.000267969, -0.000663022, -0.112572, 0.0891171, 0.000267969, -0.000663022, 0.916755, 1.21442, 0.00374273, 0.0264004, 0.916755, 1.21442, 0.00374273, 0.0264004)
reports[-1].CovMatrix = ['0.000130954','-0.000334981','0.000325195','-5.87566e-07','1.03759e-07','-2.2152e-07','2.92147e-08','3.97882e-08','0','0','0','0','-0.000334981','0.00811411','-0.00769022','1.38314e-05','1.52978e-06','4.15515e-07','-3.73862e-07','8.11785e-07','0','0','0','0','0.000325195','-0.00769022','0.00747518','-1.29032e-05','-1.54205e-06','-4.2674e-07','3.32186e-07','-6.18675e-07','0','0','0','0','-5.87566e-07','1.38314e-05','-1.29032e-05','1.03554e-07','-1.03301e-09','-3.0238e-09','-5.90925e-09','1.05154e-08','0','0','0','0','1.03759e-07','1.52978e-06','-1.54205e-06','-1.03301e-09','9.46152e-08','4.62538e-08','-4.94891e-09','1.25611e-08','0','0','0','0','-2.2152e-07','4.15515e-07','-4.2674e-07','-3.0238e-09','4.62538e-08','4.85093e-08','1.75483e-09','1.69228e-09','0','0','0','0','2.92147e-08','-3.73862e-07','3.32186e-07','-5.90925e-09','-4.94891e-09','1.75483e-09','5.6653e-05','-2.00151e-09','0','0','0','0','3.97882e-08','8.11785e-07','-6.18675e-07','1.05154e-08','1.25611e-08','1.69228e-09','-2.00151e-09','9.94146e-05','0','0','0','0','0','0','0','0','0','0','0','0','0','0','0','0','0','0','0','0','0','0','0','0','0','0','0','0','0','0','0','0','0','0','0','0','0','0','0','0','0','0','0','0','0','0','0','0','0','0','0','0']

reports.append(Report(579371008, ("DT", -2, 2, 2), "MBwhAst2sec02"))
reports[-1].posNum = 6666
reports[-1].negNum = 0
reports[-1].fittype = "6DOF"
reports[-1].add_parameters(ValErr(0.0679011, 0.0120533, 0), \
                           ValErr(0.0596783, 0.0927445, 0), \
                           ValErr(-0.13528, 0.0889413, 0), \
                           ValErr(0.000229621, 0.000345596, 0), \
                           ValErr(-3.77249e-05, 0.000322859, 0), \
                           ValErr(-0.000273878, 0.000230104, 0), \
                           -19465, 6666, 6666, -nan)
reports[-1].sigmax = ValErr(0.889506, 0.00770394, 0)
reports[-1].sigmay = ValErr(1.2205, 0.0105706, 0)
reports[-1].sigmadxdz = ValErr(0, 0, 0)
reports[-1].sigmadydz = ValErr(0, 0, 0)
reports[-1].add_stats(0.0517454, -0.0722602, -1.7705e-05, -8.9349e-06, 0.0718338, -0.0784498, 1.41177e-05, -0.000663691, 0.0718338, -0.0784498, 1.41177e-05, -0.000663691, 0.0630532, -0.0898362, 6.9577e-05, -0.000782335, 0.0630532, -0.0898362, 6.9577e-05, -0.000782335, 0.889793, 1.22053, 0.00376098, 0.0260112, 0.889793, 1.22053, 0.00376098, 0.0260112)
reports[-1].CovMatrix = ['0.000145282','-0.000429072','0.000414698','-7.41183e-07','-9.4515e-10','-3.70936e-07','6.63599e-08','-1.46849e-08','0','0','0','0','-0.000429072','0.00860155','-0.00813652','1.46453e-05','2.42105e-06','1.39887e-06','-7.54281e-07','1.38467e-06','0','0','0','0','0.000414698','-0.00813652','0.00791056','-1.34041e-05','-2.71379e-06','-1.4046e-06','6.04657e-07','-1.02962e-06','0','0','0','0','-7.41183e-07','1.46453e-05','-1.34041e-05','1.19437e-07','-4.16471e-09','-2.85851e-09','-1.66066e-08','2.57836e-08','0','0','0','0','-9.4515e-10','2.42105e-06','-2.71379e-06','-4.16471e-09','1.04238e-07','5.01932e-08','5.52648e-09','-1.3398e-09','0','0','0','0','-3.70936e-07','1.39887e-06','-1.4046e-06','-2.85851e-09','5.01932e-08','5.2948e-08','6.53492e-09','-4.67943e-09','0','0','0','0','6.63599e-08','-7.54281e-07','6.04657e-07','-1.66066e-08','5.52648e-09','6.53492e-09','5.93508e-05','-4.42175e-09','0','0','0','0','-1.46849e-08','1.38467e-06','-1.02962e-06','2.57836e-08','-1.3398e-09','-4.67943e-09','-4.42175e-09','0.000111739','0','0','0','0','0','0','0','0','0','0','0','0','0','0','0','0','0','0','0','0','0','0','0','0','0','0','0','0','0','0','0','0','0','0','0','0','0','0','0','0','0','0','0','0','0','0','0','0','0','0','0','0']

reports.append(Report(579633152, ("DT", -2, 2, 3), "MBwhAst2sec03"))
reports[-1].posNum = 5891
reports[-1].negNum = 0
reports[-1].fittype = "6DOF"
reports[-1].add_parameters(ValErr(-0.0794242, 0.0126158, 0), \
                           ValErr(-0.0264582, 0.0985793, 0), \
                           ValErr(-0.0815467, 0.0944978, 0), \
                           ValErr(0.000403563, 0.000365096, 0), \
                           ValErr(9.875e-05, 0.000348918, 0), \
                           ValErr(-0.000106726, 0.000249126, 0), \
                           -17130, 5891, 5891, -nan)
reports[-1].sigmax = ValErr(0.895319, 0.00824836, 0)
reports[-1].sigmay = ValErr(1.19784, 0.0110354, 0)
reports[-1].sigmadxdz = ValErr(0, 0, 0)
reports[-1].sigmadydz = ValErr(0, 0, 0)
reports[-1].add_stats(-0.0761633, -0.107689, 0.000281404, 8.42513e-05, -0.0782617, -0.113746, 0.00028866, -0.00097229, -0.0782617, -0.113746, 0.00028866, -0.00097229, -0.0716871, -0.0979925, 0.000272272, -0.00128861, -0.0716871, -0.0979925, 0.000272272, -0.00128861, 0.89537, 1.19798, 0.00373573, 0.0255901, 0.89537, 1.19798, 0.00373573, 0.0255901)
reports[-1].CovMatrix = ['0.000159158','-0.000370589','0.000360126','-6.40827e-07','-1.61408e-07','-5.79568e-07','7.29315e-08','-2.74033e-08','0','0','0','0','-0.000370589','0.00971787','-0.00919046','1.6902e-05','1.54152e-06','4.69753e-08','8.19434e-07','-6.72825e-07','0','0','0','0','0.000360126','-0.00919046','0.00892984','-1.51661e-05','-1.43984e-06','-8.3799e-08','-7.86012e-07','8.25001e-07','0','0','0','0','-6.40827e-07','1.6902e-05','-1.51661e-05','1.33295e-07','1.7345e-09','-3.5417e-09','2.04552e-09','1.27775e-09','0','0','0','0','-1.61408e-07','1.54152e-06','-1.43984e-06','1.7345e-09','1.21744e-07','5.961e-08','1.11729e-09','6.0377e-09','0','0','0','0','-5.79568e-07','4.69753e-08','-8.3799e-08','-3.5417e-09','5.961e-08','6.20637e-08','-1.11562e-09','6.33379e-09','0','0','0','0','7.29315e-08','8.19434e-07','-7.86012e-07','2.04552e-09','1.11729e-09','-1.11562e-09','6.80357e-05','-1.69008e-10','0','0','0','0','-2.74033e-08','-6.72825e-07','8.25001e-07','1.27775e-09','6.0377e-09','6.33379e-09','-1.69008e-10','0.000121781','0','0','0','0','0','0','0','0','0','0','0','0','0','0','0','0','0','0','0','0','0','0','0','0','0','0','0','0','0','0','0','0','0','0','0','0','0','0','0','0','0','0','0','0','0','0','0','0','0','0','0','0']

reports.append(Report(579895296, ("DT", -2, 2, 4), "MBwhAst2sec04"))
reports[-1].posNum = 6957
reports[-1].negNum = 0
reports[-1].fittype = "6DOF"
reports[-1].add_parameters(ValErr(0.0290663, 0.0112952, 0), \
                           ValErr(-0.145041, 0.0904388, 0), \
                           ValErr(0.149249, 0.0866735, 0), \
                           ValErr(1.70504e-05, 0.000335302, 0), \
                           ValErr(-1.03204e-05, 0.000316605, 0), \
                           ValErr(-2.27654e-05, 0.000224375, 0), \
                           -20161.6, 6957, 6957, -nan)
reports[-1].sigmax = ValErr(0.878952, 0.00744433, 0)
reports[-1].sigmay = ValErr(1.20826, 0.0102446, 0)
reports[-1].sigmadxdz = ValErr(0, 0, 0)
reports[-1].sigmadydz = ValErr(0, 0, 0)
reports[-1].add_stats(0.0250773, 0.00725025, -3.42344e-05, -0.000393863, 0.0226659, 0.00679365, -3.07975e-06, -0.000760403, 0.0226659, 0.00679365, -3.07975e-06, -0.000760403, 0.0260502, 0.0209622, -7.62944e-06, -0.000953025, 0.0260502, 0.0209622, -7.62944e-06, -0.000953025, 0.879105, 1.20839, 0.00371258, 0.0252643, 0.879105, 1.20839, 0.00371258, 0.0252643)
