nan = None;  NAN = None
nan = 0
reports = []
class ValErr:
    def __init__(self, value, error, antisym):
        self.value, self.error, self.antisym = value, error, antisym

    def __repr__(self):
        if self.antisym == 0.:
            return "%g +- %g" % (self.value, self.error)
        else:
            return "%g +- %g ~ %g" % (self.value, self.error, self.antisym)

class Report:
    def __init__(self, chamberId, postal_address, name):
        self.chamberId, self.postal_address, self.name = chamberId, postal_address, name
        self.status = "NOFIT"
        self.fittype = None
        self.CovMatrix = None

    def add_parameters(self, deltax, deltay, deltaz, deltaphix, deltaphiy, deltaphiz, loglikelihood, numsegments, sumofweights, redchi2):
        self.status = "PASS"
        self.deltax, self.deltay, self.deltaz, self.deltaphix, self.deltaphiy, self.deltaphiz = deltax, deltay, deltaz, deltaphix, deltaphiy, deltaphiz
        self.loglikelihood, self.numsegments, self.sumofweights, self.redchi2 = loglikelihood, numsegments, sumofweights, redchi2

    def add_stats(self, median_x, median_y, median_dxdz, median_dydz, mean30_x, mean30_y, mean20_dxdz, mean50_dydz, mean15_x, mean15_y, mean10_dxdz, mean25_dydz, wmean30_x, wmean30_y, wmean20_dxdz, wmean50_dydz, wmean15_x, wmean15_y, wmean10_dxdz, wmean25_dydz, stdev30_x, stdev30_y, stdev20_dxdz, stdev50_dydz, stdev15_x, stdev15_y, stdev10_dxdz, stdev25_dydz):
        self.median_x, self.median_y, self.median_dxdz, self.median_dydz, self.mean30_x, self.mean30_y, self.mean20_dxdz, self.mean50_dydz, self.mean15_x, self.mean15_y, self.mean10_dxdz, self.mean25_dydz, self.wmean30_x, self.wmean30_y, self.wmean20_dxdz, self.wmean50_dydz, self.wmean15_x, self.wmean15_y, self.wmean10_dxdz, self.wmean25_dydz, self.stdev30_x, self.stdev30_y, self.stdev20_dxdz, self.stdev50_dydz, self.stdev15_x, self.stdev15_y, self.stdev10_dxdz, self.stdev25_dydz = median_x, median_y, median_dxdz, median_dydz, mean30_x, mean30_y, mean20_dxdz, mean50_dydz, mean15_x, mean15_y, mean10_dxdz, mean25_dydz, wmean30_x, wmean30_y, wmean20_dxdz, wmean50_dydz, wmean15_x, wmean15_y, wmean10_dxdz, wmean25_dydz, stdev30_x, stdev30_y, stdev20_dxdz, stdev50_dydz, stdev15_x, stdev15_y, stdev10_dxdz, stdev25_dydz

    def __repr__(self):
        return "<Report %s %s %s>" % (self.postal_address[0], " ".join(map(str, self.postal_address[1:])), self.status)

reports.append(Report(574914560, ("DT", -2, 1, 1), "MBwhAst1sec01"))
reports[-1].posNum = 3016
reports[-1].negNum = 0
reports[-1].fittype = "6DOF"
reports[-1].add_parameters(ValErr(-0.0828174, 0.0155366, 0), \
                           ValErr(0.0656537, 0.128272, 0), \
                           ValErr(0.1347, 0.103943, 0), \
                           ValErr(-0.000140066, 0.000358027, 0), \
                           ValErr(0.000230461, 0.000377044, 0), \
                           ValErr(8.55491e-05, 0.000252955, 0), \
                           -7244.79, 3016, 3016, -nan)
reports[-1].sigmax = ValErr(0.659246, 0.0084885, 0)
reports[-1].sigmay = ValErr(0.981116, 0.0126329, 0)
reports[-1].sigmadxdz = ValErr(0, 0, 0)
reports[-1].sigmadydz = ValErr(0, 0, 0)
reports[-1].add_stats(-0.065713, 0.244174, 0.000105285, -0.000605613, -0.0703677, 0.228827, 6.71994e-05, -0.000516948, -0.0703677, 0.228827, 6.71994e-05, -0.000516948, -0.0723164, 0.221763, 7.70123e-05, -0.000637624, -0.0723164, 0.221763, 7.70123e-05, -0.000637624, 0.659425, 0.981155, 0.00343648, 0.0315085, 0.659425, 0.981155, 0.00343648, 0.0315085)
reports[-1].CovMatrix = ['0.000241387','0.0011554','-0.00094612','1.68036e-06','-3.69323e-07','-7.35959e-07','5.68842e-08','1.16318e-07','0','0','0','0','0.0011554','0.0164538','-0.0131929','2.44371e-05','-2.33569e-06','1.9438e-06','1.51878e-06','-3.29226e-07','0','0','0','0','-0.00094612','-0.0131929','0.0108042','-1.87536e-05','1.75355e-06','-1.50694e-06','-1.29206e-06','5.38505e-07','0','0','0','0','1.68036e-06','2.44371e-05','-1.87536e-05','1.28183e-07','-4.81973e-09','1.01216e-08','-1.69988e-09','9.12536e-09','0','0','0','0','-3.69323e-07','-2.33569e-06','1.75355e-06','-4.81973e-09','1.42163e-07','5.09198e-08','2.01976e-09','3.18334e-09','0','0','0','0','-7.35959e-07','1.9438e-06','-1.50694e-06','1.01216e-08','5.09198e-08','6.3986e-08','7.86746e-09','-7.35164e-09','0','0','0','0','5.68842e-08','1.51878e-06','-1.29206e-06','-1.69988e-09','2.01976e-09','7.86746e-09','7.20549e-05','-1.92548e-09','0','0','0','0','1.16318e-07','-3.29226e-07','5.38505e-07','9.12536e-09','3.18334e-09','-7.35164e-09','-1.92548e-09','0.00015959','0','0','0','0','0','0','0','0','0','0','0','0','0','0','0','0','0','0','0','0','0','0','0','0','0','0','0','0','0','0','0','0','0','0','0','0','0','0','0','0','0','0','0','0','0','0','0','0','0','0','0','0']

reports.append(Report(575176704, ("DT", -2, 1, 2), "MBwhAst1sec02"))
reports[-1].posNum = 1893
reports[-1].negNum = 0
reports[-1].fittype = "6DOF"
reports[-1].add_parameters(ValErr(0.0169863, 0.0202385, 0), \
                           ValErr(-0.141755, 0.165209, 0), \
                           ValErr(0.0369477, 0.133806, 0), \
                           ValErr(-0.000657051, 0.000443385, 0), \
                           ValErr(-1.95969e-05, 0.000494849, 0), \
                           ValErr(-0.000426219, 0.000323214, 0), \
                           -4605.57, 1893, 1893, -nan)
reports[-1].sigmax = ValErr(0.6781, 0.0110207, 0)
reports[-1].sigmay = ValErr(0.983667, 0.0159868, 0)
reports[-1].sigmadxdz = ValErr(0, 0, 0)
reports[-1].sigmadydz = ValErr(0, 0, 0)
reports[-1].add_stats(0.0191714, -0.0829908, 0.000911613, -0.00389216, 0.0115623, -0.0823103, 0.000927884, -0.00195625, 0.0115623, -0.0823103, 0.000927884, -0.00195625, 0.0123318, -0.0984415, 0.000920168, -0.00211989, 0.0123318, -0.0984415, 0.000920168, -0.00211989, 0.678418, 0.984352, 0.00344884, 0.0323283, 0.678418, 0.984352, 0.00344884, 0.0323283)
reports[-1].CovMatrix = ['0.000409597','0.00182452','-0.00149546','2.54094e-06','-1.33054e-06','-1.97299e-06','-3.10019e-07','7.3338e-07','0','0','0','0','0.00182452','0.0272941','-0.0218677','3.96123e-05','-7.48878e-06','3.96907e-07','-3.23415e-06','7.74727e-06','0','0','0','0','-0.00149546','-0.0218677','0.017904','-2.97804e-05','5.61824e-06','-1.33124e-07','2.72347e-06','-6.11348e-06','0','0','0','0','2.54094e-06','3.96123e-05','-2.97804e-05','1.9659e-07','-6.84993e-09','1.07618e-08','2.21407e-09','7.72665e-09','0','0','0','0','-1.33054e-06','-7.48878e-06','5.61824e-06','-6.84993e-09','2.44876e-07','8.64022e-08','2.7439e-08','-3.00541e-08','0','0','0','0','-1.97299e-06','3.96907e-07','-1.33124e-07','1.07618e-08','8.64022e-08','1.04467e-07','1.52322e-08','-1.54881e-08','0','0','0','0','-3.10019e-07','-3.23415e-06','2.72347e-06','2.21407e-09','2.7439e-08','1.52322e-08','0.000121457','-4.49763e-09','0','0','0','0','7.3338e-07','7.74727e-06','-6.11348e-06','7.72665e-09','-3.00541e-08','-1.54881e-08','-4.49763e-09','0.000255581','0','0','0','0','0','0','0','0','0','0','0','0','0','0','0','0','0','0','0','0','0','0','0','0','0','0','0','0','0','0','0','0','0','0','0','0','0','0','0','0','0','0','0','0','0','0','0','0','0','0','0','0']

reports.append(Report(575438848, ("DT", -2, 1, 3), "MBwhAst1sec03"))
reports[-1].posNum = 2169
reports[-1].negNum = 0
reports[-1].fittype = "6DOF"
reports[-1].add_parameters(ValErr(-0.0133319, 0.0199452, 0), \
                           ValErr(-0.0202082, 0.154699, 0), \
                           ValErr(-0.110035, 0.125659, 0), \
                           ValErr(-4.35004e-05, 0.000415704, 0), \
                           ValErr(-0.000100273, 0.000445119, 0), \
                           ValErr(-0.000333242, 0.000295861, 0), \
                           -5303.01, 2169, 2169, -nan)
reports[-1].sigmax = ValErr(0.676456, 0.0102706, 0)
reports[-1].sigmay = ValErr(0.997919, 0.0151514, 0)
reports[-1].sigmadxdz = ValErr(0, 0, 0)
reports[-1].sigmadydz = ValErr(0, 0, 0)
reports[-1].add_stats(-0.0241886, -0.177007, 4.9355e-05, -0.0036285, -0.0308237, -0.150187, 0.000114651, -0.00216884, -0.0308237, -0.150187, 0.000114651, -0.00216884, -0.0342185, -0.155757, 0.000119354, -0.00221237, -0.0342185, -0.155757, 0.000119354, -0.00221237, 0.676765, 0.998065, 0.00344481, 0.0337394, 0.676765, 0.998065, 0.00344481, 0.0337394)
reports[-1].CovMatrix = ['0.000397812','0.00190807','-0.0015634','2.69644e-06','-9.71737e-07','-1.53047e-06','1.79076e-07','4.49572e-08','0','0','0','0','0.00190807','0.0239318','-0.0192285','3.50241e-05','-5.12153e-06','4.6115e-07','1.06815e-06','1.39351e-06','0','0','0','0','-0.0015634','-0.0192285','0.0157903','-2.65686e-05','4.72088e-06','-1.94585e-07','-7.99408e-07','-9.27104e-07','0','0','0','0','2.69644e-06','3.50241e-05','-2.65686e-05','1.7281e-07','-6.88059e-10','1.17562e-08','7.98494e-09','-1.58788e-09','0','0','0','0','-9.71737e-07','-5.12153e-06','4.72088e-06','-6.88059e-10','1.98131e-07','7.06258e-08','-1.49747e-08','3.12283e-08','0','0','0','0','-1.53047e-06','4.6115e-07','-1.94585e-07','1.17562e-08','7.06258e-08','8.75339e-08','-2.41788e-09','9.38784e-09','0','0','0','0','1.79076e-07','1.06815e-06','-7.99408e-07','7.98494e-09','-1.49747e-08','-2.41788e-09','0.000105486','-2.61869e-09','0','0','0','0','4.49572e-08','1.39351e-06','-9.27104e-07','-1.58788e-09','3.12283e-08','9.38784e-09','-2.61869e-09','0.000229567','0','0','0','0','0','0','0','0','0','0','0','0','0','0','0','0','0','0','0','0','0','0','0','0','0','0','0','0','0','0','0','0','0','0','0','0','0','0','0','0','0','0','0','0','0','0','0','0','0','0','0','0']

reports.append(Report(575700992, ("DT", -2, 1, 4), "MBwhAst1sec04"))
reports[-1].posNum = 2941
reports[-1].negNum = 0
reports[-1].fittype = "6DOF"
reports[-1].add_parameters(ValErr(-0.105403, 0.0124455, 0), \
                           ValErr(0.0711236, 0.0245929, 0), \
                           ValErr(-0.0113507, 0.0195075, 0), \
                           ValErr(0.000365204, 0.000303584, 0), \
                           ValErr(3.98854e-05, 0.00039154, 0), \
                           ValErr(0.000501986, 0.000252212, 0), \
                           -7118.95, 2941, 2941, -nan)
reports[-1].sigmax = ValErr(0.663997, 0.00862082, 0)
reports[-1].sigmay = ValErr(0.992213, 0.0126834, 0)
reports[-1].sigmadxdz = ValErr(0, 0, 0)
reports[-1].sigmadydz = ValErr(0, 0, 0)
reports[-1].add_stats(-0.109359, 0.0273095, 0.000522212, -0.00342743, -0.0995684, 0.0517289, 0.000531628, -0.00211239, -0.0995684, 0.0517289, 0.000531628, -0.00211239, -0.0977517, 0.0786449, 0.000500638, -0.00251564, -0.0977517, 0.0786449, 0.000500638, -0.00251564, 0.664459, 0.992519, 0.0034478, 0.033989, 0.664459, 0.992519, 0.0034478, 0.033989)
reports[-1].CovMatrix = ['0.000154891','-2.33913e-05','1.08795e-05','-5.19503e-08','-1.32035e-07','-7.68488e-07','2.41916e-06','7.40251e-07','0','0','0','0','-2.33913e-05','0.000604813','-0.000339887','7.60723e-07','-1.31852e-06','-4.17353e-07','2.43568e-05','-1.6862e-05','0','0','0','0','1.08795e-05','-0.000339887','0.000380543','1.65412e-07','7.36343e-07','4.10721e-07','-2.12257e-05','9.03803e-06','0','0','0','0','-5.19503e-08','7.60723e-07','1.65412e-07','9.21635e-08','-2.06578e-09','6.25821e-09','3.19376e-08','-1.42915e-08','0','0','0','0','-1.32035e-07','-1.31852e-06','7.36343e-07','-2.06578e-09','1.53304e-07','5.14765e-08','-1.05705e-08','-6.5772e-08','0','0','0','0','-7.68488e-07','-4.17353e-07','4.10721e-07','6.25821e-09','5.14765e-08','6.36108e-08','5.60017e-09','2.40755e-08','0','0','0','0','2.41916e-06','2.43568e-05','-2.12257e-05','3.19376e-08','-1.05705e-08','5.60017e-09','7.43189e-05','-2.30834e-06','0','0','0','0','7.40251e-07','-1.6862e-05','9.03803e-06','-1.42915e-08','-6.5772e-08','2.40755e-08','-2.30834e-06','0.000160869','0','0','0','0','0','0','0','0','0','0','0','0','0','0','0','0','0','0','0','0','0','0','0','0','0','0','0','0','0','0','0','0','0','0','0','0','0','0','0','0','0','0','0','0','0','0','0','0','0','0','0','0']

reports.append(Report(575963136, ("DT", -2, 1, 5), "MBwhAst1sec05"))
reports[-1].posNum = 2628
reports[-1].negNum = 0
reports[-1].fittype = "6DOF"
reports[-1].add_parameters(ValErr(-0.000339758, 0.0170331, 0), \
                           ValErr(-0.131041, 0.140432, 0), \
                           ValErr(0.0405961, 0.113881, 0), \
                           ValErr(0.000169118, 0.000383252, 0), \
                           ValErr(0.000795258, 0.00041589, 0), \
                           ValErr(0.000148466, 0.000266447, 0), \
                           -6375.9, 2628, 2628, -nan)
reports[-1].sigmax = ValErr(0.662082, 0.00913249, 0)
reports[-1].sigmay = ValErr(1.00063, 0.0138021, 0)
reports[-1].sigmadxdz = ValErr(0, 0, 0)
reports[-1].sigmadydz = ValErr(0, 0, 0)
reports[-1].add_stats(-0.0131328, -0.0874715, -6.83099e-05, -0.000982527, 0.00188568, -0.0848804, -5.25286e-05, -0.00111694, 0.00188568, -0.0848804, -5.25286e-05, -0.00111694, 0.0119811, -0.0875889, -0.00010618, -0.00151228, 0.0119811, -0.0875889, -0.00010618, -0.00151228, 0.662161, 1.00135, 0.00342235, 0.0336095, 0.662161, 1.00135, 0.00342235, 0.0336095)
reports[-1].CovMatrix = ['0.000290126','0.00143845','-0.00117839','2.06572e-06','-5.80987e-07','-9.79712e-07','3.4436e-07','-2.89695e-07','0','0','0','0','0.00143845','0.0197212','-0.0158264','2.87583e-05','-5.33973e-06','-3.96842e-08','4.21479e-06','-4.16388e-06','0','0','0','0','-0.00117839','-0.0158264','0.0129689','-2.21693e-05','4.39998e-06','1.42992e-07','-3.51458e-06','3.73636e-06','0','0','0','0','2.06572e-06','2.87583e-05','-2.21693e-05','1.46882e-07','-1.50266e-09','8.13215e-09','1.13206e-09','6.14421e-09','0','0','0','0','-5.80987e-07','-5.33973e-06','4.39998e-06','-1.50266e-09','1.72964e-07','5.71119e-08','-2.60891e-09','1.15815e-08','0','0','0','0','-9.79712e-07','-3.96842e-08','1.42992e-07','8.13215e-09','5.71119e-08','7.09941e-08','2.59008e-09','1.10856e-09','0','0','0','0','3.4436e-07','4.21479e-06','-3.51458e-06','1.13206e-09','-2.60891e-09','2.59008e-09','8.34027e-05','-1.83933e-09','0','0','0','0','-2.89695e-07','-4.16388e-06','3.73636e-06','6.14421e-09','1.15815e-08','1.10856e-09','-1.83933e-09','0.0001905','0','0','0','0','0','0','0','0','0','0','0','0','0','0','0','0','0','0','0','0','0','0','0','0','0','0','0','0','0','0','0','0','0','0','0','0','0','0','0','0','0','0','0','0','0','0','0','0','0','0','0','0']

reports.append(Report(576225280, ("DT", -2, 1, 6), "MBwhAst1sec06"))
reports[-1].posNum = 2189
reports[-1].negNum = 0
reports[-1].fittype = "6DOF"
reports[-1].add_parameters(ValErr(0.0148313, 0.0202535, 0), \
                           ValErr(-0.186536, 0.151988, 0), \
                           ValErr(0.183999, 0.12332, 0), \
                           ValErr(7.67632e-05, 0.000420734, 0), \
                           ValErr(-2.1679e-05, 0.000452895, 0), \
                           ValErr(1.86153e-05, 0.000303086, 0), \
                           -5285.13, 2189, 2189, -nan)
reports[-1].sigmax = ValErr(0.664561, 0.0100439, 0)
reports[-1].sigmay = ValErr(0.985274, 0.0148911, 0)
reports[-1].sigmadxdz = ValErr(0, 0, 0)
reports[-1].sigmadydz = ValErr(0, 0, 0)
reports[-1].add_stats(0.0258596, 0.0342134, -0.000198514, -0.00406727, 0.0340805, 0.0293714, -0.000132683, -0.00346261, 0.0340805, 0.0293714, -0.000132683, -0.00346261, 0.0304498, 0.0317088, -8.01078e-05, -0.00362269, 0.0304498, 0.0317088, -8.01078e-05, -0.00362269, 0.664838, 0.985609, 0.00343879, 0.0322875, 0.664838, 0.985609, 0.00343879, 0.0322875)
reports[-1].CovMatrix = ['0.000410203','0.00195919','-0.00160283','2.68801e-06','-1.27719e-06','-1.84213e-06','1.84669e-07','-2.50248e-08','0','0','0','0','0.00195919','0.0231004','-0.0185297','3.34984e-05','-5.93958e-06','-4.05755e-07','7.05909e-08','-2.7572e-06','0','0','0','0','-0.00160283','-0.0185297','0.0152078','-2.48655e-05','5.73784e-06','5.78989e-07','2.45748e-07','2.36009e-06','0','0','0','0','2.68801e-06','3.34984e-05','-2.48655e-05','1.77017e-07','2.15775e-09','1.2606e-08','1.09025e-08','5.63077e-09','0','0','0','0','-1.27719e-06','-5.93958e-06','5.73784e-06','2.15775e-09','2.05114e-07','7.46902e-08','1.99454e-08','2.01235e-08','0','0','0','0','-1.84213e-06','-4.05755e-07','5.78989e-07','1.2606e-08','7.46902e-08','9.18614e-08','1.30966e-09','-3.91511e-09','0','0','0','0','1.84669e-07','7.05909e-08','2.45748e-07','1.09025e-08','1.99454e-08','1.30966e-09','0.000100881','3.76701e-09','0','0','0','0','-2.50248e-08','-2.7572e-06','2.36009e-06','5.63077e-09','2.01235e-08','-3.91511e-09','3.76701e-09','0.000221747','0','0','0','0','0','0','0','0','0','0','0','0','0','0','0','0','0','0','0','0','0','0','0','0','0','0','0','0','0','0','0','0','0','0','0','0','0','0','0','0','0','0','0','0','0','0','0','0','0','0','0','0']

reports.append(Report(576487424, ("DT", -2, 1, 7), "MBwhAst1sec07"))
reports[-1].posNum = 3032
reports[-1].negNum = 0
reports[-1].fittype = "6DOF"
reports[-1].add_parameters(ValErr(-0.0364399, 0.0160604, 0), \
                           ValErr(0.0606031, 0.134715, 0), \
                           ValErr(0.149923, 0.109225, 0), \
                           ValErr(-0.000388549, 0.00036762, 0), \
                           ValErr(-3.14807e-05, 0.000393734, 0), \
                           ValErr(-0.000155622, 0.000265878, 0), \
                           -7386.14, 3032, 3032, -nan)
reports[-1].sigmax = ValErr(0.680871, 0.00874386, 0)
reports[-1].sigmay = ValErr(0.982715, 0.0126201, 0)
reports[-1].sigmadxdz = ValErr(0, 0, 0)
reports[-1].sigmadydz = ValErr(0, 0, 0)
reports[-1].add_stats(-0.038712, 0.250418, 0.000153854, -0.00223736, -0.0256461, 0.245977, 0.000130181, -0.00182267, -0.0256461, 0.245977, 0.000130181, -0.00182267, -0.0260392, 0.243138, 0.000138097, -0.00270284, -0.0260392, 0.243138, 0.000138097, -0.00270284, 0.681114, 0.982748, 0.00352445, 0.0319399, 0.681114, 0.982748, 0.00352445, 0.0319399)
reports[-1].CovMatrix = ['0.000257938','0.00125741','-0.00102982','1.82477e-06','-5.81499e-07','-9.46698e-07','2.49489e-07','-1.58291e-07','0','0','0','0','0.00125741','0.0181482','-0.0145735','2.68471e-05','-3.96318e-06','6.45229e-07','1.07365e-06','4.40744e-07','0','0','0','0','-0.00102982','-0.0145735','0.0119302','-2.06487e-05','3.03974e-06','-4.32686e-07','-9.02842e-07','-1.33746e-07','0','0','0','0','1.82477e-06','2.68471e-05','-2.06487e-05','1.35145e-07','-3.06687e-09','7.98573e-09','4.18853e-09','9.10765e-10','0','0','0','0','-5.81499e-07','-3.96318e-06','3.03974e-06','-3.06687e-09','1.55026e-07','5.75579e-08','2.90137e-08','-3.53571e-08','0','0','0','0','-9.46698e-07','6.45229e-07','-4.32686e-07','7.98573e-09','5.75579e-08','7.06912e-08','2.75577e-09','5.39352e-10','0','0','0','0','2.49489e-07','1.07365e-06','-9.02842e-07','4.18853e-09','2.90137e-08','2.75577e-09','7.64554e-05','-9.00373e-09','0','0','0','0','-1.58291e-07','4.40744e-07','-1.33746e-07','9.10765e-10','-3.53571e-08','5.39352e-10','-9.00373e-09','0.000159268','0','0','0','0','0','0','0','0','0','0','0','0','0','0','0','0','0','0','0','0','0','0','0','0','0','0','0','0','0','0','0','0','0','0','0','0','0','0','0','0','0','0','0','0','0','0','0','0','0','0','0','0']

reports.append(Report(576749568, ("DT", -2, 1, 8), "MBwhAst1sec08"))
reports[-1].posNum = 2578
reports[-1].negNum = 0
reports[-1].fittype = "6DOF"
reports[-1].add_parameters(ValErr(0.0575292, 0.0172574, 0), \
                           ValErr(0.073853, 0.14646, 0), \
                           ValErr(-0.0692131, 0.118844, 0), \
                           ValErr(0.000973815, 0.000385061, 0), \
                           ValErr(0.00074023, 0.000417393, 0), \
                           ValErr(7.4789e-05, 0.000275883, 0), \
                           -6255.33, 2578, 2578, -nan)
reports[-1].sigmax = ValErr(0.677184, 0.00943087, 0)
reports[-1].sigmay = ValErr(0.978596, 0.0136285, 0)
reports[-1].sigmadxdz = ValErr(0, 0, 0)
reports[-1].sigmadydz = ValErr(0, 0, 0)
reports[-1].add_stats(0.0648183, -0.0372105, 0.000825268, -0.000595907, 0.0483555, -0.0216542, 0.000814142, -0.000252011, 0.0483555, -0.0216542, 0.000814142, -0.000252011, 0.0659372, -0.0333872, 0.000727745, -0.000574335, 0.0659372, -0.0333872, 0.000727745, -0.000574335, 0.677311, 0.980507, 0.00340653, 0.0341037, 0.677311, 0.980507, 0.00340653, 0.0341037)
reports[-1].CovMatrix = ['0.000297819','0.00147162','-0.00120647','2.11023e-06','-6.57806e-07','-1.08064e-06','4.57314e-08','-1.68929e-07','0','0','0','0','0.00147162','0.0214505','-0.0172435','3.12329e-05','-5.56345e-06','-4.67824e-07','-1.00159e-06','-3.71522e-06','0','0','0','0','-0.00120647','-0.0172435','0.0141238','-2.42331e-05','4.3455e-06','4.97371e-07','7.51092e-07','2.72437e-06','0','0','0','0','2.11023e-06','3.12329e-05','-2.42331e-05','1.48272e-07','4.84948e-10','7.27589e-09','-5.05504e-09','-1.51839e-08','0','0','0','0','-6.57806e-07','-5.56345e-06','4.3455e-06','4.84948e-10','1.74217e-07','6.19038e-08','9.63409e-09','6.50123e-09','0','0','0','0','-1.08064e-06','-4.67824e-07','4.97371e-07','7.27589e-09','6.19038e-08','7.61113e-08','1.35228e-09','-2.92036e-09','0','0','0','0','4.57314e-08','-1.00159e-06','7.51092e-07','-5.05504e-09','9.63409e-09','1.35228e-09','8.89416e-05','1.03085e-09','0','0','0','0','-1.68929e-07','-3.71522e-06','2.72437e-06','-1.51839e-08','6.50123e-09','-2.92036e-09','1.03085e-09','0.000185737','0','0','0','0','0','0','0','0','0','0','0','0','0','0','0','0','0','0','0','0','0','0','0','0','0','0','0','0','0','0','0','0','0','0','0','0','0','0','0','0','0','0','0','0','0','0','0','0','0','0','0','0']

reports.append(Report(577011712, ("DT", -2, 1, 9), "MBwhAst1sec09"))
reports[-1].posNum = 1820
reports[-1].negNum = 0
reports[-1].fittype = "6DOF"
reports[-1].add_parameters(ValErr(-0.021936, 0.019828, 0), \
                           ValErr(0.0486689, 0.170714, 0), \
                           ValErr(-0.0440601, 0.138324, 0), \
                           ValErr(-0.000132872, 0.000462769, 0), \
                           ValErr(-0.0003375, 0.000495541, 0), \
                           ValErr(-1.84854e-05, 0.000325045, 0), \
                           -4515.79, 1820, 1820, -nan)
reports[-1].sigmax = ValErr(0.682437, 0.0113114, 0)
reports[-1].sigmay = ValErr(1.02573, 0.0170016, 0)
reports[-1].sigmadxdz = ValErr(0, 0, 0)
reports[-1].sigmadydz = ValErr(0, 0, 0)
reports[-1].add_stats(-0.0283017, -0.0314829, -1.16869e-05, -0.00318689, -0.0239105, -0.00430295, -4.72342e-05, -0.00243124, -0.0239105, -0.00430295, -4.72342e-05, -0.00243124, -0.0183733, -0.0041012, -4.14991e-05, -0.00298347, -0.0183733, -0.0041012, -4.14991e-05, -0.00298347, 0.682418, 1.02604, 0.0034804, 0.0345467, 0.682418, 1.02604, 0.0034804, 0.0345467)
reports[-1].CovMatrix = ['0.000393148','0.00184187','-0.00151165','2.66319e-06','-3.79267e-07','-1.00834e-06','-1.14941e-07','5.20771e-07','0','0','0','0','0.00184187','0.0291433','-0.0233647','4.24861e-05','-4.59834e-06','3.12656e-06','-2.35768e-06','6.84026e-06','0','0','0','0','-0.00151165','-0.0233647','0.0191336','-3.30889e-05','2.86312e-06','-2.45371e-06','2.08258e-06','-5.52555e-06','0','0','0','0','2.66319e-06','4.24861e-05','-3.30889e-05','2.14155e-07','-8.84387e-09','1.53072e-08','7.27519e-10','9.96843e-09','0','0','0','0','-3.79267e-07','-4.59834e-06','2.86312e-06','-8.84387e-09','2.45561e-07','8.44504e-08','-2.22825e-08','4.42022e-08','0','0','0','0','-1.00834e-06','3.12656e-06','-2.45371e-06','1.53072e-08','8.44504e-08','1.05654e-07','-9.56298e-10','9.09081e-09','0','0','0','0','-1.14941e-07','-2.35768e-06','2.08258e-06','7.27519e-10','-2.22825e-08','-9.56298e-10','0.000127948','-5.38537e-09','0','0','0','0','5.20771e-07','6.84026e-06','-5.52555e-06','9.96843e-09','4.42022e-08','9.09081e-09','-5.38537e-09','0.000289058','0','0','0','0','0','0','0','0','0','0','0','0','0','0','0','0','0','0','0','0','0','0','0','0','0','0','0','0','0','0','0','0','0','0','0','0','0','0','0','0','0','0','0','0','0','0','0','0','0','0','0','0']

reports.append(Report(577273856, ("DT", -2, 1, 10), "MBwhAst1sec10"))
reports[-1].posNum = 1887
reports[-1].negNum = 0
reports[-1].fittype = "6DOF"
reports[-1].add_parameters(ValErr(0.0220118, 0.0191448, 0), \
                           ValErr(-0.0845326, 0.16912, 0), \
                           ValErr(0.102267, 0.13742, 0), \
                           ValErr(-0.000390961, 0.000431809, 0), \
                           ValErr(0.000158817, 0.000471742, 0), \
                           ValErr(0.000256852, 0.000294462, 0), \
                           -4580.39, 1887, 1887, -nan)
reports[-1].sigmax = ValErr(0.667006, 0.0108581, 0)
reports[-1].sigmay = ValErr(0.994441, 0.0161885, 0)
reports[-1].sigmadxdz = ValErr(0, 0, 0)
reports[-1].sigmadydz = ValErr(0, 0, 0)
reports[-1].add_stats(0.0341029, 0.0404103, 0.000100798, -0.00130935, 0.0322403, 0.0407219, 5.79222e-05, -7.25891e-05, 0.0322403, 0.0407219, 5.79222e-05, -7.25891e-05, 0.039009, 0.0306913, 2.88411e-05, 0.000562411, 0.039009, 0.0306913, 2.88411e-05, 0.000562411, 0.667186, 0.994652, 0.00340568, 0.0334145, 0.667186, 0.994652, 0.00340568, 0.0334145)
reports[-1].CovMatrix = ['0.000366522','0.00186951','-0.00153621','2.7742e-06','4.56434e-08','-3.54277e-07','-2.15414e-07','6.82786e-07','0','0','0','0','0.00186951','0.0286015','-0.0230238','4.16886e-05','-5.80963e-06','1.51877e-06','-4.14307e-06','9.13081e-06','0','0','0','0','-0.00153621','-0.0230238','0.0188843','-3.37038e-05','4.11317e-06','-1.21288e-06','3.30877e-06','-7.12458e-06','0','0','0','0','2.7742e-06','4.16886e-05','-3.37038e-05','1.86459e-07','-6.43659e-09','1.08216e-08','-4.34009e-08','7.38325e-08','0','0','0','0','4.56434e-08','-5.80963e-06','4.11317e-06','-6.43659e-09','2.2254e-07','6.91778e-08','-1.37096e-08','3.0144e-08','0','0','0','0','-3.54277e-07','1.51877e-06','-1.21288e-06','1.08216e-08','6.91778e-08','8.67081e-08','-2.80592e-09','1.06312e-08','0','0','0','0','-2.15414e-07','-4.14307e-06','3.30877e-06','-4.34009e-08','-1.37096e-08','-2.80592e-09','0.000117898','-2.16495e-08','0','0','0','0','6.82786e-07','9.13081e-06','-7.12458e-06','7.38325e-08','3.0144e-08','1.06312e-08','-2.16495e-08','0.000262071','0','0','0','0','0','0','0','0','0','0','0','0','0','0','0','0','0','0','0','0','0','0','0','0','0','0','0','0','0','0','0','0','0','0','0','0','0','0','0','0','0','0','0','0','0','0','0','0','0','0','0','0']

reports.append(Report(577536000, ("DT", -2, 1, 11), "MBwhAst1sec11"))
reports[-1].posNum = 2118
reports[-1].negNum = 0
reports[-1].fittype = "6DOF"
reports[-1].add_parameters(ValErr(0.105706, 0.0197467, 0), \
                           ValErr(0.305365, 0.16665, 0), \
                           ValErr(-0.203665, 0.135187, 0), \
                           ValErr(0.000519133, 0.000422228, 0), \
                           ValErr(-0.000688162, 0.000467614, 0), \
                           ValErr(-0.000285577, 0.000290954, 0), \
                           -5220.39, 2118, 2118, -nan)
reports[-1].sigmax = ValErr(0.681576, 0.0104725, 0)
reports[-1].sigmay = ValErr(1.0103, 0.0155231, 0)
reports[-1].sigmadxdz = ValErr(0, 0, 0)
reports[-1].sigmadydz = ValErr(0, 0, 0)
reports[-1].add_stats(0.0800901, 0.0867541, -0.000734244, -0.00277482, 0.086172, 0.056346, -0.000776753, -0.00222319, 0.086172, 0.056346, -0.000776753, -0.00222319, 0.0837412, 0.0576429, -0.000757915, -0.00284962, 0.0837412, 0.0576429, -0.000757915, -0.00284962, 0.682193, 1.01047, 0.00350178, 0.0348741, 0.682193, 1.01047, 0.00350178, 0.0348741)
reports[-1].CovMatrix = ['0.000389931','0.00211262','-0.00172725','3.09265e-06','-1.56292e-07','-4.40536e-07','-3.48156e-07','8.98311e-07','0','0','0','0','0.00211262','0.0277722','-0.02233','4.02401e-05','-5.90714e-06','1.463e-06','-6.02736e-06','1.20161e-05','0','0','0','0','-0.00172725','-0.02233','0.0182755','-3.22836e-05','5.17096e-06','-1.14692e-06','5.04896e-06','-9.75235e-06','0','0','0','0','3.09265e-06','4.02401e-05','-3.22836e-05','1.78276e-07','-4.03786e-09','1.28649e-08','7.75397e-09','-2.13999e-09','0','0','0','0','-1.56292e-07','-5.90714e-06','5.17096e-06','-4.03786e-09','2.18663e-07','6.73535e-08','2.40043e-08','-2.58508e-08','0','0','0','0','-4.40536e-07','1.463e-06','-1.14692e-06','1.28649e-08','6.73535e-08','8.4654e-08','1.06957e-08','-9.66674e-09','0','0','0','0','-3.48156e-07','-6.02736e-06','5.04896e-06','7.75397e-09','2.40043e-08','1.06957e-08','0.000109673','-7.67528e-09','0','0','0','0','8.98311e-07','1.20161e-05','-9.75235e-06','-2.13999e-09','-2.58508e-08','-9.66674e-09','-7.67528e-09','0.00024097','0','0','0','0','0','0','0','0','0','0','0','0','0','0','0','0','0','0','0','0','0','0','0','0','0','0','0','0','0','0','0','0','0','0','0','0','0','0','0','0','0','0','0','0','0','0','0','0','0','0','0','0']

reports.append(Report(577798144, ("DT", -2, 1, 12), "MBwhAst1sec12"))
reports[-1].posNum = 2550
reports[-1].negNum = 0
reports[-1].fittype = "6DOF"
reports[-1].add_parameters(ValErr(-0.0285533, 0.017916, 0), \
                           ValErr(-0.0814156, 0.14899, 0), \
                           ValErr(0.184245, 0.120988, 0), \
                           ValErr(-8.43473e-05, 0.000397111, 0), \
                           ValErr(0.000171726, 0.000433533, 0), \
                           ValErr(0.000184602, 0.000285003, 0), \
                           -6256.21, 2550, 2550, -nan)
reports[-1].sigmax = ValErr(0.68359, 0.00957233, 0)
reports[-1].sigmay = ValErr(0.995978, 0.0139472, 0)
reports[-1].sigmadxdz = ValErr(0, 0, 0)
reports[-1].sigmadydz = ValErr(0, 0, 0)
reports[-1].add_stats(0.00290011, 0.124978, 0.000828128, -0.00419368, -0.00936124, 0.138958, 0.000803118, -0.00171242, -0.00936124, 0.138958, 0.000803118, -0.00171242, -0.00679372, 0.153493, 0.000756931, -0.00149771, -0.00679372, 0.153493, 0.000756931, -0.00149771, 0.6839, 0.996113, 0.00353497, 0.0321725, 0.6839, 0.996113, 0.00353497, 0.0321725)
reports[-1].CovMatrix = ['0.000320984','0.00156893','-0.00128631','2.24101e-06','-7.54067e-07','-1.21648e-06','-1.77457e-07','5.08621e-07','0','0','0','0','0.00156893','0.0221979','-0.0178503','3.25107e-05','-3.82491e-06','1.65081e-06','-3.67786e-06','7.92693e-06','0','0','0','0','-0.00128631','-0.0178503','0.0146381','-2.4873e-05','3.00848e-06','-1.22398e-06','2.86648e-06','-6.03888e-06','0','0','0','0','2.24101e-06','3.25107e-05','-2.4873e-05','1.57697e-07','-3.26908e-09','1.08967e-08','-1.39618e-08','2.89388e-08','0','0','0','0','-7.54067e-07','-3.82491e-06','3.00848e-06','-3.26908e-09','1.87951e-07','6.61426e-08','1.05342e-08','-7.7235e-09','0','0','0','0','-1.21648e-06','1.65081e-06','-1.22398e-06','1.08967e-08','6.61426e-08','8.12269e-08','2.2484e-09','1.94018e-09','0','0','0','0','-1.77457e-07','-3.67786e-06','2.86648e-06','-1.39618e-08','1.05342e-08','2.2484e-09','9.163e-05','-3.03513e-09','0','0','0','0','5.08621e-07','7.92693e-06','-6.03888e-06','2.89388e-08','-7.7235e-09','1.94018e-09','-3.03513e-09','0.000194525','0','0','0','0','0','0','0','0','0','0','0','0','0','0','0','0','0','0','0','0','0','0','0','0','0','0','0','0','0','0','0','0','0','0','0','0','0','0','0','0','0','0','0','0','0','0','0','0','0','0','0','0']

reports.append(Report(579108864, ("DT", -2, 2, 1), "MBwhAst2sec01"))
reports[-1].posNum = 3693
reports[-1].negNum = 0
reports[-1].fittype = "6DOF"
reports[-1].add_parameters(ValErr(-0.072836, 0.0157868, 0), \
                           ValErr(0.0525727, 0.12446, 0), \
                           ValErr(0.0188724, 0.119408, 0), \
                           ValErr(0.000107924, 0.00045375, 0), \
                           ValErr(0.000361919, 0.000434408, 0), \
                           ValErr(-0.000366556, 0.000304969, 0), \
                           -10756.8, 3693, 3693, -nan)
reports[-1].sigmax = ValErr(0.888632, 0.01034, 0)
reports[-1].sigmay = ValErr(1.21282, 0.0141121, 0)
reports[-1].sigmadxdz = ValErr(0, 0, 0)
reports[-1].sigmadydz = ValErr(0, 0, 0)
reports[-1].add_stats(-0.099202, 0.0950665, 0.000169918, 0.000628747, -0.0804911, 0.0716402, 0.000141796, -0.000453773, -0.0804911, 0.0716402, 0.000141796, -0.000453773, -0.0851873, 0.0680797, 0.000168751, -0.000417124, -0.0851873, 0.0680797, 0.000168751, -0.000417124, 0.888804, 1.21365, 0.00369385, 0.0255079, 0.888804, 1.21365, 0.00369385, 0.0255079)
reports[-1].CovMatrix = ['0.000249222','-0.000649565','0.000630488','-1.12541e-06','1.59301e-07','-4.91205e-07','1.01061e-07','1.10905e-08','0','0','0','0','-0.000649565','0.0154903','-0.0146646','2.62235e-05','3.08938e-06','7.58636e-07','3.97356e-07','4.29357e-08','0','0','0','0','0.000630488','-0.0146646','0.0142582','-2.4293e-05','-3.1373e-06','-7.83696e-07','-3.46298e-07','1.59681e-07','0','0','0','0','-1.12541e-06','2.62235e-05','-2.4293e-05','2.05889e-07','-4.75414e-10','-5.60255e-09','5.96133e-09','-2.66861e-09','0','0','0','0','1.59301e-07','3.08938e-06','-3.1373e-06','-4.75414e-10','1.8871e-07','8.89612e-08','-5.13205e-10','1.24968e-08','0','0','0','0','-4.91205e-07','7.58636e-07','-7.83696e-07','-5.60255e-09','8.89612e-08','9.3006e-08','1.88102e-10','7.35182e-09','0','0','0','0','1.01061e-07','3.97356e-07','-3.46298e-07','5.96133e-09','-5.13205e-10','1.88102e-10','0.000106915','-9.25418e-11','0','0','0','0','1.10905e-08','4.29357e-08','1.59681e-07','-2.66861e-09','1.24968e-08','7.35182e-09','-9.25418e-11','0.000199153','0','0','0','0','0','0','0','0','0','0','0','0','0','0','0','0','0','0','0','0','0','0','0','0','0','0','0','0','0','0','0','0','0','0','0','0','0','0','0','0','0','0','0','0','0','0','0','0','0','0','0','0']

reports.append(Report(579371008, ("DT", -2, 2, 2), "MBwhAst2sec02"))
reports[-1].posNum = 3252
reports[-1].negNum = 0
reports[-1].fittype = "6DOF"
reports[-1].add_parameters(ValErr(0.0430321, 0.0172577, 0), \
                           ValErr(-0.229539, 0.134386, 0), \
                           ValErr(0.12417, 0.12888, 0), \
                           ValErr(-0.000459415, 0.000493679, 0), \
                           ValErr(-0.000166662, 0.000461239, 0), \
                           ValErr(7.60704e-05, 0.000333577, 0), \
                           -9499.53, 3252, 3252, -nan)
reports[-1].sigmax = ValErr(0.900206, 0.0111623, 0)
reports[-1].sigmay = ValErr(1.2073, 0.0149702, 0)
reports[-1].sigmadxdz = ValErr(0, 0, 0)
reports[-1].sigmadydz = ValErr(0, 0, 0)
reports[-1].add_stats(0.032568, -0.083994, 0.000166155, -0.000857754, 0.0390823, -0.100344, 0.000145471, -0.00127213, 0.0390823, -0.100344, 0.000145471, -0.00127213, 0.0494427, -0.0970715, 0.000121921, -0.00158362, 0.0494427, -0.0970715, 0.000121921, -0.00158362, 0.900366, 1.20742, 0.00373714, 0.0256076, 0.900366, 1.20742, 0.00373714, 0.0256076)
reports[-1].CovMatrix = ['0.000297828','-0.000833235','0.00080646','-1.45177e-06','-2.86354e-08','-7.66579e-07','2.81486e-07','-2.24709e-07','0','0','0','0','-0.000833235','0.0180596','-0.0170958','3.09507e-05','5.58934e-06','3.31408e-06','-6.49587e-07','1.70824e-06','0','0','0','0','0.00080646','-0.0170958','0.01661','-2.84474e-05','-5.93904e-06','-3.31391e-06','6.08166e-07','-1.34297e-06','0','0','0','0','-1.45177e-06','3.09507e-05','-2.84474e-05','2.43719e-07','-7.64759e-09','-4.19898e-09','-3.31592e-10','6.71512e-09','0','0','0','0','-2.86354e-08','5.58934e-06','-5.93904e-06','-7.64759e-09','2.12741e-07','1.05459e-07','3.15931e-09','8.75094e-09','0','0','0','0','-7.66579e-07','3.31408e-06','-3.31391e-06','-4.19898e-09','1.05459e-07','1.11273e-07','-6.58919e-09','1.78585e-08','0','0','0','0','2.81486e-07','-6.49587e-07','6.08166e-07','-3.31592e-10','3.15931e-09','-6.58919e-09','0.000124597','-1.75546e-09','0','0','0','0','-2.24709e-07','1.70824e-06','-1.34297e-06','6.71512e-09','8.75094e-09','1.78585e-08','-1.75546e-09','0.000224109','0','0','0','0','0','0','0','0','0','0','0','0','0','0','0','0','0','0','0','0','0','0','0','0','0','0','0','0','0','0','0','0','0','0','0','0','0','0','0','0','0','0','0','0','0','0','0','0','0','0','0','0']

reports.append(Report(579633152, ("DT", -2, 2, 3), "MBwhAst2sec03"))
reports[-1].posNum = 3019
reports[-1].negNum = 0
reports[-1].fittype = "6DOF"
reports[-1].add_parameters(ValErr(-0.0460808, 0.0177886, 0), \
                           ValErr(-0.455655, 0.137085, 0), \
                           ValErr(0.29991, 0.13157, 0), \
                           ValErr(-0.000939783, 0.000498255, 0), \
                           ValErr(-3.84716e-05, 0.000480954, 0), \
                           ValErr(-0.0005422, 0.000351344, 0), \
                           -8662.8, 3019, 3019, -nan)
reports[-1].sigmax = ValErr(0.896018, 0.0115314, 0)
reports[-1].sigmay = ValErr(1.15183, 0.0148234, 0)
reports[-1].sigmadxdz = ValErr(0, 0, 0)
reports[-1].sigmadydz = ValErr(0, 0, 0)
reports[-1].add_stats(-0.065372, -0.13571, 0.000343645, 0.00019743, -0.0683481, -0.141544, 0.000244796, -0.00111435, -0.0683481, -0.141544, 0.000244796, -0.00111435, -0.0637698, -0.145263, 0.000185154, -0.000705413, -0.0637698, -0.145263, 0.000185154, -0.000705413, 0.897084, 1.15254, 0.00373908, 0.0250663, 0.897084, 1.15254, 0.00373908, 0.0250663)
reports[-1].CovMatrix = ['0.000316434','-0.000753835','0.000732331','-1.29815e-06','-5.82044e-07','-1.34297e-06','4.53404e-07','-4.75281e-07','0','0','0','0','-0.000753835','0.0187923','-0.017807','3.28394e-05','3.7608e-06','1.06436e-06','-1.6129e-06','2.972e-06','0','0','0','0','0.000732331','-0.017807','0.0173106','-2.93494e-05','-3.69329e-06','-1.13174e-06','1.72492e-06','-2.75676e-06','0','0','0','0','-1.29815e-06','3.28394e-05','-2.93494e-05','2.48258e-07','8.45291e-10','-5.52651e-09','8.69241e-09','-3.63268e-09','0','0','0','0','-5.82044e-07','3.7608e-06','-3.69329e-06','8.45291e-10','2.31317e-07','1.1907e-07','1.4421e-08','-4.56458e-09','0','0','0','0','-1.34297e-06','1.06436e-06','-1.13174e-06','-5.52651e-09','1.1907e-07','1.23442e-07','-7.52408e-09','1.90787e-08','0','0','0','0','4.53404e-07','-1.6129e-06','1.72492e-06','8.69241e-09','1.4421e-08','-7.52408e-09','0.000132975','-6.19486e-09','0','0','0','0','-4.75281e-07','2.972e-06','-2.75676e-06','-3.63268e-09','-4.56458e-09','1.90787e-08','-6.19486e-09','0.000219733','0','0','0','0','0','0','0','0','0','0','0','0','0','0','0','0','0','0','0','0','0','0','0','0','0','0','0','0','0','0','0','0','0','0','0','0','0','0','0','0','0','0','0','0','0','0','0','0','0','0','0','0']

reports.append(Report(579895296, ("DT", -2, 2, 4), "MBwhAst2sec04"))
reports[-1].posNum = 3380
reports[-1].negNum = 0
reports[-1].fittype = "6DOF"
reports[-1].add_parameters(ValErr(0.0299267, 0.0165196, 0), \
                           ValErr(-0.189779, 0.132589, 0), \
                           ValErr(0.18495, 0.127094, 0), \
                           ValErr(-0.00135127, 0.000487001, 0), \
                           ValErr(0.000711087, 0.000459521, 0), \
                           ValErr(0.000956589, 0.000327373, 0), \
                           -9869.22, 3380, 3380, -nan)
reports[-1].sigmax = ValErr(0.894432, 0.0108787, 0)
reports[-1].sigmay = ValErr(1.21359, 0.0147604, 0)
reports[-1].sigmadxdz = ValErr(0, 0, 0)
reports[-1].sigmadydz = ValErr(0, 0, 0)
reports[-1].add_stats(0.0309514, 0.0113952, 0.0001511, -0.000576889, 0.0259714, 0.00683359, 8.47706e-05, -0.000738481, 0.0259714, 0.00683359, 8.47706e-05, -0.000738481, 0.0241998, 0.0107949, 8.0954e-05, -0.000565885, 0.0241998, 0.0107949, 8.0954e-05, -0.000565885, 0.895765, 1.2146, 0.00369291, 0.0260522, 0.895765, 1.2146, 0.00369291, 0.0260522)
