nan = None;  NAN = None
nan = 0
reports = []
class ValErr:
    def __init__(self, value, error, antisym):
        self.value, self.error, self.antisym = value, error, antisym

    def __repr__(self):
        if self.antisym == 0.:
            return "%g +- %g" % (self.value, self.error)
        else:
            return "%g +- %g ~ %g" % (self.value, self.error, self.antisym)

class Report:
    def __init__(self, chamberId, postal_address, name):
        self.chamberId, self.postal_address, self.name = chamberId, postal_address, name
        self.status = "NOFIT"
        self.fittype = None
        self.CovMatrix = None

    def add_parameters(self, deltax, deltay, deltaz, deltaphix, deltaphiy, deltaphiz, loglikelihood, numsegments, sumofweights, redchi2):
        self.status = "PASS"
        self.deltax, self.deltay, self.deltaz, self.deltaphix, self.deltaphiy, self.deltaphiz = deltax, deltay, deltaz, deltaphix, deltaphiy, deltaphiz
        self.loglikelihood, self.numsegments, self.sumofweights, self.redchi2 = loglikelihood, numsegments, sumofweights, redchi2

    def add_stats(self, median_x, median_y, median_dxdz, median_dydz, mean30_x, mean30_y, mean20_dxdz, mean50_dydz, mean15_x, mean15_y, mean10_dxdz, mean25_dydz, wmean30_x, wmean30_y, wmean20_dxdz, wmean50_dydz, wmean15_x, wmean15_y, wmean10_dxdz, wmean25_dydz, stdev30_x, stdev30_y, stdev20_dxdz, stdev50_dydz, stdev15_x, stdev15_y, stdev10_dxdz, stdev25_dydz):
        self.median_x, self.median_y, self.median_dxdz, self.median_dydz, self.mean30_x, self.mean30_y, self.mean20_dxdz, self.mean50_dydz, self.mean15_x, self.mean15_y, self.mean10_dxdz, self.mean25_dydz, self.wmean30_x, self.wmean30_y, self.wmean20_dxdz, self.wmean50_dydz, self.wmean15_x, self.wmean15_y, self.wmean10_dxdz, self.wmean25_dydz, self.stdev30_x, self.stdev30_y, self.stdev20_dxdz, self.stdev50_dydz, self.stdev15_x, self.stdev15_y, self.stdev10_dxdz, self.stdev25_dydz = median_x, median_y, median_dxdz, median_dydz, mean30_x, mean30_y, mean20_dxdz, mean50_dydz, mean15_x, mean15_y, mean10_dxdz, mean25_dydz, wmean30_x, wmean30_y, wmean20_dxdz, wmean50_dydz, wmean15_x, wmean15_y, wmean10_dxdz, wmean25_dydz, stdev30_x, stdev30_y, stdev20_dxdz, stdev50_dydz, stdev15_x, stdev15_y, stdev10_dxdz, stdev25_dydz

    def __repr__(self):
        return "<Report %s %s %s>" % (self.postal_address[0], " ".join(map(str, self.postal_address[1:])), self.status)

reports.append(Report(574914560, ("DT", -2, 1, 1), "MBwhAst1sec01"))
reports[-1].posNum = 26039
reports[-1].negNum = 0
reports[-1].fittype = "6DOF"
reports[-1].add_parameters(ValErr(0.00312459, 0.00535613, 0), \
                           ValErr(0.01793, 0.0460005, 0), \
                           ValErr(-0.0257704, 0.0370755, 0), \
                           ValErr(0.000274267, 0.000121414, 0), \
                           ValErr(-0.0004543, 0.000131341, 0), \
                           ValErr(-0.000227287, 8.46598e-05, 0), \
                           -64722.5, 26039, 26039, -nan)
reports[-1].sigmax = ValErr(0.684049, 0.00299749, 0)
reports[-1].sigmay = ValErr(1.02783, 0.00450397, 0)
reports[-1].sigmadxdz = ValErr(0, 0, 0)
reports[-1].sigmadydz = ValErr(0, 0, 0)
reports[-1].add_stats(0.00708778, -0.013714, 7.89013e-05, -0.0077591, -0.000800755, -0.017879, 9.9919e-05, -0.00379418, -0.000800755, -0.017879, 9.9919e-05, -0.00379418, 0.000494794, -0.0224115, 7.04516e-05, -0.00420351, 0.000494794, -0.0224115, 7.04516e-05, -0.00420351, 0.684175, 1.02802, 0.00349995, 0.0443865, 0.684175, 1.02802, 0.00349995, 0.0443865)
reports[-1].CovMatrix = ['2.86881e-05','0.000139786','-0.000113999','2.01514e-07','-3.51047e-08','-7.69728e-08','1.4267e-08','3.81023e-09','0','0','0','0','0.000139786','0.00211604','-0.00168822','3.06952e-06','-4.43642e-07','1.08753e-07','8.379e-08','1.09302e-07','0','0','0','0','-0.000113999','-0.00168822','0.00137459','-2.38633e-06','3.16982e-07','-8.00354e-08','-6.53345e-08','-7.18151e-08','0','0','0','0','2.01514e-07','3.06952e-06','-2.38633e-06','1.47413e-08','-3.32617e-10','9.23289e-10','4.92412e-10','4.20329e-11','0','0','0','0','-3.51047e-08','-4.43642e-07','3.16982e-07','-3.32617e-10','1.72505e-08','5.70868e-09','4.68549e-10','5.42407e-11','0','0','0','0','-7.69728e-08','1.08753e-07','-8.00354e-08','9.23289e-10','5.70868e-09','7.16729e-09','2.36899e-10','1.55969e-10','0','0','0','0','1.4267e-08','8.379e-08','-6.53345e-08','4.92412e-10','4.68549e-10','2.36899e-10','8.98495e-06','3.67332e-12','0','0','0','0','3.81023e-09','1.09302e-07','-7.18151e-08','4.20329e-11','5.42407e-11','1.55969e-10','3.67332e-12','2.02858e-05','0','0','0','0','0','0','0','0','0','0','0','0','0','0','0','0','0','0','0','0','0','0','0','0','0','0','0','0','0','0','0','0','0','0','0','0','0','0','0','0','0','0','0','0','0','0','0','0','0','0','0','0']

reports.append(Report(575176704, ("DT", -2, 1, 2), "MBwhAst1sec02"))
reports[-1].posNum = 16218
reports[-1].negNum = 0
reports[-1].fittype = "6DOF"
reports[-1].add_parameters(ValErr(0.0252739, 0.0072508, 0), \
                           ValErr(-0.0151225, 0.0577374, 0), \
                           ValErr(0.0199194, 0.0466303, 0), \
                           ValErr(0.000391337, 0.000153682, 0), \
                           ValErr(-0.000438525, 0.000174364, 0), \
                           ValErr(-0.000248595, 0.000109717, 0), \
                           -40046.8, 16218, 16218, -nan)
reports[-1].sigmax = ValErr(0.684447, 0.00380039, 0)
reports[-1].sigmay = ValErr(1.01061, 0.00561136, 0)
reports[-1].sigmadxdz = ValErr(0, 0, 0)
reports[-1].sigmadydz = ValErr(0, 0, 0)
reports[-1].add_stats(0.0221228, -0.0206493, -0.00105008, -0.00437215, 0.0216724, -0.00154113, -0.00102937, -0.000762671, 0.0216724, -0.00154113, -0.00102937, -0.000762671, 0.0280476, 0.000646556, -0.00108651, -0.0013721, 0.0280476, 0.000646556, -0.00108651, -0.0013721, 0.684604, 1.01097, 0.00349904, 0.0431443, 0.684604, 1.01097, 0.00349904, 0.0431443)
reports[-1].CovMatrix = ['5.25742e-05','0.00023818','-0.000194394','3.34988e-07','-1.72963e-07','-2.5231e-07','4.14453e-08','-2.29841e-08','0','0','0','0','0.00023818','0.00333361','-0.00266228','4.92662e-06','-7.85896e-07','1.78432e-07','4.7484e-07','-2.82018e-07','0','0','0','0','-0.000194394','-0.00266228','0.00217439','-3.66634e-06','6.27421e-07','-1.20234e-07','-3.80519e-07','2.65959e-07','0','0','0','0','3.34988e-07','4.92662e-06','-3.66634e-06','2.36182e-08','-1.2697e-09','1.51511e-09','1.01779e-09','-8.08899e-11','0','0','0','0','-1.72963e-07','-7.85896e-07','6.27421e-07','-1.2697e-09','3.04028e-08','9.89492e-09','1.19546e-09','-5.74038e-10','0','0','0','0','-2.5231e-07','1.78432e-07','-1.20234e-07','1.51511e-09','9.89492e-09','1.20378e-08','6.08472e-10','-1.2835e-10','0','0','0','0','4.14453e-08','4.7484e-07','-3.80519e-07','1.01779e-09','1.19546e-09','6.08472e-10','1.4443e-05','-6.55632e-11','0','0','0','0','-2.29841e-08','-2.82018e-07','2.65959e-07','-8.08899e-11','-5.74038e-10','-1.2835e-10','-6.55632e-11','3.14874e-05','0','0','0','0','0','0','0','0','0','0','0','0','0','0','0','0','0','0','0','0','0','0','0','0','0','0','0','0','0','0','0','0','0','0','0','0','0','0','0','0','0','0','0','0','0','0','0','0','0','0','0','0']

reports.append(Report(575438848, ("DT", -2, 1, 3), "MBwhAst1sec03"))
reports[-1].posNum = 12834
reports[-1].negNum = 0
reports[-1].fittype = "6DOF"
reports[-1].add_parameters(ValErr(-0.0132644, 0.00949838, 0), \
                           ValErr(-0.170066, 0.0665807, 0), \
                           ValErr(0.143576, 0.0540194, 0), \
                           ValErr(0.000173966, 0.000170653, 0), \
                           ValErr(-0.000421644, 0.000188817, 0), \
                           ValErr(2.19677e-05, 0.000122865, 0), \
                           -31672, 12834, 12834, -nan)
reports[-1].sigmax = ValErr(0.691281, 0.00431796, 0)
reports[-1].sigmay = ValErr(0.999156, 0.00623741, 0)
reports[-1].sigmadxdz = ValErr(0, 0, 0)
reports[-1].sigmadydz = ValErr(0, 0, 0)
reports[-1].add_stats(0.00422882, -0.00511389, 0.000932591, -0.00177962, 0.0069037, 0.00257495, 0.000940629, 0.00121875, 0.0069037, 0.00257495, 0.000940629, 0.00121875, 0.00390313, 0.00676448, 0.00091775, 0.00115855, 0.00390313, 0.00676448, 0.00091775, 0.00115855, 0.691543, 0.999774, 0.00350129, 0.0413751, 0.691543, 0.999774, 0.00350129, 0.0413751)
reports[-1].CovMatrix = ['9.02191e-05','0.000446167','-0.00036336','6.18073e-07','-2.34592e-07','-3.22532e-07','2.47686e-07','2.1788e-08','0','0','0','0','0.000446167','0.00443299','-0.00355619','6.44747e-06','-9.81875e-07','-4.35295e-08','2.01121e-06','2.6211e-07','0','0','0','0','-0.00036336','-0.00355619','0.0029181','-4.83952e-06','1.20828e-06','8.41464e-08','-1.65438e-06','-1.46571e-07','0','0','0','0','6.18073e-07','6.44747e-06','-4.83952e-06','2.91226e-08','9.85643e-10','2.49182e-09','8.49462e-10','4.27462e-09','0','0','0','0','-2.34592e-07','-9.81875e-07','1.20828e-06','9.85643e-10','3.56517e-08','1.21844e-08','-8.68135e-10','4.29686e-10','0','0','0','0','-3.22532e-07','-4.35295e-08','8.41464e-08','2.49182e-09','1.21844e-08','1.50958e-08','-6.22424e-10','8.24043e-10','0','0','0','0','2.47686e-07','2.01121e-06','-1.65438e-06','8.49462e-10','-8.68135e-10','-6.22424e-10','1.86448e-05','5.13264e-08','0','0','0','0','2.1788e-08','2.6211e-07','-1.46571e-07','4.27462e-09','4.29686e-10','8.24043e-10','5.13264e-08','3.89053e-05','0','0','0','0','0','0','0','0','0','0','0','0','0','0','0','0','0','0','0','0','0','0','0','0','0','0','0','0','0','0','0','0','0','0','0','0','0','0','0','0','0','0','0','0','0','0','0','0','0','0','0','0']

reports.append(Report(575700992, ("DT", -2, 1, 4), "MBwhAst1sec04"))
reports[-1].posNum = 25264
reports[-1].negNum = 0
reports[-1].fittype = "6DOF"
reports[-1].add_parameters(ValErr(0.0188438, 0.00550847, 0), \
                           ValErr(-0.0373107, 0.0475331, 0), \
                           ValErr(0.0511772, 0.0381847, 0), \
                           ValErr(0.00069477, 0.000122168, 0), \
                           ValErr(1.73163e-05, 0.000135384, 0), \
                           ValErr(-0.000127357, 8.47656e-05, 0), \
                           -62855.2, 25264, 25264, -nan)
reports[-1].sigmax = ValErr(0.684366, 0.00304454, 0)
reports[-1].sigmay = ValErr(1.02975, 0.00458111, 0)
reports[-1].sigmadxdz = ValErr(0, 0, 0)
reports[-1].sigmadydz = ValErr(0, 0, 0)
reports[-1].add_stats(0.0187132, 0.0158014, -0.000479334, -0.00643359, 0.0203608, 0.0170902, -0.000482066, -0.00189216, 0.0203608, 0.0170902, -0.000482066, -0.00189216, 0.0250528, 0.00903611, -0.000515925, -0.00227373, 0.0250528, 0.00903611, -0.000515925, -0.00227373, 0.684462, 1.03096, 0.00349453, 0.0460152, 0.684462, 1.03096, 0.00349453, 0.0460152)
reports[-1].CovMatrix = ['3.03433e-05','0.000153612','-0.000124774','2.19955e-07','-3.38241e-08','-7.16428e-08','1.32824e-08','7.77068e-09','0','0','0','0','0.000153612','0.00225939','-0.00179742','3.24173e-06','-5.10693e-07','9.63751e-08','-1.28834e-08','2.70151e-07','0','0','0','0','-0.000124774','-0.00179742','0.00145807','-2.52939e-06','3.74258e-07','-7.02632e-08','4.71189e-09','-1.8853e-07','0','0','0','0','2.19955e-07','3.24173e-06','-2.52939e-06','1.4925e-08','-3.10622e-10','9.31374e-10','-2.18796e-10','1.13482e-09','0','0','0','0','-3.38241e-08','-5.10693e-07','3.74258e-07','-3.10622e-10','1.83288e-08','5.75032e-09','1.28308e-09','-1.14839e-09','0','0','0','0','-7.16428e-08','9.63751e-08','-7.02632e-08','9.31374e-10','5.75032e-09','7.18521e-09','1.30119e-10','3.17154e-10','0','0','0','0','1.32824e-08','-1.28834e-08','4.71189e-09','-2.18796e-10','1.28308e-09','1.30119e-10','9.26924e-06','-1.2575e-10','0','0','0','0','7.77068e-09','2.70151e-07','-1.8853e-07','1.13482e-09','-1.14839e-09','3.17154e-10','-1.2575e-10','2.09866e-05','0','0','0','0','0','0','0','0','0','0','0','0','0','0','0','0','0','0','0','0','0','0','0','0','0','0','0','0','0','0','0','0','0','0','0','0','0','0','0','0','0','0','0','0','0','0','0','0','0','0','0','0']

reports.append(Report(575963136, ("DT", -2, 1, 5), "MBwhAst1sec05"))
reports[-1].posNum = 22225
reports[-1].negNum = 0
reports[-1].fittype = "6DOF"
reports[-1].add_parameters(ValErr(0.00203261, 0.00651883, 0), \
                           ValErr(-0.0363709, 0.0522908, 0), \
                           ValErr(0.0549285, 0.0421668, 0), \
                           ValErr(0.000392447, 0.000132938, 0), \
                           ValErr(0.000328219, 0.000151244, 0), \
                           ValErr(2.12522e-05, 9.33303e-05, 0), \
                           -55452.6, 22225, 22225, -nan)
reports[-1].sigmax = ValErr(0.693196, 0.00328789, 0)
reports[-1].sigmay = ValErr(1.0239, 0.0048565, 0)
reports[-1].sigmadxdz = ValErr(0, 0, 0)
reports[-1].sigmadydz = ValErr(0, 0, 0)
reports[-1].add_stats(0.0023506, 0.0139663, 0.000755322, -0.00649698, 0.0058084, 0.0221692, 0.000730623, -0.00161423, 0.0058084, 0.0221692, 0.000730623, -0.00161423, 0.00511006, 0.0228867, 0.000700755, -0.00225972, 0.00511006, 0.0228867, 0.000700755, -0.00225972, 0.693197, 1.02444, 0.0035546, 0.0462956, 0.693197, 1.02444, 0.0035546, 0.0462956)
reports[-1].CovMatrix = ['4.24951e-05','0.000223658','-0.00018183','3.10217e-07','-1.15571e-07','-1.61437e-07','3.23511e-09','2.9364e-08','0','0','0','0','0.000223658','0.00273433','-0.00218426','3.87019e-06','-1.03502e-06','-3.89559e-07','-1.23003e-07','4.78036e-07','0','0','0','0','-0.00018183','-0.00218426','0.00177804','-2.97341e-06','9.21616e-07','3.36933e-07','1.04441e-07','-3.63086e-07','0','0','0','0','3.10217e-07','3.87019e-06','-2.97341e-06','1.76726e-08','1.17624e-09','6.77623e-10','5.41594e-11','9.78444e-10','0','0','0','0','-1.15571e-07','-1.03502e-06','9.21616e-07','1.17624e-09','2.28748e-08','7.15946e-09','5.86481e-10','1.5761e-10','0','0','0','0','-1.61437e-07','-3.89559e-07','3.36933e-07','6.77623e-10','7.15946e-09','8.71054e-09','5.67297e-11','4.60074e-10','0','0','0','0','3.23511e-09','-1.23003e-07','1.04441e-07','5.41594e-11','5.86481e-10','5.67297e-11','1.08102e-05','-1.72732e-11','0','0','0','0','2.9364e-08','4.78036e-07','-3.63086e-07','9.78444e-10','1.5761e-10','4.60074e-10','-1.72732e-11','2.35856e-05','0','0','0','0','0','0','0','0','0','0','0','0','0','0','0','0','0','0','0','0','0','0','0','0','0','0','0','0','0','0','0','0','0','0','0','0','0','0','0','0','0','0','0','0','0','0','0','0','0','0','0','0']

reports.append(Report(576225280, ("DT", -2, 1, 6), "MBwhAst1sec06"))
reports[-1].posNum = 18342
reports[-1].negNum = 0
reports[-1].fittype = "6DOF"
reports[-1].add_parameters(ValErr(0.0448866, 0.00765726, 0), \
                           ValErr(0.197815, 0.0548288, 0), \
                           ValErr(-0.160047, 0.044483, 0), \
                           ValErr(0.000176872, 0.000152454, 0), \
                           ValErr(0.000144023, 0.000163701, 0), \
                           ValErr(3.39463e-05, 0.000111005, 0), \
                           -45408.2, 18342, 18342, -nan)
reports[-1].sigmax = ValErr(0.691544, 0.00361061, 0)
reports[-1].sigmay = ValErr(1.00661, 0.00525562, 0)
reports[-1].sigmadxdz = ValErr(0, 0, 0)
reports[-1].sigmadydz = ValErr(0, 0, 0)
reports[-1].add_stats(0.0241084, 0.00608276, 0.000106764, -0.00683903, 0.0278213, 0.00420171, 0.000100087, -0.00152194, 0.0278213, 0.00420171, 0.000100087, -0.00152194, 0.0325942, 0.00144151, 6.07154e-05, -0.00210777, 0.0325942, 0.00144151, 6.07154e-05, -0.00210777, 0.691801, 1.00667, 0.00351336, 0.0432296, 0.691801, 1.00667, 0.00351336, 0.0432296)
reports[-1].CovMatrix = ['5.86337e-05','0.000270082','-0.000220996','3.67067e-07','-2.5608e-07','-3.36677e-07','2.80787e-08','-3.64524e-09','0','0','0','0','0.000270082','0.0030062','-0.00240972','4.39299e-06','-1.0864e-06','-3.83533e-07','1.93491e-07','9.31034e-08','0','0','0','0','-0.000220996','-0.00240972','0.00197874','-3.16756e-06','1.03711e-06','3.56147e-07','-1.51482e-07','-3.32689e-08','0','0','0','0','3.67067e-07','4.39299e-06','-3.16756e-06','2.32422e-08','8.068e-10','1.13534e-09','5.82234e-10','6.38601e-10','0','0','0','0','-2.5608e-07','-1.0864e-06','1.03711e-06','8.068e-10','2.6798e-08','1.01257e-08','-1.30926e-10','1.41883e-09','0','0','0','0','-3.36677e-07','-3.83533e-07','3.56147e-07','1.13534e-09','1.01257e-08','1.23221e-08','9.96047e-11','5.69306e-10','0','0','0','0','2.80787e-08','1.93491e-07','-1.51482e-07','5.82234e-10','-1.30926e-10','9.96047e-11','1.30365e-05','8.56845e-12','0','0','0','0','-3.64524e-09','9.31034e-08','-3.32689e-08','6.38601e-10','1.41883e-09','5.69306e-10','8.56845e-12','2.76216e-05','0','0','0','0','0','0','0','0','0','0','0','0','0','0','0','0','0','0','0','0','0','0','0','0','0','0','0','0','0','0','0','0','0','0','0','0','0','0','0','0','0','0','0','0','0','0','0','0','0','0','0','0']

reports.append(Report(576487424, ("DT", -2, 1, 7), "MBwhAst1sec07"))
reports[-1].posNum = 29647
reports[-1].negNum = 0
reports[-1].fittype = "6DOF"
reports[-1].add_parameters(ValErr(0.00396803, 0.00523749, 0), \
                           ValErr(0.0632677, 0.0449255, 0), \
                           ValErr(-0.0452892, 0.0362725, 0), \
                           ValErr(1.27797e-05, 0.000118726, 0), \
                           ValErr(-0.00132701, 0.000130276, 0), \
                           ValErr(-0.000381621, 8.29248e-05, 0), \
                           -74487, 29647, 29647, -nan)
reports[-1].sigmax = ValErr(0.695759, 0.00285729, 0)
reports[-1].sigmay = ValErr(1.03804, 0.00426296, 0)
reports[-1].sigmadxdz = ValErr(0, 0, 0)
reports[-1].sigmadydz = ValErr(0, 0, 0)
reports[-1].add_stats(-0.00273836, 0.00437437, -0.00321934, -0.00330538, -0.000499312, 0.00425451, -0.00319939, 0.00138615, -0.000499312, 0.00425451, -0.00319939, 0.00138615, 0.00435287, -0.001611, -0.00325029, 0.00101852, 0.00435287, -0.001611, -0.00325029, 0.00101852, 0.696042, 1.03945, 0.00354434, 0.0449762, 0.696042, 1.03945, 0.00354434, 0.0449762)
reports[-1].CovMatrix = ['2.74313e-05','0.000138503','-0.000113067','1.99412e-07','-4.74648e-08','-8.36521e-08','7.60661e-09','1.23865e-08','0','0','0','0','0.000138503','0.0020183','-0.00161386','2.9448e-06','-4.57585e-07','8.04444e-08','5.58592e-08','1.43626e-07','0','0','0','0','-0.000113067','-0.00161386','0.0013157','-2.2812e-06','3.32474e-07','-5.62757e-08','-3.96997e-08','-1.05397e-07','0','0','0','0','1.99412e-07','2.9448e-06','-2.2812e-06','1.40958e-08','-2.68334e-10','8.78155e-10','5.53221e-10','-6.63564e-11','0','0','0','0','-4.74648e-08','-4.57585e-07','3.32474e-07','-2.68334e-10','1.69719e-08','5.55754e-09','2.66349e-10','3.05841e-10','0','0','0','0','-8.36521e-08','8.04444e-08','-5.62757e-08','8.78155e-10','5.55754e-09','6.87653e-09','4.02709e-10','-1.3241e-10','0','0','0','0','7.60661e-09','5.58592e-08','-3.96997e-08','5.53221e-10','2.66349e-10','4.02709e-10','8.16412e-06','-1.62146e-11','0','0','0','0','1.23865e-08','1.43626e-07','-1.05397e-07','-6.63564e-11','3.05841e-10','-1.3241e-10','-1.62146e-11','1.81729e-05','0','0','0','0','0','0','0','0','0','0','0','0','0','0','0','0','0','0','0','0','0','0','0','0','0','0','0','0','0','0','0','0','0','0','0','0','0','0','0','0','0','0','0','0','0','0','0','0','0','0','0','0']

reports.append(Report(576749568, ("DT", -2, 1, 8), "MBwhAst1sec08"))
reports[-1].posNum = 24430
reports[-1].negNum = 0
reports[-1].fittype = "6DOF"
reports[-1].add_parameters(ValErr(0.00951369, 0.00574391, 0), \
                           ValErr(0.0497763, 0.0482612, 0), \
                           ValErr(-0.0364707, 0.03898, 0), \
                           ValErr(0.000142307, 0.000125365, 0), \
                           ValErr(0.000109417, 0.000137892, 0), \
                           ValErr(-3.56877e-05, 8.95477e-05, 0), \
                           -60167.2, 24430, 24430, -nan)
reports[-1].sigmax = ValErr(0.686619, 0.00310627, 0)
reports[-1].sigmay = ValErr(1.00094, 0.00452827, 0)
reports[-1].sigmadxdz = ValErr(0, 0, 0)
reports[-1].sigmadydz = ValErr(0, 0, 0)
reports[-1].add_stats(0.0119824, 0.00382366, 0.00106955, 0.00163915, 0.00506334, 0.00405041, 0.00106444, 0.00790347, 0.00506334, 0.00405041, 0.00106444, 0.00790347, 0.0107009, 0.00501241, 0.000995735, 0.00785384, 0.0107009, 0.00501241, 0.000995735, 0.00785384, 0.686633, 1.00098, 0.00365539, 0.0420142, 0.686633, 1.00098, 0.00365539, 0.0420142)
reports[-1].CovMatrix = ['3.29925e-05','0.00016445','-0.000134166','2.30918e-07','-7.86227e-08','-1.26216e-07','1.47662e-08','4.22982e-09','0','0','0','0','0.00016445','0.00232915','-0.00186343','3.33731e-06','-7.14633e-07','-1.97221e-07','7.25796e-08','1.35261e-07','0','0','0','0','-0.000134166','-0.00186343','0.00151944','-2.57619e-06','5.83697e-07','1.75074e-07','-5.8148e-08','-8.67621e-08','0','0','0','0','2.30918e-07','3.33731e-06','-2.57619e-06','1.57164e-08','4.81062e-10','6.66095e-10','2.25251e-10','5.35726e-10','0','0','0','0','-7.86227e-08','-7.14633e-07','5.83697e-07','4.81062e-10','1.90141e-08','6.59623e-09','6.01122e-10','-3.27907e-11','0','0','0','0','-1.26216e-07','-1.97221e-07','1.75074e-07','6.66095e-10','6.59623e-09','8.01879e-09','2.09998e-10','2.09553e-10','0','0','0','0','1.47662e-08','7.25796e-08','-5.8148e-08','2.25251e-10','6.01122e-10','2.09998e-10','9.64893e-06','5.91858e-12','0','0','0','0','4.22982e-09','1.35261e-07','-8.67621e-08','5.35726e-10','-3.27907e-11','2.09553e-10','5.91858e-12','2.05052e-05','0','0','0','0','0','0','0','0','0','0','0','0','0','0','0','0','0','0','0','0','0','0','0','0','0','0','0','0','0','0','0','0','0','0','0','0','0','0','0','0','0','0','0','0','0','0','0','0','0','0','0','0']

reports.append(Report(577011712, ("DT", -2, 1, 9), "MBwhAst1sec09"))
reports[-1].posNum = 12759
reports[-1].negNum = 0
reports[-1].fittype = "6DOF"
reports[-1].add_parameters(ValErr(0.0221982, 0.00726354, 0), \
                           ValErr(0.000263754, 0.0669076, 0), \
                           ValErr(-0.00712671, 0.0539153, 0), \
                           ValErr(-0.000179733, 0.000169388, 0), \
                           ValErr(-0.000290503, 0.000183453, 0), \
                           ValErr(-2.68053e-05, 0.00011478, 0), \
                           -32132.4, 12759, 12759, -nan)
reports[-1].sigmax = ValErr(0.692022, 0.00433208, 0)
reports[-1].sigmay = ValErr(1.04987, 0.00657224, 0)
reports[-1].sigmadxdz = ValErr(0, 0, 0)
reports[-1].sigmadydz = ValErr(0, 0, 0)
reports[-1].add_stats(0.0259218, -0.00621718, -7.24684e-05, -0.00262157, 0.0229999, -0.0107538, -5.94057e-05, 0.00206452, 0.0229999, -0.0107538, -5.94057e-05, 0.00206452, 0.0216805, -0.0131664, -7.71991e-05, 0.0019734, 0.0216805, -0.0131664, -7.71991e-05, 0.0019734, 0.692029, 1.05008, 0.00351327, 0.045054, 0.692029, 1.05008, 0.00351327, 0.045054)
reports[-1].CovMatrix = ['5.2759e-05','0.000250834','-0.000205119','3.73323e-07','6.27187e-08','-5.87039e-09','2.35741e-08','2.12647e-08','0','0','0','0','0.000250834','0.00447663','-0.00357109','6.47221e-06','-3.75331e-07','8.56622e-07','4.35334e-08','4.33342e-07','0','0','0','0','-0.000205119','-0.00357109','0.00290686','-5.20202e-06','8.1986e-08','-6.96103e-07','-3.7839e-08','-3.14811e-07','0','0','0','0','3.73323e-07','6.47221e-06','-5.20202e-06','2.86921e-08','-1.43167e-09','2.55062e-09','2.84741e-10','1.02555e-09','0','0','0','0','6.27187e-08','-3.75331e-07','8.1986e-08','-1.43167e-09','3.36549e-08','1.02954e-08','5.89253e-10','5.97377e-10','0','0','0','0','-5.87039e-09','8.56622e-07','-6.96103e-07','2.55062e-09','1.02954e-08','1.31745e-08','3.31369e-10','6.07793e-10','0','0','0','0','2.35741e-08','4.35334e-08','-3.7839e-08','2.84741e-10','5.89253e-10','3.31369e-10','1.87669e-05','2.45108e-11','0','0','0','0','2.12647e-08','4.33342e-07','-3.14811e-07','1.02555e-09','5.97377e-10','6.07793e-10','2.45108e-11','4.31944e-05','0','0','0','0','0','0','0','0','0','0','0','0','0','0','0','0','0','0','0','0','0','0','0','0','0','0','0','0','0','0','0','0','0','0','0','0','0','0','0','0','0','0','0','0','0','0','0','0','0','0','0','0']

reports.append(Report(577273856, ("DT", -2, 1, 10), "MBwhAst1sec10"))
reports[-1].posNum = 12612
reports[-1].negNum = 0
reports[-1].fittype = "6DOF"
reports[-1].add_parameters(ValErr(-0.00426987, 0.007861, 0), \
                           ValErr(0.29025, 0.0703349, 0), \
                           ValErr(-0.20794, 0.0567989, 0), \
                           ValErr(3.83959e-05, 0.000172101, 0), \
                           ValErr(-0.000527193, 0.000191654, 0), \
                           ValErr(-0.000101627, 0.000114063, 0), \
                           -31703.2, 12612, 12612, -nan)
reports[-1].sigmax = ValErr(0.68913, 0.00433907, 0)
reports[-1].sigmay = ValErr(1.04936, 0.00660726, 0)
reports[-1].sigmadxdz = ValErr(0, 0, 0)
reports[-1].sigmadydz = ValErr(0, 0, 0)
reports[-1].add_stats(-0.0156062, 0.0359776, 0.000384839, -4.10826e-05, -0.0193192, 0.0297195, 0.000420419, 0.00309484, -0.0193192, 0.0297195, 0.000420419, 0.00309484, -0.0166927, 0.0214872, 0.000394042, 0.00260763, -0.0166927, 0.0214872, 0.000394042, 0.00260763, 0.68944, 1.04998, 0.00363919, 0.04262, 0.68944, 1.04998, 0.00363919, 0.04262)
reports[-1].CovMatrix = ['6.17954e-05','0.000333923','-0.000272636','5.01084e-07','1.40647e-07','1.24789e-07','3.37704e-08','2.30139e-08','0','0','0','0','0.000333923','0.004947','-0.00395845','7.00211e-06','-8.58335e-07','5.3768e-07','1.18057e-07','3.18361e-07','0','0','0','0','-0.000272636','-0.00395845','0.00322611','-5.86996e-06','5.98113e-07','-4.54923e-07','-8.35474e-08','-2.48957e-07','0','0','0','0','5.01084e-07','7.00211e-06','-5.86996e-06','2.96188e-08','-1.11766e-09','2.43233e-09','-1.46029e-09','3.60445e-09','0','0','0','0','1.40647e-07','-8.58335e-07','5.98113e-07','-1.11766e-09','3.67313e-08','1.03332e-08','9.10637e-10','2.94715e-10','0','0','0','0','1.24789e-07','5.3768e-07','-4.54923e-07','2.43233e-09','1.03332e-08','1.30105e-08','6.40981e-10','1.92569e-10','0','0','0','0','3.37704e-08','1.18057e-07','-8.35474e-08','-1.46029e-09','9.10637e-10','6.40981e-10','1.88275e-05','-2.63742e-10','0','0','0','0','2.30139e-08','3.18361e-07','-2.48957e-07','3.60445e-09','2.94715e-10','1.92569e-10','-2.63742e-10','4.36559e-05','0','0','0','0','0','0','0','0','0','0','0','0','0','0','0','0','0','0','0','0','0','0','0','0','0','0','0','0','0','0','0','0','0','0','0','0','0','0','0','0','0','0','0','0','0','0','0','0','0','0','0','0']

reports.append(Report(577536000, ("DT", -2, 1, 11), "MBwhAst1sec11"))
reports[-1].posNum = 14364
reports[-1].negNum = 0
reports[-1].fittype = "6DOF"
reports[-1].add_parameters(ValErr(0.00518778, 0.00795005, 0), \
                           ValErr(0.0965357, 0.0671892, 0), \
                           ValErr(-0.0802857, 0.0543743, 0), \
                           ValErr(0.000136086, 0.000161162, 0), \
                           ValErr(-0.000617985, 0.000186967, 0), \
                           ValErr(-0.000214569, 0.00010773, 0), \
                           -35909.1, 14364, 14364, -nan)
reports[-1].sigmax = ValErr(0.691502, 0.00407981, 0)
reports[-1].sigmay = ValErr(1.03143, 0.00608539, 0)
reports[-1].sigmadxdz = ValErr(0, 0, 0)
reports[-1].sigmadydz = ValErr(0, 0, 0)
reports[-1].add_stats(-0.004468, 0.00586581, 0.000279189, -0.00465235, -0.00146949, -0.000723526, 0.000286584, 0.000971186, -0.00146949, -0.000723526, 0.000286584, 0.000971186, -0.00599494, -0.00247014, 0.000248314, 0.00126009, -0.00599494, -0.00247014, 0.000248314, 0.00126009, 0.691667, 1.03166, 0.00360473, 0.044387, 0.691667, 1.03166, 0.00360473, 0.044387)
reports[-1].CovMatrix = ['6.32033e-05','0.000361109','-0.000294378','5.36299e-07','4.07741e-08','2.89665e-08','5.9856e-08','-1.94465e-08','0','0','0','0','0.000361109','0.00451439','-0.00362318','6.53624e-06','-6.66989e-07','6.64157e-07','4.32918e-07','-1.06477e-07','0','0','0','0','-0.000294378','-0.00362318','0.00295656','-5.33194e-06','6.06621e-07','-5.44247e-07','-3.49409e-07','1.16718e-07','0','0','0','0','5.36299e-07','6.53624e-06','-5.33194e-06','2.59732e-08','-9.75236e-10','2.70136e-09','6.04027e-11','1.34676e-09','0','0','0','0','4.07741e-08','-6.66989e-07','6.06621e-07','-9.75236e-10','3.49566e-08','9.05737e-09','1.74287e-09','-1.09983e-09','0','0','0','0','2.89665e-08','6.64157e-07','-5.44247e-07','2.70136e-09','9.05737e-09','1.16057e-08','1.69358e-10','7.02702e-10','0','0','0','0','5.9856e-08','4.32918e-07','-3.49409e-07','6.04027e-11','1.74287e-09','1.69358e-10','1.66449e-05','-1.57451e-10','0','0','0','0','-1.94465e-08','-1.06477e-07','1.16718e-07','1.34676e-09','-1.09983e-09','7.02702e-10','-1.57451e-10','3.70321e-05','0','0','0','0','0','0','0','0','0','0','0','0','0','0','0','0','0','0','0','0','0','0','0','0','0','0','0','0','0','0','0','0','0','0','0','0','0','0','0','0','0','0','0','0','0','0','0','0','0','0','0','0']

reports.append(Report(577798144, ("DT", -2, 1, 12), "MBwhAst1sec12"))
reports[-1].posNum = 23606
reports[-1].negNum = 0
reports[-1].fittype = "6DOF"
reports[-1].add_parameters(ValErr(0.0162835, 0.0056568, 0), \
                           ValErr(0.14725, 0.050961, 0), \
                           ValErr(-0.12021, 0.0411135, 0), \
                           ValErr(0.000254721, 0.000131899, 0), \
                           ValErr(-5.52368e-05, 0.000147424, 0), \
                           ValErr(-3.53918e-05, 9.13341e-05, 0), \
                           -59042.3, 23606, 23606, -nan)
reports[-1].sigmax = ValErr(0.690647, 0.00318211, 0)
reports[-1].sigmay = ValErr(1.03397, 0.00475034, 0)
reports[-1].sigmadxdz = ValErr(0, 0, 0)
reports[-1].sigmadydz = ValErr(0, 0, 0)
reports[-1].add_stats(0.0139575, -0.00759652, -0.000866461, -0.00399456, 0.006575, -0.00110208, -0.000886114, 6.11677e-05, 0.006575, -0.00110208, -0.000886114, 6.11677e-05, 0.00530543, 0.00622759, -0.000890283, 0.000116052, 0.00530543, 0.00622759, -0.000890283, 0.000116052, 0.690773, 1.03398, 0.00348883, 0.0442442, 0.690773, 1.03398, 0.00348883, 0.0442442)
reports[-1].CovMatrix = ['3.19994e-05','0.000157032','-0.000128446','2.23607e-07','-7.21429e-08','-1.24902e-07','-7.3745e-09','-9.42594e-10','0','0','0','0','0.000157032','0.00259703','-0.00207477','3.76358e-06','-7.13574e-07','-2.60331e-08','-4.99277e-08','2.43774e-07','0','0','0','0','-0.000128446','-0.00207477','0.00169032','-2.908e-06','4.54089e-07','3.41762e-08','1.22325e-07','-3.04896e-07','0','0','0','0','2.23607e-07','3.76358e-06','-2.908e-06','1.73974e-08','-1.19907e-11','7.81218e-10','-1.14123e-10','1.74085e-09','0','0','0','0','-7.21429e-08','-7.13574e-07','4.54089e-07','-1.19907e-11','2.17338e-08','6.74022e-09','8.29394e-10','8.67487e-10','0','0','0','0','-1.24902e-07','-2.60331e-08','3.41762e-08','7.81218e-10','6.74022e-09','8.34192e-09','2.16372e-10','-8.54685e-10','0','0','0','0','-7.3745e-09','-4.99277e-08','1.22325e-07','-1.14123e-10','8.29394e-10','2.16372e-10','1.01259e-05','-2.44806e-08','0','0','0','0','-9.42594e-10','2.43774e-07','-3.04896e-07','1.74085e-09','8.67487e-10','-8.54685e-10','-2.44806e-08','2.25658e-05','0','0','0','0','0','0','0','0','0','0','0','0','0','0','0','0','0','0','0','0','0','0','0','0','0','0','0','0','0','0','0','0','0','0','0','0','0','0','0','0','0','0','0','0','0','0','0','0','0','0','0','0']

reports.append(Report(579108864, ("DT", -2, 2, 1), "MBwhAst2sec01"))
reports[-1].posNum = 35714
reports[-1].negNum = 0
reports[-1].fittype = "6DOF"
reports[-1].add_parameters(ValErr(-0.0062502, 0.00512836, 0), \
                           ValErr(-0.0452539, 0.0418081, 0), \
                           ValErr(0.032763, 0.0399651, 0), \
                           ValErr(6.97589e-05, 0.000151747, 0), \
                           ValErr(-0.000657238, 0.000145427, 0), \
                           ValErr(-0.000361161, 0.000103116, 0), \
                           -105068, 35714, 35714, -nan)
reports[-1].sigmax = ValErr(0.90739, 0.00339518, 0)
reports[-1].sigmay = ValErr(1.22291, 0.00457578, 0)
reports[-1].sigmadxdz = ValErr(0, 0, 0)
reports[-1].sigmadydz = ValErr(0, 0, 0)
reports[-1].add_stats(-0.00974544, -0.00458339, -0.00133373, -0.00139398, -0.00824311, -0.0117768, -0.00132452, -0.00122736, -0.00824311, -0.0117768, -0.00132452, -0.00122736, -0.0111562, -0.0107273, -0.0013296, -0.0013041, -0.0111562, -0.0107273, -0.0013296, -0.0013041, 0.907546, 1.22307, 0.00379897, 0.0245746, 0.907546, 1.22307, 0.00379897, 0.0245746)
reports[-1].CovMatrix = ['2.63001e-05','-5.86635e-05','5.70047e-05','-1.00163e-07','-1.75446e-08','-8.98411e-08','6.7042e-09','3.83947e-09','0','0','0','0','-5.86635e-05','0.00174791','-0.00164966','2.98522e-06','3.34068e-07','9.0217e-08','-1.39777e-08','1.02531e-07','0','0','0','0','5.70047e-05','-0.00164966','0.00159721','-2.70026e-06','-2.93059e-07','-9.41789e-08','4.01964e-09','-5.46862e-08','0','0','0','0','-1.00163e-07','2.98522e-06','-2.70026e-06','2.30273e-08','5.12954e-11','-4.1897e-10','-7.48571e-10','1.69277e-09','0','0','0','0','-1.75446e-08','3.34068e-07','-2.93059e-07','5.12954e-11','2.1149e-08','1.01825e-08','-1.76298e-10','1.54159e-09','0','0','0','0','-8.98411e-08','9.0217e-08','-9.41789e-08','-4.1897e-10','1.01825e-08','1.06329e-08','4.3302e-10','2.51099e-10','0','0','0','0','6.7042e-09','-1.39777e-08','4.01964e-09','-7.48571e-10','-1.76298e-10','4.3302e-10','1.15272e-05','-1.19114e-10','0','0','0','0','3.83947e-09','1.02531e-07','-5.46862e-08','1.69277e-09','1.54159e-09','2.51099e-10','-1.19114e-10','2.09378e-05','0','0','0','0','0','0','0','0','0','0','0','0','0','0','0','0','0','0','0','0','0','0','0','0','0','0','0','0','0','0','0','0','0','0','0','0','0','0','0','0','0','0','0','0','0','0','0','0','0','0','0','0']

reports.append(Report(579371008, ("DT", -2, 2, 2), "MBwhAst2sec02"))
reports[-1].posNum = 31435
reports[-1].negNum = 0
reports[-1].fittype = "6DOF"
reports[-1].add_parameters(ValErr(0.0269032, 0.00575078, 0), \
                           ValErr(-0.0882513, 0.0438765, 0), \
                           ValErr(0.0887409, 0.0419708, 0), \
                           ValErr(0.00031462, 0.00016561, 0), \
                           ValErr(-0.000742636, 0.00015444, 0), \
                           ValErr(-0.000459925, 0.000112697, 0), \
                           -91926.6, 31435, 31435, -nan)
reports[-1].sigmax = ValErr(0.902343, 0.00359874, 0)
reports[-1].sigmay = ValErr(1.20831, 0.00481901, 0)
reports[-1].sigmadxdz = ValErr(0, 0, 0)
reports[-1].sigmadydz = ValErr(0, 0, 0)
reports[-1].add_stats(0.0202414, -0.00737403, -0.00121749, 0.0119464, 0.0189814, -0.00475475, -0.00120967, 0.0129633, 0.0189814, -0.00475475, -0.00120967, 0.0129633, 0.019537, -0.00791164, -0.0012045, 0.0129163, 0.019537, -0.00791164, -0.0012045, 0.0129163, 0.902604, 1.20861, 0.00378212, 0.0273226, 0.902604, 1.20861, 0.00378212, 0.0273226)
reports[-1].CovMatrix = ['3.30715e-05','-9.04312e-05','8.75035e-05','-1.49214e-07','-1.00283e-07','-1.82844e-07','1.27506e-08','-8.98288e-09','0','0','0','0','-9.04312e-05','0.00192515','-0.00181624','3.33712e-06','5.31807e-07','3.12483e-07','-7.02461e-08','1.94107e-07','0','0','0','0','8.75035e-05','-0.00181624','0.00176155','-2.87732e-06','-5.70757e-07','-3.24525e-07','6.15105e-08','-1.42502e-07','0','0','0','0','-1.49214e-07','3.33712e-06','-2.87732e-06','2.74266e-08','-1.22207e-09','-6.94324e-10','-5.48758e-10','1.55058e-09','0','0','0','0','-1.00283e-07','5.31807e-07','-5.70757e-07','-1.22207e-09','2.38518e-08','1.21272e-08','-6.32278e-11','1.45265e-09','0','0','0','0','-1.82844e-07','3.12483e-07','-3.24525e-07','-6.94324e-10','1.21272e-08','1.27006e-08','2.69133e-10','5.72155e-10','0','0','0','0','1.27506e-08','-7.02461e-08','6.15105e-08','-5.48758e-10','-6.32278e-11','2.69133e-10','1.29509e-05','-4.39279e-11','0','0','0','0','-8.98288e-09','1.94107e-07','-1.42502e-07','1.55058e-09','1.45265e-09','5.72155e-10','-4.39279e-11','2.32229e-05','0','0','0','0','0','0','0','0','0','0','0','0','0','0','0','0','0','0','0','0','0','0','0','0','0','0','0','0','0','0','0','0','0','0','0','0','0','0','0','0','0','0','0','0','0','0','0','0','0','0','0','0']

reports.append(Report(579633152, ("DT", -2, 2, 3), "MBwhAst2sec03"))
reports[-1].posNum = 30749
reports[-1].negNum = 0
reports[-1].fittype = "6DOF"
reports[-1].add_parameters(ValErr(0.0385891, 0.00565715, 0), \
                           ValErr(-0.152568, 0.0437524, 0), \
                           ValErr(0.131848, 0.0416647, 0), \
                           ValErr(0.000109357, 0.000169558, 0), \
                           ValErr(-0.000758219, 0.000158989, 0), \
                           ValErr(-0.000462915, 0.000115926, 0), \
                           -89360.2, 30749, 30749, -nan)
reports[-1].sigmax = ValErr(0.888097, 0.00357787, 0)
reports[-1].sigmay = ValErr(1.20553, 0.00485738, 0)
reports[-1].sigmadxdz = ValErr(0, 0, 0)
reports[-1].sigmadydz = ValErr(0, 0, 0)
reports[-1].add_stats(0.032109, -0.00683281, -0.000316147, -0.000131388, 0.0289836, -0.0212586, -0.000327399, -7.61401e-05, 0.0289836, -0.0212586, -0.000327399, -7.61401e-05, 0.0315203, -0.0245308, -0.000319975, -0.000188644, 0.0315203, -0.0245308, -0.000319975, -0.000188644, 0.888417, 1.20578, 0.00370625, 0.0229265, 0.888417, 1.20578, 0.00370625, 0.0229265)
reports[-1].CovMatrix = ['3.20034e-05','-7.94158e-05','7.67396e-05','-1.33548e-07','-1.08142e-07','-1.9024e-07','-1.94266e-08','-1.08913e-08','0','0','0','0','-7.94158e-05','0.00191427','-0.00179712','3.31425e-06','4.98083e-07','2.25444e-07','6.90567e-07','-6.28447e-07','0','0','0','0','7.67396e-05','-0.00179712','0.00173595','-2.81488e-06','-4.85833e-07','-2.33152e-07','-6.33858e-07','5.47788e-07','0','0','0','0','-1.33548e-07','3.31425e-06','-2.81488e-06','2.87499e-08','-6.22593e-11','-3.93735e-10','2.5957e-09','-1.58425e-09','0','0','0','0','-1.08142e-07','4.98083e-07','-4.85833e-07','-6.22593e-11','2.52775e-08','1.29525e-08','1.95658e-09','1.51772e-09','0','0','0','0','-1.9024e-07','2.25444e-07','-2.33152e-07','-3.93735e-10','1.29525e-08','1.34388e-08','4.04734e-10','7.06781e-10','0','0','0','0','-1.94266e-08','6.90567e-07','-6.33858e-07','2.5957e-09','1.95658e-09','4.04734e-10','1.28011e-05','-6.19602e-09','0','0','0','0','-1.08913e-08','-6.28447e-07','5.47788e-07','-1.58425e-09','1.51772e-09','7.06781e-10','-6.19602e-09','2.35942e-05','0','0','0','0','0','0','0','0','0','0','0','0','0','0','0','0','0','0','0','0','0','0','0','0','0','0','0','0','0','0','0','0','0','0','0','0','0','0','0','0','0','0','0','0','0','0','0','0','0','0','0','0']

reports.append(Report(579895296, ("DT", -2, 2, 4), "MBwhAst2sec04"))
reports[-1].posNum = 35829
reports[-1].negNum = 0
reports[-1].fittype = "6DOF"
reports[-1].add_parameters(ValErr(0.0516118, 0.00516285, 0), \
                           ValErr(-0.0242318, 0.0420429, 0), \
                           ValErr(0.0368722, 0.0400623, 0), \
                           ValErr(0.000414948, 0.000151964, 0), \
                           ValErr(-0.000340314, 0.000143261, 0), \
                           ValErr(-4.4798e-05, 0.000102087, 0), \
                           -105144, 35829, 35829, -nan)
reports[-1].sigmax = ValErr(0.902073, 0.00336987, 0)
reports[-1].sigmay = ValErr(1.22114, 0.00456182, 0)
reports[-1].sigmadxdz = ValErr(0, 0, 0)
reports[-1].sigmadydz = ValErr(0, 0, 0)
reports[-1].add_stats(0.0527048, 0.00582914, 0.000676224, 0.00211771, 0.0518944, 0.00920667, 0.000697095, 0.00190847, 0.0518944, 0.00920667, 0.000697095, 0.00190847, 0.0512201, 0.00625066, 0.000691907, 0.00205884, 0.0512201, 0.00625066, 0.000691907, 0.00205884, 0.902037, 1.22153, 0.00375895, 0.0243306, 0.902037, 1.22153, 0.00375895, 0.0243306)
