nan = None;  NAN = None
nan = 0
reports = []
class ValErr:
    def __init__(self, value, error, antisym):
        self.value, self.error, self.antisym = value, error, antisym

    def __repr__(self):
        if self.antisym == 0.:
            return "%g +- %g" % (self.value, self.error)
        else:
            return "%g +- %g ~ %g" % (self.value, self.error, self.antisym)

class Report:
    def __init__(self, chamberId, postal_address, name):
        self.chamberId, self.postal_address, self.name = chamberId, postal_address, name
        self.status = "NOFIT"
        self.fittype = None
        self.CovMatrix = None

    def add_parameters(self, deltax, deltay, deltaz, deltaphix, deltaphiy, deltaphiz, loglikelihood, numsegments, sumofweights, redchi2):
        self.status = "PASS"
        self.deltax, self.deltay, self.deltaz, self.deltaphix, self.deltaphiy, self.deltaphiz = deltax, deltay, deltaz, deltaphix, deltaphiy, deltaphiz
        self.loglikelihood, self.numsegments, self.sumofweights, self.redchi2 = loglikelihood, numsegments, sumofweights, redchi2

    def add_stats(self, median_x, median_y, median_dxdz, median_dydz, mean30_x, mean30_y, mean20_dxdz, mean50_dydz, mean15_x, mean15_y, mean10_dxdz, mean25_dydz, wmean30_x, wmean30_y, wmean20_dxdz, wmean50_dydz, wmean15_x, wmean15_y, wmean10_dxdz, wmean25_dydz, stdev30_x, stdev30_y, stdev20_dxdz, stdev50_dydz, stdev15_x, stdev15_y, stdev10_dxdz, stdev25_dydz):
        self.median_x, self.median_y, self.median_dxdz, self.median_dydz, self.mean30_x, self.mean30_y, self.mean20_dxdz, self.mean50_dydz, self.mean15_x, self.mean15_y, self.mean10_dxdz, self.mean25_dydz, self.wmean30_x, self.wmean30_y, self.wmean20_dxdz, self.wmean50_dydz, self.wmean15_x, self.wmean15_y, self.wmean10_dxdz, self.wmean25_dydz, self.stdev30_x, self.stdev30_y, self.stdev20_dxdz, self.stdev50_dydz, self.stdev15_x, self.stdev15_y, self.stdev10_dxdz, self.stdev25_dydz = median_x, median_y, median_dxdz, median_dydz, mean30_x, mean30_y, mean20_dxdz, mean50_dydz, mean15_x, mean15_y, mean10_dxdz, mean25_dydz, wmean30_x, wmean30_y, wmean20_dxdz, wmean50_dydz, wmean15_x, wmean15_y, wmean10_dxdz, wmean25_dydz, stdev30_x, stdev30_y, stdev20_dxdz, stdev50_dydz, stdev15_x, stdev15_y, stdev10_dxdz, stdev25_dydz

    def __repr__(self):
        return "<Report %s %s %s>" % (self.postal_address[0], " ".join(map(str, self.postal_address[1:])), self.status)

reports.append(Report(574914560, ("DT", -2, 1, 1), "MBwhAst1sec01"))
reports[-1].posNum = 66966
reports[-1].negNum = 0
reports[-1].fittype = "6DOF"
reports[-1].add_parameters(ValErr(-0.083653, 0.00338598, 0), \
                           ValErr(0.190651, 0.02772, 0), \
                           ValErr(0.0173848, 0.0224709, 0), \
                           ValErr(-4.56307e-06, 7.69597e-05, 0), \
                           ValErr(0.000145249, 8.16547e-05, 0), \
                           ValErr(1.32035e-05, 5.48243e-05, 0), \
                           -163521, 66966, 66966, -nan)
reports[-1].sigmax = ValErr(0.674424, 0.00184286, 0)
reports[-1].sigmay = ValErr(0.99788, 0.00272669, 0)
reports[-1].sigmadxdz = ValErr(0, 0, 0)
reports[-1].sigmadydz = ValErr(0, 0, 0)
reports[-1].add_stats(-0.0824022, 0.220136, 0.000100111, -0.00231934, -0.0825947, 0.211626, 0.000112436, -0.00139616, -0.0825947, 0.211626, 0.000112436, -0.00139616, -0.0800118, 0.214578, 0.000101066, -0.00147548, -0.0800118, 0.214578, 0.000101066, -0.00147548, 0.674424, 0.997912, 0.00346473, 0.0315185, 0.674424, 0.997912, 0.00346473, 0.0315185)
reports[-1].CovMatrix = ['1.14649e-05','5.44894e-05','-4.46369e-05','7.85094e-08','-2.20548e-08','-3.95039e-08','6.73436e-09','-6.79694e-10','0','0','0','0','5.44894e-05','0.000768401','-0.000616327','1.13145e-06','-1.49842e-07','4.71827e-08','4.38062e-08','2.37966e-08','0','0','0','0','-4.46369e-05','-0.000616327','0.000504941','-8.66251e-07','1.1837e-07','-3.4194e-08','-3.49588e-08','-1.16808e-08','0','0','0','0','7.85094e-08','1.13145e-06','-8.66251e-07','5.9228e-09','-1.31507e-10','4.04214e-10','1.36917e-10','1.11673e-10','0','0','0','0','-2.20548e-08','-1.49842e-07','1.1837e-07','-1.31507e-10','6.66749e-09','2.4174e-09','1.3394e-10','9.65201e-11','0','0','0','0','-3.95039e-08','4.71827e-08','-3.4194e-08','4.04214e-10','2.4174e-09','3.0057e-09','4.90714e-11','1.2971e-10','0','0','0','0','6.73436e-09','4.38062e-08','-3.49588e-08','1.36917e-10','1.3394e-10','4.90714e-11','3.39612e-06','4.039e-12','0','0','0','0','-6.79694e-10','2.37966e-08','-1.16808e-08','1.11673e-10','9.65201e-11','1.2971e-10','4.039e-12','7.43486e-06','0','0','0','0','0','0','0','0','0','0','0','0','0','0','0','0','0','0','0','0','0','0','0','0','0','0','0','0','0','0','0','0','0','0','0','0','0','0','0','0','0','0','0','0','0','0','0','0','0','0','0','0']

reports.append(Report(575176704, ("DT", -2, 1, 2), "MBwhAst1sec02"))
reports[-1].posNum = 43446
reports[-1].negNum = 0
reports[-1].fittype = "6DOF"
reports[-1].add_parameters(ValErr(0.0154208, 0.00415758, 0), \
                           ValErr(-0.0306247, 0.0344117, 0), \
                           ValErr(-0.026697, 0.0278573, 0), \
                           ValErr(-1.88813e-05, 9.22686e-05, 0), \
                           ValErr(0.00038495, 0.000102979, 0), \
                           ValErr(1.51376e-05, 6.54858e-05, 0), \
                           -105831, 43446, 43446, -nan)
reports[-1].sigmax = ValErr(0.670171, 0.0022735, 0)
reports[-1].sigmay = ValErr(0.998271, 0.00338657, 0)
reports[-1].sigmadxdz = ValErr(0, 0, 0)
reports[-1].sigmadydz = ValErr(0, 0, 0)
reports[-1].add_stats(0.0148182, -0.0610841, 0.000905258, -0.00277006, 0.0118634, -0.0602358, 0.000927845, -0.00150906, 0.0118634, -0.0602358, 0.000927845, -0.00150906, 0.0108925, -0.0606577, 0.0009308, -0.00156445, 0.0108925, -0.0606577, 0.0009308, -0.00156445, 0.670176, 0.998499, 0.00343646, 0.0332642, 0.670176, 0.998499, 0.00343646, 0.0332642)
reports[-1].CovMatrix = ['1.72855e-05','7.85078e-05','-6.43488e-05','1.10052e-07','-4.94925e-08','-7.79327e-08','8.80313e-09','-3.83794e-10','0','0','0','0','7.85078e-05','0.00118417','-0.00094809','1.71708e-06','-3.16415e-07','1.74505e-08','2.92396e-08','9.05022e-08','0','0','0','0','-6.43488e-05','-0.00094809','0.000776027','-1.2968e-06','2.34883e-07','-6.29095e-09','-2.481e-08','-5.81086e-08','0','0','0','0','1.10052e-07','1.71708e-06','-1.2968e-06','8.51349e-09','-2.04471e-10','4.57661e-10','5.10728e-11','4.02737e-10','0','0','0','0','-4.94925e-08','-3.16415e-07','2.34883e-07','-2.04471e-10','1.06047e-08','3.52299e-09','2.87224e-10','-1.60426e-12','0','0','0','0','-7.79327e-08','1.74505e-08','-6.29095e-09','4.57661e-10','3.52299e-09','4.28838e-09','8.58758e-12','2.62888e-10','0','0','0','0','8.80313e-09','2.92396e-08','-2.481e-08','5.10728e-11','2.87224e-10','8.58758e-12','5.16881e-06','-4.48334e-12','0','0','0','0','-3.83794e-10','9.05022e-08','-5.81086e-08','4.02737e-10','-1.60426e-12','2.62888e-10','-4.48334e-12','1.14689e-05','0','0','0','0','0','0','0','0','0','0','0','0','0','0','0','0','0','0','0','0','0','0','0','0','0','0','0','0','0','0','0','0','0','0','0','0','0','0','0','0','0','0','0','0','0','0','0','0','0','0','0','0']

reports.append(Report(575438848, ("DT", -2, 1, 3), "MBwhAst1sec03"))
reports[-1].posNum = 48464
reports[-1].negNum = 0
reports[-1].fittype = "6DOF"
reports[-1].add_parameters(ValErr(-0.0291229, 0.00417347, 0), \
                           ValErr(-0.0511934, 0.0318618, 0), \
                           ValErr(-0.0411329, 0.025869, 0), \
                           ValErr(-0.000110606, 8.81311e-05, 0), \
                           ValErr(0.000158708, 9.37621e-05, 0), \
                           ValErr(-3.84847e-05, 6.35431e-05, 0), \
                           -117875, 48464, 48464, -nan)
reports[-1].sigmax = ValErr(0.671999, 0.00215846, 0)
reports[-1].sigmay = ValErr(0.991872, 0.0031859, 0)
reports[-1].sigmadxdz = ValErr(0, 0, 0)
reports[-1].sigmadydz = ValErr(0, 0, 0)
reports[-1].add_stats(-0.0346088, -0.0982591, 0.000110323, -0.00276126, -0.0346156, -0.0980113, 0.00012219, -0.00176382, -0.0346156, -0.0980113, 0.00012219, -0.00176382, -0.0311493, -0.096071, 0.000109882, -0.00182382, -0.0311493, -0.096071, 0.000109882, -0.00182382, 0.672026, 0.991982, 0.00344267, 0.0325299, 0.672026, 0.991982, 0.00344267, 0.0325299)
reports[-1].CovMatrix = ['1.74179e-05','8.08041e-05','-6.62161e-05','1.12899e-07','-4.7812e-08','-7.40681e-08','6.32876e-09','3.60138e-09','0','0','0','0','8.08041e-05','0.00101518','-0.00081477','1.47846e-06','-2.38698e-07','3.30534e-09','1.89786e-08','9.55406e-08','0','0','0','0','-6.62161e-05','-0.00081477','0.000669204','-1.10814e-06','2.17777e-07','6.256e-09','-1.29246e-08','-6.73198e-08','0','0','0','0','1.12899e-07','1.47846e-06','-1.10814e-06','7.76709e-09','-2.883e-12','5.12939e-10','1.72737e-10','1.99573e-10','0','0','0','0','-4.7812e-08','-2.38698e-07','2.17777e-07','-2.883e-12','8.79133e-09','3.27507e-09','-1.46914e-11','4.345e-10','0','0','0','0','-7.40681e-08','3.30534e-09','6.256e-09','5.12939e-10','3.27507e-09','4.03772e-09','1.09041e-11','2.50883e-10','0','0','0','0','6.32876e-09','1.89786e-08','-1.29246e-08','1.72737e-10','-1.46914e-11','1.09041e-11','4.65895e-06','2.66607e-12','0','0','0','0','3.60138e-09','9.55406e-08','-6.73198e-08','1.99573e-10','4.345e-10','2.50883e-10','2.66607e-12','1.015e-05','0','0','0','0','0','0','0','0','0','0','0','0','0','0','0','0','0','0','0','0','0','0','0','0','0','0','0','0','0','0','0','0','0','0','0','0','0','0','0','0','0','0','0','0','0','0','0','0','0','0','0','0']

reports.append(Report(575700992, ("DT", -2, 1, 4), "MBwhAst1sec04"))
reports[-1].posNum = 68435
reports[-1].negNum = 0
reports[-1].fittype = "6DOF"
reports[-1].add_parameters(ValErr(-0.0994502, 0.0032938, 0), \
                           ValErr(0.0939502, 0.0283282, 0), \
                           ValErr(-0.0528549, 0.0229219, 0), \
                           ValErr(0.00012586, 7.58829e-05, 0), \
                           ValErr(-4.92306e-05, 8.22954e-05, 0), \
                           ValErr(0.00034186, 5.35026e-05, 0), \
                           -167798, 68435, 68435, -nan)
reports[-1].sigmax = ValErr(0.675972, 0.00182715, 0)
reports[-1].sigmay = ValErr(1.00567, 0.00271833, 0)
reports[-1].sigmadxdz = ValErr(0, 0, 0)
reports[-1].sigmadydz = ValErr(0, 0, 0)
reports[-1].add_stats(-0.101164, 0.0264727, 0.000538414, -0.00290194, -0.0986242, 0.0275474, 0.000543782, -0.00214409, -0.0986242, 0.0275474, 0.000543782, -0.00214409, -0.100779, 0.0263169, 0.000553453, -0.00219595, -0.100779, 0.0263169, 0.000553453, -0.00219595, 0.676196, 1.00582, 0.00344943, 0.0344639, 0.676196, 1.00582, 0.00344943, 0.0344639)
reports[-1].CovMatrix = ['1.08491e-05','5.38525e-05','-4.40608e-05','7.77806e-08','-1.46129e-08','-2.90969e-08','7.65498e-09','-1.97464e-09','0','0','0','0','5.38525e-05','0.000802484','-0.000643003','1.16838e-06','-1.60822e-07','5.62231e-08','5.1104e-08','1.23905e-08','0','0','0','0','-4.40608e-05','-0.000643003','0.000525415','-9.10058e-07','1.14931e-07','-4.28216e-08','-4.23984e-08','-1.22328e-09','0','0','0','0','7.77806e-08','1.16838e-06','-9.10058e-07','5.75822e-09','-1.83069e-10','3.81589e-10','6.38133e-11','1.99952e-10','0','0','0','0','-1.46129e-08','-1.60822e-07','1.14931e-07','-1.83069e-10','6.77253e-09','2.30581e-09','1.61423e-10','4.45902e-11','0','0','0','0','-2.90969e-08','5.62231e-08','-4.28216e-08','3.81589e-10','2.30581e-09','2.86253e-09','1.86455e-11','1.6868e-10','0','0','0','0','7.65498e-09','5.1104e-08','-4.23984e-08','6.38133e-11','1.61423e-10','1.86455e-11','3.33848e-06','-2.14484e-12','0','0','0','0','-1.97464e-09','1.23905e-08','-1.22328e-09','1.99952e-10','4.45902e-11','1.6868e-10','-2.14484e-12','7.38935e-06','0','0','0','0','0','0','0','0','0','0','0','0','0','0','0','0','0','0','0','0','0','0','0','0','0','0','0','0','0','0','0','0','0','0','0','0','0','0','0','0','0','0','0','0','0','0','0','0','0','0','0','0']

reports.append(Report(575963136, ("DT", -2, 1, 5), "MBwhAst1sec05"))
reports[-1].posNum = 61389
reports[-1].negNum = 0
reports[-1].fittype = "6DOF"
reports[-1].add_parameters(ValErr(0.0236871, 0.00363494, 0), \
                           ValErr(0.0259586, 0.0295876, 0), \
                           ValErr(-0.0551186, 0.0240236, 0), \
                           ValErr(-0.000208793, 7.89996e-05, 0), \
                           ValErr(0.000120197, 8.6671e-05, 0), \
                           ValErr(-0.000130017, 5.56981e-05, 0), \
                           -149474, 61389, 61389, -nan)
reports[-1].sigmax = ValErr(0.671496, 0.00191639, 0)
reports[-1].sigmay = ValErr(0.995257, 0.00284038, 0)
reports[-1].sigmadxdz = ValErr(0, 0, 0)
reports[-1].sigmadydz = ValErr(0, 0, 0)
reports[-1].add_stats(0.0165195, -0.0322349, -0.000136296, -0.000686477, 0.0159979, -0.0366796, -0.000133418, -0.000707059, 0.0159979, -0.0366796, -0.000133418, -0.000707059, 0.0172056, -0.0388804, -0.000144891, -0.0009298, 0.0172056, -0.0388804, -0.000144891, -0.0009298, 0.671547, 0.995503, 0.0034321, 0.0341018, 0.671547, 0.995503, 0.0034321, 0.0341018)
reports[-1].CovMatrix = ['1.32128e-05','6.64723e-05','-5.44675e-05','9.49565e-08','-2.74712e-08','-4.38587e-08','5.52372e-09','2.70299e-09','0','0','0','0','6.64723e-05','0.000875427','-0.000703748','1.27358e-06','-2.33179e-07','-7.41863e-09','2.20103e-08','6.58631e-08','0','0','0','0','-5.44675e-05','-0.000703748','0.000577134','-9.85105e-07','1.99866e-07','1.11909e-08','-1.74103e-08','-4.48173e-08','0','0','0','0','9.49565e-08','1.27358e-06','-9.85105e-07','6.24094e-09','-1.23005e-11','3.67952e-10','7.97445e-11','2.2305e-10','0','0','0','0','-2.74712e-08','-2.33179e-07','1.99866e-07','-1.23005e-11','7.51186e-09','2.51303e-09','-1.50169e-11','3.48336e-10','0','0','0','0','-4.38587e-08','-7.41863e-09','1.11909e-08','3.67952e-10','2.51303e-09','3.10227e-09','5.58506e-12','1.95367e-10','0','0','0','0','5.52372e-09','2.20103e-08','-1.74103e-08','7.97445e-11','-1.50169e-11','5.58506e-12','3.67255e-06','2.535e-12','0','0','0','0','2.70299e-09','6.58631e-08','-4.48173e-08','2.2305e-10','3.48336e-10','1.95367e-10','2.535e-12','8.06774e-06','0','0','0','0','0','0','0','0','0','0','0','0','0','0','0','0','0','0','0','0','0','0','0','0','0','0','0','0','0','0','0','0','0','0','0','0','0','0','0','0','0','0','0','0','0','0','0','0','0','0','0','0']

reports.append(Report(576225280, ("DT", -2, 1, 6), "MBwhAst1sec06"))
reports[-1].posNum = 51401
reports[-1].negNum = 0
reports[-1].fittype = "6DOF"
reports[-1].add_parameters(ValErr(0.0112657, 0.00422478, 0), \
                           ValErr(-0.0758683, 0.0317942, 0), \
                           ValErr(0.104551, 0.0257995, 0), \
                           ValErr(0.000311244, 8.65794e-05, 0), \
                           ValErr(3.58344e-05, 9.38735e-05, 0), \
                           ValErr(-1.91036e-05, 6.26986e-05, 0), \
                           -125289, 51401, 51401, -nan)
reports[-1].sigmax = ValErr(0.675995, 0.00210837, 0)
reports[-1].sigmay = ValErr(0.991229, 0.00309153, 0)
reports[-1].sigmadxdz = ValErr(0, 0, 0)
reports[-1].sigmadydz = ValErr(0, 0, 0)
reports[-1].add_stats(0.0208432, 0.0471548, -5.49882e-05, -0.00350206, 0.0205474, 0.0404149, -7.6175e-05, -0.0026564, 0.0205474, 0.0404149, -7.6175e-05, -0.0026564, 0.0205435, 0.0363957, -7.19867e-05, -0.00279572, 0.0205435, 0.0363957, -7.19867e-05, -0.00279572, 0.676064, 0.991688, 0.00345132, 0.0324623, 0.676064, 0.991688, 0.00345132, 0.0324623)
reports[-1].CovMatrix = ['1.78488e-05','8.53691e-05','-6.98342e-05','1.18162e-07','-5.39398e-08','-7.8371e-08','6.97453e-09','2.88321e-09','0','0','0','0','8.53691e-05','0.00101087','-0.000811187','1.46588e-06','-2.65327e-07','-3.0748e-08','1.56498e-08','1.00986e-07','0','0','0','0','-6.98342e-05','-0.000811187','0.000665615','-1.09593e-06','2.53505e-07','3.48335e-08','-8.95794e-09','-7.3417e-08','0','0','0','0','1.18162e-07','1.46588e-06','-1.09593e-06','7.49599e-09','6.8713e-11','4.78908e-10','1.76652e-10','1.89515e-10','0','0','0','0','-5.39398e-08','-2.65327e-07','2.53505e-07','6.8713e-11','8.81223e-09','3.20011e-09','1.95467e-10','1.20422e-10','0','0','0','0','-7.8371e-08','-3.0748e-08','3.48335e-08','4.78908e-10','3.20011e-09','3.93112e-09','7.62762e-12','2.39928e-10','0','0','0','0','6.97453e-09','1.56498e-08','-8.95794e-09','1.76652e-10','1.95467e-10','7.62762e-12','4.44523e-06','9.55368e-13','0','0','0','0','2.88321e-09','1.00986e-07','-7.3417e-08','1.89515e-10','1.20422e-10','2.39928e-10','9.55368e-13','9.55759e-06','0','0','0','0','0','0','0','0','0','0','0','0','0','0','0','0','0','0','0','0','0','0','0','0','0','0','0','0','0','0','0','0','0','0','0','0','0','0','0','0','0','0','0','0','0','0','0','0','0','0','0','0']

reports.append(Report(576487424, ("DT", -2, 1, 7), "MBwhAst1sec07"))
reports[-1].posNum = 71077
reports[-1].negNum = 0
reports[-1].fittype = "6DOF"
reports[-1].add_parameters(ValErr(-0.0421987, 0.00329256, 0), \
                           ValErr(0.0253914, 0.0275226, 0), \
                           ValErr(0.142047, 0.0223124, 0), \
                           ValErr(-6.14091e-05, 7.58738e-05, 0), \
                           ValErr(0.00023704, 8.15717e-05, 0), \
                           ValErr(-0.000175399, 5.4278e-05, 0), \
                           -173327, 71077, 71077, -nan)
reports[-1].sigmax = ValErr(0.674313, 0.00178847, 0)
reports[-1].sigmay = ValErr(0.994776, 0.00263843, 0)
reports[-1].sigmadxdz = ValErr(0, 0, 0)
reports[-1].sigmadydz = ValErr(0, 0, 0)
reports[-1].add_stats(-0.0360255, 0.203246, 0.000207175, -0.00126688, -0.0340285, 0.196712, 0.000203904, -0.00164855, -0.0340285, 0.196712, 0.000203904, -0.00164855, -0.0316773, 0.195012, 0.000190295, -0.00177091, -0.0316773, 0.195012, 0.000190295, -0.00177091, 0.674523, 0.995063, 0.00344978, 0.0320661, 0.674523, 0.995063, 0.00344978, 0.0320661)
reports[-1].CovMatrix = ['1.08409e-05','5.29665e-05','-4.3389e-05','7.59378e-08','-2.29688e-08','-3.85017e-08','6.27106e-09','-5.61026e-10','0','0','0','0','5.29665e-05','0.000757496','-0.00060796','1.10959e-06','-1.65726e-07','3.18381e-08','4.9536e-08','1.10298e-08','0','0','0','0','-4.3389e-05','-0.00060796','0.000497844','-8.51885e-07','1.28244e-07','-2.18442e-08','-3.9871e-08','-1.63078e-09','0','0','0','0','7.59378e-08','1.10959e-06','-8.51885e-07','5.75683e-09','-1.16165e-10','3.67926e-10','1.22039e-10','1.18129e-10','0','0','0','0','-2.29688e-08','-1.65726e-07','1.28244e-07','-1.16165e-10','6.65395e-09','2.3983e-09','4.08403e-11','2.21894e-10','0','0','0','0','-3.85017e-08','3.18381e-08','-2.18442e-08','3.67926e-10','2.3983e-09','2.9461e-09','5.68625e-11','1.08576e-10','0','0','0','0','6.27106e-09','4.9536e-08','-3.9871e-08','1.22039e-10','4.08403e-11','5.68625e-11','3.19863e-06','3.54876e-12','0','0','0','0','-5.61026e-10','1.10298e-08','-1.63078e-09','1.18129e-10','2.21894e-10','1.08576e-10','3.54876e-12','6.96133e-06','0','0','0','0','0','0','0','0','0','0','0','0','0','0','0','0','0','0','0','0','0','0','0','0','0','0','0','0','0','0','0','0','0','0','0','0','0','0','0','0','0','0','0','0','0','0','0','0','0','0','0','0']

reports.append(Report(576749568, ("DT", -2, 1, 8), "MBwhAst1sec08"))
reports[-1].posNum = 63156
reports[-1].negNum = 0
reports[-1].fittype = "6DOF"
reports[-1].add_parameters(ValErr(0.029074, 0.00346518, 0), \
                           ValErr(0.0399853, 0.0291068, 0), \
                           ValErr(-0.0201515, 0.0236031, 0), \
                           ValErr(-0.000150691, 7.89962e-05, 0), \
                           ValErr(0.000337209, 8.57362e-05, 0), \
                           ValErr(-3.86351e-05, 5.59312e-05, 0), \
                           -153894, 63156, 63156, -nan)
reports[-1].sigmax = ValErr(0.670933, 0.00188781, 0)
reports[-1].sigmay = ValErr(0.997945, 0.00280792, 0)
reports[-1].sigmadxdz = ValErr(0, 0, 0)
reports[-1].sigmadydz = ValErr(0, 0, 0)
reports[-1].add_stats(0.0281331, 0.0251847, 0.000877095, -0.00136327, 0.0253538, 0.0195842, 0.000880317, -0.00107064, 0.0253538, 0.0195842, 0.000880317, -0.00107064, 0.02602, 0.0215778, 0.00087486, -0.00110228, 0.02602, 0.0215778, 0.00087486, -0.00110228, 0.67094, 0.998212, 0.00343478, 0.0335793, 0.67094, 0.998212, 0.00343478, 0.0335793)
reports[-1].CovMatrix = ['1.20075e-05','5.8337e-05','-4.78326e-05','8.26678e-08','-2.78466e-08','-4.63912e-08','5.11436e-09','1.79645e-09','0','0','0','0','5.8337e-05','0.000847203','-0.000680044','1.22947e-06','-2.22178e-07','-1.00408e-08','2.27209e-08','5.76909e-08','0','0','0','0','-4.78326e-05','-0.000680044','0.000557107','-9.44107e-07','1.74066e-07','1.36216e-08','-1.80324e-08','-3.85979e-08','0','0','0','0','8.26678e-08','1.22947e-06','-9.44107e-07','6.24039e-09','3.75943e-11','3.46926e-10','8.46873e-11','2.07264e-10','0','0','0','0','-2.78466e-08','-2.22178e-07','1.74066e-07','3.75943e-11','7.3507e-09','2.54851e-09','9.5093e-11','1.7297e-10','0','0','0','0','-4.63912e-08','-1.00408e-08','1.36216e-08','3.46926e-10','2.54851e-09','3.1283e-09','4.26492e-11','1.39258e-10','0','0','0','0','5.11436e-09','2.27209e-08','-1.80324e-08','8.46873e-11','9.5093e-11','4.26492e-11','3.56382e-06','5.39366e-12','0','0','0','0','1.79645e-09','5.76909e-08','-3.85979e-08','2.07264e-10','1.7297e-10','1.39258e-10','5.39366e-12','7.88439e-06','0','0','0','0','0','0','0','0','0','0','0','0','0','0','0','0','0','0','0','0','0','0','0','0','0','0','0','0','0','0','0','0','0','0','0','0','0','0','0','0','0','0','0','0','0','0','0','0','0','0','0','0']

reports.append(Report(577011712, ("DT", -2, 1, 9), "MBwhAst1sec09"))
reports[-1].posNum = 41052
reports[-1].negNum = 0
reports[-1].fittype = "6DOF"
reports[-1].add_parameters(ValErr(-0.0343643, 0.00415711, 0), \
                           ValErr(-0.0130468, 0.0350526, 0), \
                           ValErr(-0.0337228, 0.0284157, 0), \
                           ValErr(0.000210815, 9.52276e-05, 0), \
                           ValErr(4.26958e-06, 0.000101962, 0), \
                           ValErr(8.67519e-05, 6.74935e-05, 0), \
                           -99878, 41052, 41052, -nan)
reports[-1].sigmax = ValErr(0.671064, 0.00234198, 0)
reports[-1].sigmay = ValErr(0.993999, 0.00346901, 0)
reports[-1].sigmadxdz = ValErr(0, 0, 0)
reports[-1].sigmadydz = ValErr(0, 0, 0)
reports[-1].add_stats(-0.0355096, -0.0507762, 4.07006e-05, -0.00313617, -0.0360987, -0.0566086, 5.70308e-05, -0.00200664, -0.0360987, -0.0566086, 5.70308e-05, -0.00200664, -0.0346409, -0.0585503, 5.36809e-05, -0.00222789, -0.0346409, -0.0585503, 5.36809e-05, -0.00222789, 0.671082, 0.994042, 0.00343768, 0.0334614, 0.671082, 0.994042, 0.00343768, 0.0334614)
reports[-1].CovMatrix = ['1.72815e-05','8.06076e-05','-6.61236e-05','1.17564e-07','-1.90368e-08','-4.50118e-08','7.43958e-09','4.01057e-09','0','0','0','0','8.06076e-05','0.00122868','-0.000985594','1.81069e-06','-1.56677e-07','1.82011e-07','1.12125e-08','1.28013e-07','0','0','0','0','-6.61236e-05','-0.000985594','0.000807454','-1.40358e-06','9.6905e-08','-1.44458e-07','-6.98548e-09','-9.5052e-08','0','0','0','0','1.17564e-07','1.81069e-06','-1.40358e-06','9.0683e-09','-4.75372e-10','7.24446e-10','2.46051e-10','1.09884e-10','0','0','0','0','-1.90368e-08','-1.56677e-07','9.6905e-08','-4.75372e-10','1.03963e-08','3.63584e-09','1.54556e-10','2.17884e-10','0','0','0','0','-4.50118e-08','1.82011e-07','-1.44458e-07','7.24446e-10','3.63584e-09','4.55537e-09','1.43844e-11','3.04422e-10','0','0','0','0','7.43958e-09','1.12125e-08','-6.98548e-09','2.46051e-10','1.54556e-10','1.43844e-11','5.48488e-06','-1.62496e-12','0','0','0','0','4.01057e-09','1.28013e-07','-9.5052e-08','1.09884e-10','2.17884e-10','3.04422e-10','-1.62496e-12','1.2034e-05','0','0','0','0','0','0','0','0','0','0','0','0','0','0','0','0','0','0','0','0','0','0','0','0','0','0','0','0','0','0','0','0','0','0','0','0','0','0','0','0','0','0','0','0','0','0','0','0','0','0','0','0']

reports.append(Report(577273856, ("DT", -2, 1, 10), "MBwhAst1sec10"))
reports[-1].posNum = 45195
reports[-1].negNum = 0
reports[-1].fittype = "6DOF"
reports[-1].add_parameters(ValErr(0.0395826, 0.00391873, 0), \
                           ValErr(0.0902417, 0.0346583, 0), \
                           ValErr(0.00828925, 0.0281478, 0), \
                           ValErr(-0.000158254, 8.87272e-05, 0), \
                           ValErr(4.48433e-05, 9.81589e-05, 0), \
                           ValErr(0.000172554, 6.08838e-05, 0), \
                           -110071, 45195, 45195, -nan)
reports[-1].sigmax = ValErr(0.669785, 0.0022278, 0)
reports[-1].sigmay = ValErr(0.998386, 0.00332077, 0)
reports[-1].sigmadxdz = ValErr(0, 0, 0)
reports[-1].sigmadydz = ValErr(0, 0, 0)
reports[-1].add_stats(0.0415023, 0.102428, 5.92995e-05, -0.00181707, 0.0419249, 0.100644, 6.27411e-05, -0.000209577, 0.0419249, 0.100644, 6.27411e-05, -0.000209577, 0.0442887, 0.0997586, 4.55659e-05, -0.000170356, 0.0442887, 0.0997586, 4.55659e-05, -0.000170356, 0.66986, 0.998436, 0.00342376, 0.0331451, 0.66986, 0.998436, 0.00342376, 0.0331451)
reports[-1].CovMatrix = ['1.53565e-05','7.77508e-05','-6.38754e-05','1.15172e-07','3.62558e-09','-1.30821e-08','7.12715e-09','4.71182e-09','0','0','0','0','7.77508e-05','0.0012012','-0.000966387','1.75144e-06','-1.83209e-07','1.44747e-07','3.97422e-08','7.21643e-08','0','0','0','0','-6.38754e-05','-0.000966387','0.000792297','-1.40935e-06','1.16532e-07','-1.1745e-07','-3.10125e-08','-5.16802e-08','0','0','0','0','1.15172e-07','1.75144e-06','-1.40935e-06','7.87251e-09','-3.63687e-10','5.94644e-10','3.32912e-10','-1.01884e-10','0','0','0','0','3.62558e-09','-1.83209e-07','1.16532e-07','-3.63687e-10','9.63518e-09','2.97288e-09','1.78022e-11','3.79904e-10','0','0','0','0','-1.30821e-08','1.44747e-07','-1.1745e-07','5.94644e-10','2.97288e-09','3.70684e-09','1.19118e-10','1.0456e-10','0','0','0','0','7.12715e-09','3.97422e-08','-3.10125e-08','3.32912e-10','1.78022e-11','1.19118e-10','4.9631e-06','-7.06174e-12','0','0','0','0','4.71182e-09','7.21643e-08','-5.16802e-08','-1.01884e-10','3.79904e-10','1.0456e-10','-7.06174e-12','1.10275e-05','0','0','0','0','0','0','0','0','0','0','0','0','0','0','0','0','0','0','0','0','0','0','0','0','0','0','0','0','0','0','0','0','0','0','0','0','0','0','0','0','0','0','0','0','0','0','0','0','0','0','0','0']

reports.append(Report(577536000, ("DT", -2, 1, 11), "MBwhAst1sec11"))
reports[-1].posNum = 47045
reports[-1].negNum = 0
reports[-1].fittype = "6DOF"
reports[-1].add_parameters(ValErr(0.0530055, 0.00410987, 0), \
                           ValErr(0.0864423, 0.0347389, 0), \
                           ValErr(-0.0265634, 0.028166, 0), \
                           ValErr(0.000335454, 8.89753e-05, 0), \
                           ValErr(-0.000370275, 9.94072e-05, 0), \
                           ValErr(-3.56614e-05, 6.20294e-05, 0), \
                           -115296, 47045, 47045, -nan)
reports[-1].sigmax = ValErr(0.67574, 0.00220297, 0)
reports[-1].sigmay = ValErr(1.00484, 0.00327585, 0)
reports[-1].sigmadxdz = ValErr(0, 0, 0)
reports[-1].sigmadydz = ValErr(0, 0, 0)
reports[-1].add_stats(0.052199, 0.0606282, -0.000592112, -0.00272227, 0.0516309, 0.0528904, -0.000590486, -0.0023422, 0.0516309, 0.0528904, -0.000590486, -0.0023422, 0.0527085, 0.0505781, -0.000596205, -0.00257693, 0.0527085, 0.0505781, -0.000596205, -0.00257693, 0.675746, 1.00517, 0.00345531, 0.0340956, 0.675746, 1.00517, 0.00345531, 0.0340956)
reports[-1].CovMatrix = ['1.6891e-05','9.04864e-05','-7.39778e-05','1.3144e-07','-4.99339e-09','-1.8753e-08','1.16844e-08','-9.12114e-10','0','0','0','0','9.04864e-05','0.00120679','-0.000969639','1.729e-06','-2.76606e-07','3.79832e-08','9.36395e-08','-9.90657e-09','0','0','0','0','-7.39778e-05','-0.000969639','0.000793325','-1.38938e-06','2.37741e-07','-2.87981e-08','-7.55954e-08','1.75024e-08','0','0','0','0','1.3144e-07','1.729e-06','-1.38938e-06','7.9166e-09','-4.70552e-11','5.55958e-10','3.38943e-10','-9.74208e-11','0','0','0','0','-4.99339e-09','-2.76606e-07','2.37741e-07','-4.70552e-11','9.88179e-09','3.09417e-09','1.73559e-10','1.84781e-10','0','0','0','0','-1.8753e-08','3.79832e-08','-2.87981e-08','5.55958e-10','3.09417e-09','3.84764e-09','1.83686e-10','6.47567e-12','0','0','0','0','1.16844e-08','9.36395e-08','-7.55954e-08','3.38943e-10','1.73559e-10','1.83686e-10','4.85309e-06','-2.39672e-12','0','0','0','0','-9.12114e-10','-9.90657e-09','1.75024e-08','-9.74208e-11','1.84781e-10','6.47567e-12','-2.39672e-12','1.07312e-05','0','0','0','0','0','0','0','0','0','0','0','0','0','0','0','0','0','0','0','0','0','0','0','0','0','0','0','0','0','0','0','0','0','0','0','0','0','0','0','0','0','0','0','0','0','0','0','0','0','0','0','0']

reports.append(Report(577798144, ("DT", -2, 1, 12), "MBwhAst1sec12"))
reports[-1].posNum = 60692
reports[-1].negNum = 0
reports[-1].fittype = "6DOF"
reports[-1].add_parameters(ValErr(-0.00890357, 0.00359702, 0), \
                           ValErr(0.0937557, 0.030048, 0), \
                           ValErr(0.0305154, 0.0243837, 0), \
                           ValErr(-8.72116e-05, 8.02766e-05, 0), \
                           ValErr(0.000317586, 8.73869e-05, 0), \
                           ValErr(0.00030793, 5.69561e-05, 0), \
                           -148228, 60692, 60692, -nan)
reports[-1].sigmax = ValErr(0.675846, 0.00193985, 0)
reports[-1].sigmay = ValErr(0.996228, 0.00285943, 0)
reports[-1].sigmadxdz = ValErr(0, 0, 0)
reports[-1].sigmadydz = ValErr(0, 0, 0)
reports[-1].add_stats(0.00178312, 0.133191, 0.000758567, -0.00323387, -0.00171278, 0.131711, 0.000742357, -0.00144479, -0.00171278, 0.131711, 0.000742357, -0.00144479, 0.00048987, 0.131493, 0.000736716, -0.00152549, 0.00048987, 0.131493, 0.000736716, -0.00152549, 0.676024, 0.996232, 0.00345939, 0.0319733, 0.676024, 0.996232, 0.00345939, 0.0319733)
reports[-1].CovMatrix = ['1.29386e-05','6.34204e-05','-5.19893e-05','9.07594e-08','-2.82152e-08','-4.68601e-08','7.99954e-09','-1.36477e-09','0','0','0','0','6.34204e-05','0.000902884','-0.000725428','1.32197e-06','-1.91339e-07','3.57817e-08','4.82987e-08','3.17562e-08','0','0','0','0','-5.19893e-05','-0.000725428','0.000594563','-1.01659e-06','1.50521e-07','-2.42393e-08','-4.19534e-08','-1.24007e-08','0','0','0','0','9.07594e-08','1.32197e-06','-1.01659e-06','6.44432e-09','-1.14153e-10','4.06819e-10','-8.01745e-11','4.69013e-10','0','0','0','0','-2.82152e-08','-1.91339e-07','1.50521e-07','-1.14153e-10','7.63648e-09','2.63243e-09','1.37649e-10','1.19456e-10','0','0','0','0','-4.68601e-08','3.57817e-08','-2.42393e-08','4.06819e-10','2.63243e-09','3.244e-09','9.37433e-12','1.99555e-10','0','0','0','0','7.99954e-09','4.82987e-08','-4.19534e-08','-8.01745e-11','1.37649e-10','9.37433e-12','3.76301e-06','-1.32194e-11','0','0','0','0','-1.36477e-09','3.17562e-08','-1.24007e-08','4.69013e-10','1.19456e-10','1.99555e-10','-1.32194e-11','8.17634e-06','0','0','0','0','0','0','0','0','0','0','0','0','0','0','0','0','0','0','0','0','0','0','0','0','0','0','0','0','0','0','0','0','0','0','0','0','0','0','0','0','0','0','0','0','0','0','0','0','0','0','0','0']

reports.append(Report(579108864, ("DT", -2, 2, 1), "MBwhAst2sec01"))
reports[-1].posNum = 81254
reports[-1].negNum = 0
reports[-1].fittype = "6DOF"
reports[-1].add_parameters(ValErr(-0.0984669, 0.00336434, 0), \
                           ValErr(0.0777923, 0.0266111, 0), \
                           ValErr(0.000785688, 0.0255281, 0), \
                           ValErr(4.25114e-05, 9.67742e-05, 0), \
                           ValErr(0.000237987, 9.22717e-05, 0), \
                           ValErr(-0.00010444, 6.4961e-05, 0), \
                           -237144, 81254, 81254, -nan)
reports[-1].sigmax = ValErr(0.891732, 0.00221206, 0)
reports[-1].sigmay = ValErr(1.21563, 0.00301555, 0)
reports[-1].sigmadxdz = ValErr(0, 0, 0)
reports[-1].sigmadydz = ValErr(0, 0, 0)
reports[-1].add_stats(-0.10241, 0.0820626, 0.000199172, 0.000144962, -0.101359, 0.0784553, 0.000211383, -0.000702361, -0.101359, 0.0784553, 0.000211383, -0.000702361, -0.100958, 0.079276, 0.00021537, -0.000714956, -0.100958, 0.079276, 0.00021537, -0.000714956, 0.891749, 1.21581, 0.00372443, 0.0261221, 0.891749, 1.21581, 0.00372443, 0.0261221)
reports[-1].CovMatrix = ['1.13188e-05','-2.89162e-05','2.80791e-05','-5.0358e-08','9.63738e-09','-2.02442e-08','7.24952e-09','-2.89295e-09','0','0','0','0','-2.89162e-05','0.00070815','-0.00067037','1.20217e-06','1.34468e-07','3.45792e-08','-4.34399e-08','8.6538e-08','0','0','0','0','2.80791e-05','-0.00067037','0.000651682','-1.1177e-06','-1.34601e-07','-3.56009e-08','4.16525e-08','-7.14883e-08','0','0','0','0','-5.0358e-08','1.20217e-06','-1.1177e-06','9.36524e-09','-4.57131e-11','-2.51611e-10','-1.56506e-10','4.60288e-10','0','0','0','0','9.63738e-09','1.34468e-07','-1.34601e-07','-4.57131e-11','8.51406e-09','4.02667e-09','4.95554e-11','4.6687e-10','0','0','0','0','-2.02442e-08','3.45792e-08','-3.56009e-08','-2.51611e-10','4.02667e-09','4.21993e-09','6.62164e-11','2.58595e-10','0','0','0','0','7.24952e-09','-4.34399e-08','4.16525e-08','-1.56506e-10','4.95554e-11','6.62164e-11','4.89321e-06','-4.58425e-12','0','0','0','0','-2.89295e-09','8.6538e-08','-7.14883e-08','4.60288e-10','4.6687e-10','2.58595e-10','-4.58425e-12','9.09353e-06','0','0','0','0','0','0','0','0','0','0','0','0','0','0','0','0','0','0','0','0','0','0','0','0','0','0','0','0','0','0','0','0','0','0','0','0','0','0','0','0','0','0','0','0','0','0','0','0','0','0','0','0']

reports.append(Report(579371008, ("DT", -2, 2, 2), "MBwhAst2sec02"))
reports[-1].posNum = 74812
reports[-1].negNum = 0
reports[-1].fittype = "6DOF"
reports[-1].add_parameters(ValErr(0.0494538, 0.00357145, 0), \
                           ValErr(-0.0129489, 0.0275366, 0), \
                           ValErr(-0.0790533, 0.0263972, 0), \
                           ValErr(0.00013903, 0.000103456, 0), \
                           ValErr(2.18134e-05, 9.66061e-05, 0), \
                           ValErr(-5.43136e-06, 6.93284e-05, 0), \
                           -218270, 74812, 74812, -nan)
reports[-1].sigmax = ValErr(0.889937, 0.00230069, 0)
reports[-1].sigmay = ValErr(1.2169, 0.00314597, 0)
reports[-1].sigmadxdz = ValErr(0, 0, 0)
reports[-1].sigmadydz = ValErr(0, 0, 0)
reports[-1].add_stats(0.0529432, -0.0896732, 9.13515e-05, -0.000429633, 0.0532072, -0.0942789, 7.46574e-05, -0.00126993, 0.0532072, -0.0942789, 7.46574e-05, -0.00126993, 0.0534303, -0.0918024, 7.73548e-05, -0.00131874, 0.0534303, -0.0918024, 7.73548e-05, -0.00131874, 0.889986, 1.21691, 0.00369342, 0.0257488, 0.889986, 1.21691, 0.00369342, 0.0257488)
reports[-1].CovMatrix = ['1.27552e-05','-3.61322e-05','3.49414e-05','-6.25348e-08','7.84437e-10','-3.21915e-08','3.86138e-09','1.54905e-09','0','0','0','0','-3.61322e-05','0.000758264','-0.000716981','1.28967e-06','2.20469e-07','1.30941e-07','2.12927e-08','3.6125e-09','0','0','0','0','3.49414e-05','-0.000716981','0.000696813','-1.18012e-06','-2.41127e-07','-1.31452e-07','-2.11893e-08','9.63973e-09','0','0','0','0','-6.25348e-08','1.28967e-06','-1.18012e-06','1.07031e-08','-3.88097e-10','-2.32545e-10','-5.09331e-11','3.39291e-10','0','0','0','0','7.84437e-10','2.20469e-07','-2.41127e-07','-3.88097e-10','9.33273e-09','4.57837e-09','1.08144e-10','4.19671e-10','0','0','0','0','-3.21915e-08','1.30941e-07','-1.31452e-07','-2.32545e-10','4.57837e-09','4.80642e-09','1.72323e-10','1.56131e-10','0','0','0','0','3.86138e-09','2.12927e-08','-2.11893e-08','-5.09331e-11','1.08144e-10','1.72323e-10','5.29319e-06','-1.37557e-12','0','0','0','0','1.54905e-09','3.6125e-09','9.63973e-09','3.39291e-10','4.19671e-10','1.56131e-10','-1.37557e-12','9.89714e-06','0','0','0','0','0','0','0','0','0','0','0','0','0','0','0','0','0','0','0','0','0','0','0','0','0','0','0','0','0','0','0','0','0','0','0','0','0','0','0','0','0','0','0','0','0','0','0','0','0','0','0','0']

reports.append(Report(579633152, ("DT", -2, 2, 3), "MBwhAst2sec03"))
reports[-1].posNum = 66161
reports[-1].negNum = 0
reports[-1].fittype = "6DOF"
reports[-1].add_parameters(ValErr(-0.064996, 0.00374526, 0), \
                           ValErr(-0.152272, 0.0293586, 0), \
                           ValErr(0.0369615, 0.0281474, 0), \
                           ValErr(-1.82025e-05, 0.000109093, 0), \
                           ValErr(5.67119e-05, 0.000104667, 0), \
                           ValErr(-9.06295e-05, 7.38946e-05, 0), \
                           -191972, 66161, 66161, -nan)
reports[-1].sigmax = ValErr(0.887632, 0.00244016, 0)
reports[-1].sigmay = ValErr(1.2007, 0.00330082, 0)
reports[-1].sigmadxdz = ValErr(0, 0, 0)
reports[-1].sigmadydz = ValErr(0, 0, 0)
reports[-1].add_stats(-0.0653491, -0.113495, 0.000257383, -4.96239e-06, -0.0683839, -0.114941, 0.000264083, -0.000802115, -0.0683839, -0.114941, 0.000264083, -0.000802115, -0.0672778, -0.114749, 0.000256793, -0.000834329, -0.0672778, -0.114749, 0.000256793, -0.000834329, 0.887649, 1.20074, 0.00372083, 0.0254186, 0.887649, 1.20074, 0.00372083, 0.0254186)
reports[-1].CovMatrix = ['1.4027e-05','-3.31388e-05','3.22176e-05','-5.68494e-08','-1.72623e-08','-5.47122e-08','9.46063e-09','-6.78776e-09','0','0','0','0','-3.31388e-05','0.000861927','-0.000815125','1.49198e-06','1.58385e-07','2.65966e-08','-3.34359e-08','8.40391e-08','0','0','0','0','3.22176e-05','-0.000815125','0.000792278','-1.33324e-06','-1.49333e-07','-2.95384e-08','3.165e-08','-6.39718e-08','0','0','0','0','-5.68494e-08','1.49198e-06','-1.33324e-06','1.19014e-08','1.29879e-10','-2.67637e-10','-1.24149e-10','5.2888e-10','0','0','0','0','-1.72623e-08','1.58385e-07','-1.49333e-07','1.29879e-10','1.09551e-08','5.26758e-09','-9.4917e-11','7.94968e-10','0','0','0','0','-5.47122e-08','2.65966e-08','-2.95384e-08','-2.67637e-10','5.26758e-09','5.46042e-09','-1.04721e-10','5.65391e-10','0','0','0','0','9.46063e-09','-3.34359e-08','3.165e-08','-1.24149e-10','-9.4917e-11','-1.04721e-10','5.95438e-06','-1.63678e-11','0','0','0','0','-6.78776e-09','8.40391e-08','-6.39718e-08','5.2888e-10','7.94968e-10','5.65391e-10','-1.63678e-11','1.08954e-05','0','0','0','0','0','0','0','0','0','0','0','0','0','0','0','0','0','0','0','0','0','0','0','0','0','0','0','0','0','0','0','0','0','0','0','0','0','0','0','0','0','0','0','0','0','0','0','0','0','0','0','0']

reports.append(Report(579895296, ("DT", -2, 2, 4), "MBwhAst2sec04"))
reports[-1].posNum = 78994
reports[-1].negNum = 0
reports[-1].fittype = "6DOF"
reports[-1].add_parameters(ValErr(0.00813862, 0.0033922, 0), \
                           ValErr(-0.0279015, 0.0270991, 0), \
                           ValErr(0.0595137, 0.0259669, 0), \
                           ValErr(-2.44569e-05, 0.000100585, 0), \
                           ValErr(4.74481e-05, 9.48088e-05, 0), \
                           ValErr(-1.85706e-05, 6.72963e-05, 0), \
                           -230643, 78994, 78994, -nan)
reports[-1].sigmax = ValErr(0.890157, 0.00223804, 0)
reports[-1].sigmay = ValErr(1.21925, 0.00306531, 0)
reports[-1].sigmadxdz = ValErr(0, 0, 0)
reports[-1].sigmadydz = ValErr(0, 0, 0)
reports[-1].add_stats(0.0046874, 0.0339554, 8.99823e-05, -0.000695172, 0.00512695, 0.0328125, 9.50524e-05, -0.00122042, 0.00512695, 0.0328125, 9.50524e-05, -0.00122042, 0.00285269, 0.0355829, 0.000102452, -0.00128781, 0.00285269, 0.0355829, 0.000102452, -0.00128781, 0.890188, 1.21926, 0.00371306, 0.0253996, 0.890188, 1.21926, 0.00371306, 0.0253996)
