nan = None;  NAN = None
nan = 0
reports = []
class ValErr:
    def __init__(self, value, error, antisym):
        self.value, self.error, self.antisym = value, error, antisym

    def __repr__(self):
        if self.antisym == 0.:
            return "%g +- %g" % (self.value, self.error)
        else:
            return "%g +- %g ~ %g" % (self.value, self.error, self.antisym)

class Report:
    def __init__(self, chamberId, postal_address, name):
        self.chamberId, self.postal_address, self.name = chamberId, postal_address, name
        self.status = "NOFIT"
        self.fittype = None
        self.CovMatrix = None

    def add_parameters(self, deltax, deltay, deltaz, deltaphix, deltaphiy, deltaphiz, loglikelihood, numsegments, sumofweights, redchi2):
        self.status = "PASS"
        self.deltax, self.deltay, self.deltaz, self.deltaphix, self.deltaphiy, self.deltaphiz = deltax, deltay, deltaz, deltaphix, deltaphiy, deltaphiz
        self.loglikelihood, self.numsegments, self.sumofweights, self.redchi2 = loglikelihood, numsegments, sumofweights, redchi2

    def add_stats(self, median_x, median_y, median_dxdz, median_dydz, mean30_x, mean30_y, mean20_dxdz, mean50_dydz, mean15_x, mean15_y, mean10_dxdz, mean25_dydz, wmean30_x, wmean30_y, wmean20_dxdz, wmean50_dydz, wmean15_x, wmean15_y, wmean10_dxdz, wmean25_dydz, stdev30_x, stdev30_y, stdev20_dxdz, stdev50_dydz, stdev15_x, stdev15_y, stdev10_dxdz, stdev25_dydz):
        self.median_x, self.median_y, self.median_dxdz, self.median_dydz, self.mean30_x, self.mean30_y, self.mean20_dxdz, self.mean50_dydz, self.mean15_x, self.mean15_y, self.mean10_dxdz, self.mean25_dydz, self.wmean30_x, self.wmean30_y, self.wmean20_dxdz, self.wmean50_dydz, self.wmean15_x, self.wmean15_y, self.wmean10_dxdz, self.wmean25_dydz, self.stdev30_x, self.stdev30_y, self.stdev20_dxdz, self.stdev50_dydz, self.stdev15_x, self.stdev15_y, self.stdev10_dxdz, self.stdev25_dydz = median_x, median_y, median_dxdz, median_dydz, mean30_x, mean30_y, mean20_dxdz, mean50_dydz, mean15_x, mean15_y, mean10_dxdz, mean25_dydz, wmean30_x, wmean30_y, wmean20_dxdz, wmean50_dydz, wmean15_x, wmean15_y, wmean10_dxdz, wmean25_dydz, stdev30_x, stdev30_y, stdev20_dxdz, stdev50_dydz, stdev15_x, stdev15_y, stdev10_dxdz, stdev25_dydz

    def __repr__(self):
        return "<Report %s %s %s>" % (self.postal_address[0], " ".join(map(str, self.postal_address[1:])), self.status)

reports.append(Report(574914560, ("DT", -2, 1, 1), "MBwhAst1sec01"))
reports[-1].posNum = 65969
reports[-1].negNum = 0
reports[-1].fittype = "6DOF"
reports[-1].add_parameters(ValErr(0.00181984, 0.0033765, 0), \
                           ValErr(0.0277821, 0.029035, 0), \
                           ValErr(-0.0305291, 0.0234007, 0), \
                           ValErr(0.00023467, 7.67901e-05, 0), \
                           ValErr(-0.000349132, 8.29863e-05, 0), \
                           ValErr(-0.000132047, 5.35576e-05, 0), \
                           -164663, 65969, 65969, -nan)
reports[-1].sigmax = ValErr(0.687168, 0.00189182, 0)
reports[-1].sigmay = ValErr(1.03393, 0.00284649, 0)
reports[-1].sigmadxdz = ValErr(0, 0, 0)
reports[-1].sigmadydz = ValErr(0, 0, 0)
reports[-1].add_stats(0.00242615, -0.00970217, 8.09366e-05, -0.00768407, -0.00141591, -0.0130816, 0.000101259, -0.00392497, -0.00141591, -0.0130816, 0.000101259, -0.00392497, 0.0017823, -0.0142541, 6.23062e-05, -0.00432435, 0.0017823, -0.0142541, 6.23062e-05, -0.00432435, 0.687226, 1.03406, 0.00351716, 0.0445634, 0.687226, 1.03406, 0.00351716, 0.0445634)
reports[-1].CovMatrix = ['1.14007e-05','5.55857e-05','-4.53299e-05','8.00965e-08','-1.34485e-08','-3.01068e-08','7.16505e-09','-6.44242e-10','0','0','0','0','5.55857e-05','0.000843028','-0.000672549','1.22105e-06','-1.75113e-07','4.41617e-08','4.05782e-08','3.25402e-08','0','0','0','0','-4.53299e-05','-0.000672549','0.000547594','-9.49696e-07','1.24869e-07','-3.26532e-08','-3.28799e-08','-1.81173e-08','0','0','0','0','8.00965e-08','1.22105e-06','-9.49696e-07','5.89672e-09','-1.33781e-10','3.68362e-10','1.70114e-10','5.74072e-11','0','0','0','0','-1.34485e-08','-1.75113e-07','1.24869e-07','-1.33781e-10','6.88672e-09','2.28769e-09','3.25508e-10','-1.88189e-10','0','0','0','0','-3.01068e-08','4.41617e-08','-3.26532e-08','3.68362e-10','2.28769e-09','2.86842e-09','7.7803e-11','8.73657e-11','0','0','0','0','7.16505e-09','4.05782e-08','-3.28799e-08','1.70114e-10','3.25508e-10','7.7803e-11','3.57897e-06','-1.01344e-11','0','0','0','0','-6.44242e-10','3.25402e-08','-1.81173e-08','5.74072e-11','-1.88189e-10','8.73657e-11','-1.01344e-11','8.10249e-06','0','0','0','0','0','0','0','0','0','0','0','0','0','0','0','0','0','0','0','0','0','0','0','0','0','0','0','0','0','0','0','0','0','0','0','0','0','0','0','0','0','0','0','0','0','0','0','0','0','0','0','0']

reports.append(Report(575176704, ("DT", -2, 1, 2), "MBwhAst1sec02"))
reports[-1].posNum = 41561
reports[-1].negNum = 0
reports[-1].fittype = "6DOF"
reports[-1].add_parameters(ValErr(0.0260729, 0.0045706, 0), \
                           ValErr(0.0135309, 0.0362936, 0), \
                           ValErr(-0.00603662, 0.0293199, 0), \
                           ValErr(0.00055936, 9.62889e-05, 0), \
                           ValErr(-0.000478387, 0.000109495, 0), \
                           ValErr(-0.000193943, 6.90861e-05, 0), \
                           -102781, 41561, 41561, -nan)
reports[-1].sigmax = ValErr(0.688068, 0.00238656, 0)
reports[-1].sigmay = ValErr(1.00905, 0.00349989, 0)
reports[-1].sigmadxdz = ValErr(0, 0, 0)
reports[-1].sigmadydz = ValErr(0, 0, 0)
reports[-1].add_stats(0.021638, -0.013467, -0.00105477, -0.00420292, 0.0212466, -0.00810371, -0.00103997, -0.000562958, 0.0212466, -0.00810371, -0.00103997, -0.000562958, 0.0223675, -0.0113695, -0.00106252, -0.00115109, 0.0223675, -0.0113695, -0.00106252, -0.00115109, 0.688156, 1.00971, 0.00351255, 0.0430185, 0.688156, 1.00971, 0.00351255, 0.0430185)
reports[-1].CovMatrix = ['2.08904e-05','9.43469e-05','-7.70079e-05','1.32894e-07','-7.09527e-08','-1.02043e-07','8.46528e-09','2.58441e-09','0','0','0','0','9.43469e-05','0.00131723','-0.00105235','1.94887e-06','-3.06958e-07','7.44799e-08','6.69815e-08','6.79198e-08','0','0','0','0','-7.70079e-05','-0.00105235','0.000859655','-1.4489e-06','2.44613e-07','-5.0868e-08','-4.80143e-08','-4.70585e-08','0','0','0','0','1.32894e-07','1.94887e-06','-1.4489e-06','9.27155e-09','-5.29814e-10','5.89962e-10','4.02768e-10','-3.15638e-11','0','0','0','0','-7.09527e-08','-3.06958e-07','2.44613e-07','-5.29814e-10','1.19891e-08','3.92909e-09','1.49748e-10','2.47494e-10','0','0','0','0','-1.02043e-07','7.44799e-08','-5.0868e-08','5.89962e-10','3.92909e-09','4.7729e-09','1.38412e-10','9.99848e-11','0','0','0','0','8.46528e-09','6.69815e-08','-4.80143e-08','4.02768e-10','1.49748e-10','1.38412e-10','5.69569e-06','1.39246e-12','0','0','0','0','2.58441e-09','6.79198e-08','-4.70585e-08','-3.15638e-11','2.47494e-10','9.99848e-11','1.39246e-12','1.22493e-05','0','0','0','0','0','0','0','0','0','0','0','0','0','0','0','0','0','0','0','0','0','0','0','0','0','0','0','0','0','0','0','0','0','0','0','0','0','0','0','0','0','0','0','0','0','0','0','0','0','0','0','0']

reports.append(Report(575438848, ("DT", -2, 1, 3), "MBwhAst1sec03"))
reports[-1].posNum = 32522
reports[-1].negNum = 0
reports[-1].fittype = "6DOF"
reports[-1].add_parameters(ValErr(-0.000589587, 0.00594866, 0), \
                           ValErr(-0.113659, 0.0416406, 0), \
                           ValErr(0.0972011, 0.0338052, 0), \
                           ValErr(0.000227584, 0.000107532, 0), \
                           ValErr(-0.000256355, 0.000119383, 0), \
                           ValErr(-7.17379e-05, 7.68445e-05, 0), \
                           -80302.8, 32522, 32522, -nan)
reports[-1].sigmax = ValErr(0.68743, 0.00269542, 0)
reports[-1].sigmay = ValErr(1.00612, 0.00394501, 0)
reports[-1].sigmadxdz = ValErr(0, 0, 0)
reports[-1].sigmadydz = ValErr(0, 0, 0)
reports[-1].add_stats(0.012744, -0.00319409, 0.00092507, -0.00107669, 0.0102608, -0.00134639, 0.000939617, 0.00178321, 0.0102608, -0.00134639, 0.000939617, 0.00178321, 0.0115346, 0.00139552, 0.000903331, 0.00161581, 0.0115346, 0.00139552, 0.000903331, 0.00161581, 0.687563, 1.00647, 0.00350551, 0.0414759, 0.687563, 1.00647, 0.00350551, 0.0414759)
reports[-1].CovMatrix = ['3.53865e-05','0.000174822','-0.000142466','2.41613e-07','-9.25664e-08','-1.26226e-07','1.78604e-08','2.48857e-09','0','0','0','0','0.000174822','0.00173394','-0.0013914','2.52273e-06','-3.91624e-07','-5.38037e-09','6.37018e-08','1.50666e-07','0','0','0','0','-0.000142466','-0.0013914','0.00114279','-1.88998e-06','4.84861e-07','2.353e-08','-4.86191e-08','-9.77788e-08','0','0','0','0','2.41613e-07','2.52273e-06','-1.88998e-06','1.15631e-08','3.26428e-10','1.0094e-09','-1.30649e-10','9.90873e-10','0','0','0','0','-9.25664e-08','-3.91624e-07','4.84861e-07','3.26428e-10','1.42523e-08','4.75723e-09','5.37871e-10','-4.59775e-11','0','0','0','0','-1.26226e-07','-5.38037e-09','2.353e-08','1.0094e-09','4.75723e-09','5.90507e-09','-3.76149e-11','4.59349e-10','0','0','0','0','1.78604e-08','6.37018e-08','-4.86191e-08','-1.30649e-10','5.37871e-10','-3.76149e-11','7.26529e-06','-4.06006e-11','0','0','0','0','2.48857e-09','1.50666e-07','-9.77788e-08','9.90873e-10','-4.59775e-11','4.59349e-10','-4.06006e-11','1.55631e-05','0','0','0','0','0','0','0','0','0','0','0','0','0','0','0','0','0','0','0','0','0','0','0','0','0','0','0','0','0','0','0','0','0','0','0','0','0','0','0','0','0','0','0','0','0','0','0','0','0','0','0','0']

reports.append(Report(575700992, ("DT", -2, 1, 4), "MBwhAst1sec04"))
reports[-1].posNum = 64477
reports[-1].negNum = 0
reports[-1].fittype = "6DOF"
reports[-1].add_parameters(ValErr(0.0247177, 0.00346011, 0), \
                           ValErr(0.010145, 0.029879, 0), \
                           ValErr(0.00913807, 0.0240069, 0), \
                           ValErr(0.000780322, 7.6612e-05, 0), \
                           ValErr(-8.9104e-05, 8.49384e-05, 0), \
                           ValErr(-0.000177752, 5.32651e-05, 0), \
                           -160561, 64477, 64477, -nan)
reports[-1].sigmax = ValErr(0.686288, 0.00191113, 0)
reports[-1].sigmay = ValErr(1.0292, 0.00286604, 0)
reports[-1].sigmadxdz = ValErr(0, 0, 0)
reports[-1].sigmadydz = ValErr(0, 0, 0)
reports[-1].add_stats(0.0225209, 0.0132713, -0.000507756, -0.00621975, 0.0222487, 0.0122377, -0.000501616, -0.0019193, 0.0222487, 0.0122377, -0.000501616, -0.0019193, 0.0243696, 0.00625255, -0.000519549, -0.00232463, 0.0243696, 0.00625255, -0.000519549, -0.00232463, 0.686396, 1.03043, 0.00350862, 0.0461635, 0.686396, 1.03043, 0.00350862, 0.0461635)
reports[-1].CovMatrix = ['1.19724e-05','6.06746e-05','-4.92882e-05','8.68559e-08','-1.34858e-08','-2.85265e-08','8.42181e-09','-1.72194e-09','0','0','0','0','6.06746e-05','0.000892755','-0.000710401','1.28206e-06','-1.95033e-07','4.03239e-08','5.53919e-08','1.61395e-08','0','0','0','0','-4.92882e-05','-0.000710401','0.000576333','-1.00017e-06','1.42337e-07','-2.95893e-08','-4.51584e-08','-4.19299e-09','0','0','0','0','8.68559e-08','1.28206e-06','-1.00017e-06','5.8694e-09','-1.20358e-10','3.71559e-10','1.63231e-10','7.26519e-11','0','0','0','0','-1.34858e-08','-1.95033e-07','1.42337e-07','-1.20358e-10','7.21454e-09','2.2762e-09','3.81063e-10','-2.63948e-10','0','0','0','0','-2.85265e-08','4.03239e-08','-2.95893e-08','3.71559e-10','2.2762e-09','2.83717e-09','8.98595e-11','6.76809e-11','0','0','0','0','8.42181e-09','5.53919e-08','-4.51584e-08','1.63231e-10','3.81063e-10','8.98595e-11','3.65242e-06','-1.56884e-11','0','0','0','0','-1.72194e-09','1.61395e-08','-4.19299e-09','7.26519e-11','-2.63948e-10','6.76809e-11','-1.56884e-11','8.21422e-06','0','0','0','0','0','0','0','0','0','0','0','0','0','0','0','0','0','0','0','0','0','0','0','0','0','0','0','0','0','0','0','0','0','0','0','0','0','0','0','0','0','0','0','0','0','0','0','0','0','0','0','0']

reports.append(Report(575963136, ("DT", -2, 1, 5), "MBwhAst1sec05"))
reports[-1].posNum = 56447
reports[-1].negNum = 0
reports[-1].fittype = "6DOF"
reports[-1].add_parameters(ValErr(-0.00843722, 0.0040541, 0), \
                           ValErr(-0.0681999, 0.0323874, 0), \
                           ValErr(0.0819015, 0.0261143, 0), \
                           ValErr(0.000369072, 8.29699e-05, 0), \
                           ValErr(0.000301514, 9.43806e-05, 0), \
                           ValErr(9.62861e-05, 5.8111e-05, 0), \
                           -140340, 56447, 56447, -nan)
reports[-1].sigmax = ValErr(0.687418, 0.00204591, 0)
reports[-1].sigmay = ValErr(1.02344, 0.00304597, 0)
reports[-1].sigmadxdz = ValErr(0, 0, 0)
reports[-1].sigmadydz = ValErr(0, 0, 0)
reports[-1].add_stats(-0.00263407, 0.0182371, 0.000766021, -0.00638834, -0.000423579, 0.02337, 0.0007572, -0.00135597, -0.000423579, 0.02337, 0.0007572, -0.00135597, -0.00151761, 0.0209158, 0.00073577, -0.00182894, -0.00151761, 0.0209158, 0.00073577, -0.00182894, 0.68745, 1.02397, 0.00352214, 0.0463955, 0.68745, 1.02397, 0.00352214, 0.0463955)
reports[-1].CovMatrix = ['1.64357e-05','8.61458e-05','-7.00333e-05','1.19155e-07','-4.36572e-08','-6.17104e-08','7.06259e-09','2.73767e-09','0','0','0','0','8.61458e-05','0.00104894','-0.000837646','1.48123e-06','-3.96278e-07','-1.46631e-07','3.41485e-08','6.30976e-08','0','0','0','0','-7.00333e-05','-0.000837646','0.000681959','-1.13681e-06','3.54689e-07','1.27071e-07','-2.64091e-08','-4.07435e-08','0','0','0','0','1.19155e-07','1.48123e-06','-1.13681e-06','6.88401e-09','4.49551e-10','2.78877e-10','1.12148e-10','2.4327e-10','0','0','0','0','-4.36572e-08','-3.96278e-07','3.54689e-07','4.49551e-10','8.9077e-09','2.77641e-09','2.18493e-10','7.53371e-11','0','0','0','0','-6.17104e-08','-1.46631e-07','1.27071e-07','2.78877e-10','2.77641e-09','3.37689e-09','7.05995e-11','1.0755e-10','0','0','0','0','7.06259e-09','3.41485e-08','-2.64091e-08','1.12148e-10','2.18493e-10','7.05995e-11','4.18574e-06','5.57141e-12','0','0','0','0','2.73767e-09','6.30976e-08','-4.07435e-08','2.4327e-10','7.53371e-11','1.0755e-10','5.57141e-12','9.27793e-06','0','0','0','0','0','0','0','0','0','0','0','0','0','0','0','0','0','0','0','0','0','0','0','0','0','0','0','0','0','0','0','0','0','0','0','0','0','0','0','0','0','0','0','0','0','0','0','0','0','0','0','0']

reports.append(Report(576225280, ("DT", -2, 1, 6), "MBwhAst1sec06"))
reports[-1].posNum = 46490
reports[-1].negNum = 0
reports[-1].fittype = "6DOF"
reports[-1].add_parameters(ValErr(0.0435465, 0.00479958, 0), \
                           ValErr(0.223702, 0.0345682, 0), \
                           ValErr(-0.17593, 0.0280404, 0), \
                           ValErr(0.000325563, 9.61978e-05, 0), \
                           ValErr(-9.14589e-05, 0.000102631, 0), \
                           ValErr(-0.000120283, 6.97922e-05, 0), \
                           -115570, 46490, 46490, -nan)
reports[-1].sigmax = ValErr(0.694844, 0.00227873, 0)
reports[-1].sigmay = ValErr(1.01218, 0.003317, 0)
reports[-1].sigmadxdz = ValErr(0, 0, 0)
reports[-1].sigmadydz = ValErr(0, 0, 0)
reports[-1].add_stats(0.0207631, 0.00977809, 0.00013547, -0.00649244, 0.0213966, 0.00773588, 0.000124693, -0.0013476, 0.0213966, 0.00773588, 0.000124693, -0.0013476, 0.02279, 0.00747827, 0.000101588, -0.0019146, 0.02279, 0.00747827, 0.000101588, -0.0019146, 0.695161, 1.01218, 0.00351785, 0.043534, 0.695161, 1.01218, 0.00351785, 0.043534)
reports[-1].CovMatrix = ['2.3036e-05','0.000106573','-8.71772e-05','1.46027e-07','-9.51815e-08','-1.28245e-07','-5.42547e-08','5.88799e-08','0','0','0','0','0.000106573','0.00119496','-0.000957886','1.7604e-06','-3.94798e-07','-1.28351e-07','-5.86996e-07','2.52371e-07','0','0','0','0','-8.71772e-05','-0.000957886','0.000786265','-1.27521e-06','3.77881e-07','1.21631e-07','4.50957e-07','-2.766e-07','0','0','0','0','1.46027e-07','1.7604e-06','-1.27521e-06','9.25402e-09','2.80729e-10','4.75215e-10','-7.24512e-10','6.12259e-10','0','0','0','0','-9.51815e-08','-3.94798e-07','3.77881e-07','2.80729e-10','1.0533e-08','3.97837e-09','5.83775e-10','-6.7463e-11','0','0','0','0','-1.28245e-07','-1.28351e-07','1.21631e-07','4.75215e-10','3.97837e-09','4.87095e-09','1.66361e-10','1.33261e-10','0','0','0','0','-5.42547e-08','-5.86996e-07','4.50957e-07','-7.24512e-10','5.83775e-10','1.66361e-10','5.19261e-06','-2.71844e-08','0','0','0','0','5.88799e-08','2.52371e-07','-2.766e-07','6.12259e-10','-6.7463e-11','1.33261e-10','-2.71844e-08','1.10025e-05','0','0','0','0','0','0','0','0','0','0','0','0','0','0','0','0','0','0','0','0','0','0','0','0','0','0','0','0','0','0','0','0','0','0','0','0','0','0','0','0','0','0','0','0','0','0','0','0','0','0','0','0']

reports.append(Report(576487424, ("DT", -2, 1, 7), "MBwhAst1sec07"))
reports[-1].posNum = 75175
reports[-1].negNum = 0
reports[-1].fittype = "6DOF"
reports[-1].add_parameters(ValErr(0.00405178, 0.00329386, 0), \
                           ValErr(0.0890155, 0.0282044, 0), \
                           ValErr(-0.0605563, 0.0227723, 0), \
                           ValErr(0.000122472, 7.45252e-05, 0), \
                           ValErr(-0.00132761, 8.1727e-05, 0), \
                           ValErr(-0.000503662, 5.20168e-05, 0), \
                           -188617, 75175, 75175, -nan)
reports[-1].sigmax = ValErr(0.694014, 0.00178985, 0)
reports[-1].sigmay = ValErr(1.03709, 0.00267464, 0)
reports[-1].sigmadxdz = ValErr(0, 0, 0)
reports[-1].sigmadydz = ValErr(0, 0, 0)
reports[-1].add_stats(-0.0072953, 0.0125435, -0.00319377, -0.00280279, -0.00379766, 0.010958, -0.00319224, 0.00141533, -0.00379766, 0.010958, -0.00319224, 0.00141533, -0.00215831, 0.00301189, -0.00323088, 0.00108145, -0.00215831, 0.00301189, -0.00323088, 0.00108145, 0.694499, 1.03823, 0.00353255, 0.044704, 0.694499, 1.03823, 0.00353255, 0.044704)
reports[-1].CovMatrix = ['1.08495e-05','5.5197e-05','-4.50511e-05','7.93565e-08','-1.84138e-08','-3.25609e-08','3.45299e-09','4.25608e-09','0','0','0','0','5.5197e-05','0.000795489','-0.00063612','1.15822e-06','-1.82449e-07','2.66703e-08','1.71732e-08','6.34232e-08','0','0','0','0','-4.50511e-05','-0.00063612','0.000518578','-8.98091e-07','1.34984e-07','-1.80254e-08','-1.4205e-08','-4.33749e-08','0','0','0','0','7.93565e-08','1.15822e-06','-8.98091e-07','5.554e-09','-7.58105e-11','3.45551e-10','5.56777e-12','2.90593e-10','0','0','0','0','-1.84138e-08','-1.82449e-07','1.34984e-07','-7.58105e-11','6.67931e-09','2.184e-09','7.17955e-11','1.71243e-10','0','0','0','0','-3.25609e-08','2.66703e-08','-1.80254e-08','3.45551e-10','2.184e-09','2.70575e-09','9.71425e-11','3.90968e-11','0','0','0','0','3.45299e-09','1.71732e-08','-1.4205e-08','5.56777e-12','7.17955e-11','9.71425e-11','3.20356e-06','8.09113e-13','0','0','0','0','4.25608e-09','6.34232e-08','-4.33749e-08','2.90593e-10','1.71243e-10','3.90968e-11','8.09113e-13','7.1537e-06','0','0','0','0','0','0','0','0','0','0','0','0','0','0','0','0','0','0','0','0','0','0','0','0','0','0','0','0','0','0','0','0','0','0','0','0','0','0','0','0','0','0','0','0','0','0','0','0','0','0','0','0']

reports.append(Report(576749568, ("DT", -2, 1, 8), "MBwhAst1sec08"))
reports[-1].posNum = 62548
reports[-1].negNum = 0
reports[-1].fittype = "6DOF"
reports[-1].add_parameters(ValErr(0.0122521, 0.00360049, 0), \
                           ValErr(0.0495688, 0.0302365, 0), \
                           ValErr(-0.0415831, 0.0244231, 0), \
                           ValErr(0.000107752, 7.87865e-05, 0), \
                           ValErr(4.85921e-05, 8.70163e-05, 0), \
                           ValErr(-3.3212e-05, 5.58612e-05, 0), \
                           -154479, 62548, 62548, -nan)
reports[-1].sigmax = ValErr(0.685486, 0.00193811, 0)
reports[-1].sigmay = ValErr(1.00956, 0.00285437, 0)
reports[-1].sigmadxdz = ValErr(0, 0, 0)
reports[-1].sigmadydz = ValErr(0, 0, 0)
reports[-1].add_stats(0.0118828, 0.000839148, 0.00106039, 0.0015532, 0.00769959, -0.00187045, 0.00105886, 0.00766918, 0.00769959, -0.00187045, 0.00105886, 0.00766918, 0.00982313, -0.0077099, 0.00100406, 0.00750419, 0.00982313, -0.0077099, 0.00100406, 0.00750419, 0.685502, 1.00957, 0.00365725, 0.041904, 0.685502, 1.00957, 0.00365725, 0.041904)
reports[-1].CovMatrix = ['1.29635e-05','6.50302e-05','-5.30585e-05','9.10808e-08','-3.11699e-08','-4.96311e-08','6.80791e-09','2.45302e-10','0','0','0','0','6.50302e-05','0.000914243','-0.000731395','1.30813e-06','-2.86938e-07','-7.83051e-08','5.1278e-08','2.02746e-08','0','0','0','0','-5.30585e-05','-0.000731395','0.000596489','-1.00885e-06','2.35749e-07','6.9574e-08','-4.03863e-08','-8.74217e-09','0','0','0','0','9.10808e-08','1.30813e-06','-1.00885e-06','6.20732e-09','1.91139e-10','2.6792e-10','1.92931e-10','5.81396e-11','0','0','0','0','-3.11699e-08','-2.86938e-07','2.35749e-07','1.91139e-10','7.57183e-09','2.56998e-09','2.63081e-10','-5.33694e-11','0','0','0','0','-4.96311e-08','-7.83051e-08','6.9574e-08','2.6792e-10','2.56998e-09','3.12047e-09','1.23973e-10','1.88235e-11','0','0','0','0','6.80791e-09','5.1278e-08','-4.03863e-08','1.92931e-10','2.63081e-10','1.23973e-10','3.75626e-06','2.80835e-13','0','0','0','0','2.45302e-10','2.02746e-08','-8.74217e-09','5.81396e-11','-5.33694e-11','1.88235e-11','2.80835e-13','8.14742e-06','0','0','0','0','0','0','0','0','0','0','0','0','0','0','0','0','0','0','0','0','0','0','0','0','0','0','0','0','0','0','0','0','0','0','0','0','0','0','0','0','0','0','0','0','0','0','0','0','0','0','0','0']

reports.append(Report(577011712, ("DT", -2, 1, 9), "MBwhAst1sec09"))
reports[-1].posNum = 32583
reports[-1].negNum = 0
reports[-1].fittype = "6DOF"
reports[-1].add_parameters(ValErr(0.0161234, 0.00453246, 0), \
                           ValErr(0.0221409, 0.0415306, 0), \
                           ValErr(-0.02653, 0.0334762, 0), \
                           ValErr(1.04035e-05, 0.000104589, 0), \
                           ValErr(-0.00014012, 0.000112702, 0), \
                           ValErr(9.00506e-07, 7.13271e-05, 0), \
                           -81418.6, 32583, 32583, -nan)
reports[-1].sigmax = ValErr(0.689626, 0.00270147, 0)
reports[-1].sigmay = ValErr(1.03307, 0.00404686, 0)
reports[-1].sigmadxdz = ValErr(0, 0, 0)
reports[-1].sigmadydz = ValErr(0, 0, 0)
reports[-1].add_stats(0.0130176, -0.00926739, -3.91969e-05, -0.00250784, 0.0148732, -0.0117214, -2.79039e-05, 0.00175603, 0.0148732, -0.0117214, -2.79039e-05, 0.00175603, 0.0132224, -0.0122561, -3.56376e-05, 0.00178831, 0.0132224, -0.0122561, -3.56376e-05, 0.00178831, 0.689632, 1.03311, 0.00350181, 0.0450086, 0.689632, 1.03311, 0.00350181, 0.0450086)
reports[-1].CovMatrix = ['2.05432e-05','9.73348e-05','-7.95894e-05','1.45276e-07','2.20651e-08','-3.88079e-09','1.30332e-08','2.29357e-09','0','0','0','0','9.73348e-05','0.00172479','-0.00137656','2.50267e-06','-1.58074e-07','3.11474e-07','9.16858e-08','5.22878e-08','0','0','0','0','-7.95894e-05','-0.00137656','0.00112066','-2.01206e-06','4.70871e-08','-2.52872e-07','-7.42634e-08','-3.0087e-08','0','0','0','0','1.45276e-07','2.50267e-06','-2.01206e-06','1.09388e-08','-5.24051e-10','9.43931e-10','1.80479e-10','2.83655e-10','0','0','0','0','2.20651e-08','-1.58074e-07','4.70871e-08','-5.24051e-10','1.27018e-08','3.96519e-09','-8.49362e-12','5.7876e-10','0','0','0','0','-3.88079e-09','3.11474e-07','-2.52872e-07','9.43931e-10','3.96519e-09','5.08756e-09','4.95947e-11','3.4817e-10','0','0','0','0','1.30332e-08','9.16858e-08','-7.42634e-08','1.80479e-10','-8.49362e-12','4.95947e-11','7.29796e-06','4.49088e-12','0','0','0','0','2.29357e-09','5.22878e-08','-3.0087e-08','2.83655e-10','5.7876e-10','3.4817e-10','4.49088e-12','1.63771e-05','0','0','0','0','0','0','0','0','0','0','0','0','0','0','0','0','0','0','0','0','0','0','0','0','0','0','0','0','0','0','0','0','0','0','0','0','0','0','0','0','0','0','0','0','0','0','0','0','0','0','0','0']

reports.append(Report(577273856, ("DT", -2, 1, 10), "MBwhAst1sec10"))
reports[-1].posNum = 32482
reports[-1].negNum = 0
reports[-1].fittype = "6DOF"
reports[-1].add_parameters(ValErr(0.00307032, 0.00490863, 0), \
                           ValErr(0.306088, 0.043774, 0), \
                           ValErr(-0.231185, 0.0353564, 0), \
                           ValErr(8.895e-05, 0.000106905, 0), \
                           ValErr(-0.000193546, 0.000118972, 0), \
                           ValErr(-0.000167723, 7.1031e-05, 0), \
                           -81570.5, 32482, 32482, -nan)
reports[-1].sigmax = ValErr(0.689864, 0.00270663, 0)
reports[-1].sigmay = ValErr(1.04565, 0.00410253, 0)
reports[-1].sigmadxdz = ValErr(0, 0, 0)
reports[-1].sigmadydz = ValErr(0, 0, 0)
reports[-1].add_stats(-0.0119075, 0.0184446, 0.000403944, 0.000123502, -0.0152451, 0.0188603, 0.000412683, 0.00327599, -0.0152451, 0.0188603, 0.000412683, 0.00327599, -0.0127505, 0.0158665, 0.000386663, 0.00313561, -0.0127505, 0.0158665, 0.000386663, 0.00313561, 0.690335, 1.04597, 0.00363767, 0.0428381, 0.690335, 1.04597, 0.00363767, 0.0428381)
reports[-1].CovMatrix = ['2.40947e-05','0.000130038','-0.000106178','1.95539e-07','5.57976e-08','4.98054e-08','2.34108e-08','-6.33608e-09','0','0','0','0','0.000130038','0.00191616','-0.00153363','2.71841e-06','-3.06422e-07','2.31783e-07','2.1668e-07','-1.31426e-07','0','0','0','0','-0.000106178','-0.00153363','0.00125007','-2.27812e-06','2.12899e-07','-1.95437e-07','-1.73455e-07','1.13781e-07','0','0','0','0','1.95539e-07','2.71841e-06','-2.27812e-06','1.14287e-08','-4.44272e-10','9.76224e-10','5.15758e-11','4.59765e-10','0','0','0','0','5.57976e-08','-3.06422e-07','2.12899e-07','-4.44272e-10','1.41543e-08','3.99675e-09','-7.6607e-11','7.66511e-10','0','0','0','0','4.98054e-08','2.31783e-07','-1.95437e-07','9.76224e-10','3.99675e-09','5.0454e-09','2.98531e-10','-7.27549e-13','0','0','0','0','2.34108e-08','2.1668e-07','-1.73455e-07','5.15758e-11','-7.6607e-11','2.98531e-10','7.32584e-06','-6.32579e-11','0','0','0','0','-6.33608e-09','-1.31426e-07','1.13781e-07','4.59765e-10','7.66511e-10','-7.27549e-13','-6.32579e-11','1.68308e-05','0','0','0','0','0','0','0','0','0','0','0','0','0','0','0','0','0','0','0','0','0','0','0','0','0','0','0','0','0','0','0','0','0','0','0','0','0','0','0','0','0','0','0','0','0','0','0','0','0','0','0','0']

reports.append(Report(577536000, ("DT", -2, 1, 11), "MBwhAst1sec11"))
reports[-1].posNum = 36186
reports[-1].negNum = 0
reports[-1].fittype = "6DOF"
reports[-1].add_parameters(ValErr(0.00809219, 0.00496772, 0), \
                           ValErr(0.126571, 0.0420535, 0), \
                           ValErr(-0.11744, 0.0340117, 0), \
                           ValErr(9.21667e-05, 0.000101609, 0), \
                           ValErr(-0.000434562, 0.000117506, 0), \
                           ValErr(-0.00020615, 6.77165e-05, 0), \
                           -90556.3, 36186, 36186, -nan)
reports[-1].sigmax = ValErr(0.690407, 0.00256734, 0)
reports[-1].sigmay = ValErr(1.03574, 0.00385118, 0)
reports[-1].sigmadxdz = ValErr(0, 0, 0)
reports[-1].sigmadydz = ValErr(0, 0, 0)
reports[-1].add_stats(-0.00293305, -0.0121708, 0.000274692, -0.00427687, -0.00290243, -0.0168206, 0.000277615, 0.00126778, -0.00290243, -0.0168206, 0.000277615, 0.00126778, -0.00422544, -0.0181106, 0.00023198, 0.00107295, -0.00422544, -0.0181106, 0.00023198, 0.00107295, 0.690603, 1.03587, 0.00362896, 0.0444497, 0.690603, 1.03587, 0.00362896, 0.0444497)
reports[-1].CovMatrix = ['2.46782e-05','0.000140087','-0.000114168','2.0804e-07','1.55825e-08','8.88008e-09','-6.58602e-09','-2.79179e-09','0','0','0','0','0.000140087','0.0017685','-0.00141825','2.5598e-06','-2.73048e-07','2.3925e-07','-8.89016e-08','-8.43301e-08','0','0','0','0','-0.000114168','-0.00141825','0.0011568','-2.08594e-06','2.4412e-07','-1.96139e-07','7.09396e-08','5.59224e-08','0','0','0','0','2.0804e-07','2.5598e-06','-2.08594e-06','1.03244e-08','-3.44425e-10','1.03188e-09','-7.46202e-11','2.12324e-10','0','0','0','0','1.55825e-08','-2.73048e-07','2.4412e-07','-3.44425e-10','1.38077e-08','3.59105e-09','2.88788e-10','1.11166e-09','0','0','0','0','8.88008e-09','2.3925e-07','-1.96139e-07','1.03188e-09','3.59105e-09','4.58553e-09','3.2624e-10','2.73287e-10','0','0','0','0','-6.58602e-09','-8.89016e-08','7.09396e-08','-7.46202e-11','2.88788e-10','3.2624e-10','6.59122e-06','5.7784e-09','0','0','0','0','-2.79179e-09','-8.43301e-08','5.59224e-08','2.12324e-10','1.11166e-09','2.73287e-10','5.7784e-09','1.48316e-05','0','0','0','0','0','0','0','0','0','0','0','0','0','0','0','0','0','0','0','0','0','0','0','0','0','0','0','0','0','0','0','0','0','0','0','0','0','0','0','0','0','0','0','0','0','0','0','0','0','0','0','0']

reports.append(Report(577798144, ("DT", -2, 1, 12), "MBwhAst1sec12"))
reports[-1].posNum = 60257
reports[-1].negNum = 0
reports[-1].fittype = "6DOF"
reports[-1].add_parameters(ValErr(0.0101821, 0.00352358, 0), \
                           ValErr(0.142628, 0.0318648, 0), \
                           ValErr(-0.117634, 0.0256849, 0), \
                           ValErr(0.000203755, 8.2001e-05, 0), \
                           ValErr(-0.000225019, 9.24821e-05, 0), \
                           ValErr(-9.33346e-05, 5.70342e-05, 0), \
                           -150617, 60257, 60257, -nan)
reports[-1].sigmax = ValErr(0.689432, 0.00198198, 0)
reports[-1].sigmay = ValErr(1.03416, 0.00297139, 0)
reports[-1].sigmadxdz = ValErr(0, 0, 0)
reports[-1].sigmadydz = ValErr(0, 0, 0)
reports[-1].add_stats(0.000119293, -0.00585575, -0.000850837, -0.00346417, 0.000407474, -0.00317554, -0.000870465, 0.000332131, 0.000407474, -0.00317554, -0.000870465, 0.000332131, -0.00077266, -0.00292512, -0.000868611, 0.000350468, -0.00077266, -0.00292512, -0.000868611, 0.000350468, 0.689563, 1.03419, 0.0034905, 0.044092, 0.689563, 1.03419, 0.0034905, 0.044092)
reports[-1].CovMatrix = ['1.24156e-05','6.03368e-05','-4.93349e-05','8.58121e-08','-2.84063e-08','-4.93601e-08','-7.13831e-09','2.52269e-08','0','0','0','0','6.03368e-05','0.00101537','-0.000810505','1.47415e-06','-2.69049e-07','5.52214e-09','-1.13063e-07','2.64387e-07','0','0','0','0','-4.93349e-05','-0.000810505','0.000659713','-1.13841e-06','1.65613e-07','6.01751e-10','1.31366e-07','-2.37141e-07','0','0','0','0','8.58121e-08','1.47415e-06','-1.13841e-06','6.72416e-09','-1.60536e-11','3.2482e-10','1.03125e-09','-5.82146e-10','0','0','0','0','-2.84063e-08','-2.69049e-07','1.65613e-07','-1.60536e-11','8.55294e-09','2.63393e-09','1.16002e-10','-7.13901e-10','0','0','0','0','-4.93601e-08','5.52214e-09','6.01751e-10','3.2482e-10','2.63393e-09','3.2529e-09','6.58562e-11','-1.69349e-10','0','0','0','0','-7.13831e-09','-1.13063e-07','1.31366e-07','1.03125e-09','1.16002e-10','6.58562e-11','3.92825e-06','1.73756e-08','0','0','0','0','2.52269e-08','2.64387e-07','-2.37141e-07','-5.82146e-10','-7.13901e-10','-1.69349e-10','1.73756e-08','8.82916e-06','0','0','0','0','0','0','0','0','0','0','0','0','0','0','0','0','0','0','0','0','0','0','0','0','0','0','0','0','0','0','0','0','0','0','0','0','0','0','0','0','0','0','0','0','0','0','0','0','0','0','0','0']

reports.append(Report(579108864, ("DT", -2, 2, 1), "MBwhAst2sec01"))
reports[-1].posNum = 91507
reports[-1].negNum = 0
reports[-1].fittype = "6DOF"
reports[-1].add_parameters(ValErr(-0.00355564, 0.00318594, 0), \
                           ValErr(-0.0677806, 0.0258623, 0), \
                           ValErr(0.0584862, 0.0247172, 0), \
                           ValErr(0.000122075, 9.46466e-05, 0), \
                           ValErr(-0.000729108, 9.03917e-05, 0), \
                           ValErr(-0.000392677, 6.40382e-05, 0), \
                           -268465, 91507, 91507, -nan)
reports[-1].sigmax = ValErr(0.900615, 0.00210522, 0)
reports[-1].sigmay = ValErr(1.22216, 0.00285687, 0)
reports[-1].sigmadxdz = ValErr(0, 0, 0)
reports[-1].sigmadydz = ValErr(0, 0, 0)
reports[-1].add_stats(-0.00595554, -0.00585763, -0.00132933, -0.00142761, -0.00643856, -0.00878396, -0.00132579, -0.00119176, -0.00643856, -0.00878396, -0.00132579, -0.00119176, -0.00734441, -0.0144236, -0.00133549, -0.00133425, -0.00734441, -0.0144236, -0.00133549, -0.00133425, 0.900791, 1.22243, 0.00378038, 0.0244403, 0.900791, 1.22243, 0.00378038, 0.0244403)
reports[-1].CovMatrix = ['1.01502e-05','-2.29628e-05','2.23013e-05','-3.91604e-08','-6.76691e-09','-3.48307e-08','3.15689e-09','6.84408e-10','0','0','0','0','-2.29628e-05','0.000668858','-0.000630976','1.14132e-06','1.32798e-07','3.72301e-08','-1.36279e-08','5.03668e-08','0','0','0','0','2.23013e-05','-0.000630976','0.000610939','-1.03017e-06','-1.18382e-07','-3.8636e-08','1.29909e-08','-3.61738e-08','0','0','0','0','-3.91604e-08','1.14132e-06','-1.03017e-06','8.95798e-09','4.17881e-11','-1.55096e-10','3.60639e-11','2.17815e-10','0','0','0','0','-6.76691e-09','1.32798e-07','-1.18382e-07','4.17881e-11','8.17066e-09','3.92588e-09','-2.25293e-10','8.09824e-10','0','0','0','0','-3.48307e-08','3.72301e-08','-3.8636e-08','-1.55096e-10','3.92588e-09','4.10089e-09','6.94542e-11','2.28452e-10','0','0','0','0','3.15689e-09','-1.36279e-08','1.29909e-08','3.60639e-11','-2.25293e-10','6.94542e-11','4.43196e-06','-3.40696e-11','0','0','0','0','6.84408e-10','5.03668e-08','-3.61738e-08','2.17815e-10','8.09824e-10','2.28452e-10','-3.40696e-11','8.16168e-06','0','0','0','0','0','0','0','0','0','0','0','0','0','0','0','0','0','0','0','0','0','0','0','0','0','0','0','0','0','0','0','0','0','0','0','0','0','0','0','0','0','0','0','0','0','0','0','0','0','0','0','0']

reports.append(Report(579371008, ("DT", -2, 2, 2), "MBwhAst2sec02"))
reports[-1].posNum = 80101
reports[-1].negNum = 0
reports[-1].fittype = "6DOF"
reports[-1].add_parameters(ValErr(0.0326242, 0.00358143, 0), \
                           ValErr(-0.0488249, 0.0273929, 0), \
                           ValErr(0.053049, 0.0261989, 0), \
                           ValErr(0.000379033, 0.000103473, 0), \
                           ValErr(-0.000560057, 9.63078e-05, 0), \
                           ValErr(-0.000414552, 7.01605e-05, 0), \
                           -233891, 80101, 80101, -nan)
reports[-1].sigmax = ValErr(0.898862, 0.00224574, 0)
reports[-1].sigmay = ValErr(1.20768, 0.00301731, 0)
reports[-1].sigmadxdz = ValErr(0, 0, 0)
reports[-1].sigmadydz = ValErr(0, 0, 0)
reports[-1].add_stats(0.0257775, 0.00137602, -0.00124447, 0.0120458, 0.0261544, -0.00187349, -0.00124457, 0.0130197, 0.0261544, -0.00187349, -0.00124457, 0.0130197, 0.025671, -0.000784127, -0.00122966, 0.0129956, 0.025671, -0.000784127, -0.00122966, 0.0129956, 0.899057, 1.20789, 0.00378639, 0.0273023, 0.899057, 1.20789, 0.00378639, 0.0273023)
reports[-1].CovMatrix = ['1.28267e-05','-3.50178e-05','3.38822e-05','-5.80525e-08','-3.73879e-08','-6.97549e-08','5.83604e-09','-4.55794e-09','0','0','0','0','-3.50178e-05','0.000750373','-0.000707791','1.30095e-06','2.07273e-07','1.21697e-07','-4.77712e-08','1.02816e-07','0','0','0','0','3.38822e-05','-0.000707791','0.000686381','-1.12356e-06','-2.2151e-07','-1.2612e-07','4.36302e-08','-8.16842e-08','0','0','0','0','-5.80525e-08','1.30095e-06','-1.12356e-06','1.07068e-08','-4.67525e-10','-2.57715e-10','-2.54538e-10','6.58905e-10','0','0','0','0','-3.73879e-08','2.07273e-07','-2.2151e-07','-4.67525e-10','9.27519e-09','4.69304e-09','-1.51957e-11','5.53018e-10','0','0','0','0','-6.97549e-08','1.21697e-07','-1.2612e-07','-2.57715e-10','4.69304e-09','4.9225e-09','1.12647e-10','2.11721e-10','0','0','0','0','5.83604e-09','-4.77712e-08','4.36302e-08','-2.54538e-10','-1.51957e-11','1.12647e-10','5.04335e-06','-2.03368e-11','0','0','0','0','-4.55794e-09','1.02816e-07','-8.16842e-08','6.58905e-10','5.53018e-10','2.11721e-10','-2.03368e-11','9.10418e-06','0','0','0','0','0','0','0','0','0','0','0','0','0','0','0','0','0','0','0','0','0','0','0','0','0','0','0','0','0','0','0','0','0','0','0','0','0','0','0','0','0','0','0','0','0','0','0','0','0','0','0','0']

reports.append(Report(579633152, ("DT", -2, 2, 3), "MBwhAst2sec03"))
reports[-1].posNum = 77472
reports[-1].negNum = 0
reports[-1].fittype = "6DOF"
reports[-1].add_parameters(ValErr(0.0338303, 0.00355561, 0), \
                           ValErr(-0.0921235, 0.0275595, 0), \
                           ValErr(0.070741, 0.0262403, 0), \
                           ValErr(0.000219394, 0.000106571, 0), \
                           ValErr(-0.000418965, 0.000100036, 0), \
                           ValErr(-0.000321771, 7.26303e-05, 0), \
                           -225199, 77472, 77472, -nan)
reports[-1].sigmax = ValErr(0.887035, 0.00225203, 0)
reports[-1].sigmay = ValErr(1.20784, 0.00306045, 0)
reports[-1].sigmadxdz = ValErr(0, 0, 0)
reports[-1].sigmadydz = ValErr(0, 0, 0)
reports[-1].add_stats(0.0320188, -0.0177796, -0.000340878, -0.000269412, 0.027494, -0.0242812, -0.000343478, -0.000183882, 0.027494, -0.0242812, -0.000343478, -0.000183882, 0.0318967, -0.0291558, -0.000347076, -0.000303448, 0.0318967, -0.0291558, -0.000347076, -0.000303448, 0.887154, 1.20798, 0.00371259, 0.0229307, 0.887154, 1.20798, 0.00371259, 0.0229307)
reports[-1].CovMatrix = ['1.26424e-05','-3.15906e-05','3.04923e-05','-5.2771e-08','-4.03027e-08','-7.3442e-08','-9.7725e-09','1.44948e-08','0','0','0','0','-3.15906e-05','0.000759525','-0.000712939','1.31215e-06','2.0329e-07','9.15855e-08','1.71033e-07','-2.20999e-08','0','0','0','0','3.04923e-05','-0.000712939','0.000688553','-1.11759e-06','-1.99327e-07','-9.40015e-08','-1.5509e-07','2.30352e-08','0','0','0','0','-5.2771e-08','1.31215e-06','-1.11759e-06','1.13573e-08','-2.51534e-11','-1.63387e-10','8.68996e-10','-8.22456e-10','0','0','0','0','-4.03027e-08','2.0329e-07','-1.99327e-07','-2.51534e-11','1.00071e-08','5.07721e-09','7.21797e-11','-8.38115e-11','0','0','0','0','-7.3442e-08','9.15855e-08','-9.40015e-08','-1.63387e-10','5.07721e-09','5.27516e-09','3.31873e-10','1.79019e-10','0','0','0','0','-9.7725e-09','1.71033e-07','-1.5509e-07','8.68996e-10','7.21797e-11','3.31873e-10','5.07163e-06','-1.44469e-08','0','0','0','0','1.44948e-08','-2.20999e-08','2.30352e-08','-8.22456e-10','-8.38115e-11','1.79019e-10','-1.44469e-08','9.36637e-06','0','0','0','0','0','0','0','0','0','0','0','0','0','0','0','0','0','0','0','0','0','0','0','0','0','0','0','0','0','0','0','0','0','0','0','0','0','0','0','0','0','0','0','0','0','0','0','0','0','0','0','0']

reports.append(Report(579895296, ("DT", -2, 2, 4), "MBwhAst2sec04"))
reports[-1].posNum = 91569
reports[-1].negNum = 0
reports[-1].fittype = "6DOF"
reports[-1].add_parameters(ValErr(0.0486106, 0.00322409, 0), \
                           ValErr(-0.0934225, 0.026227, 0), \
                           ValErr(0.104802, 0.0249912, 0), \
                           ValErr(0.000123945, 9.49967e-05, 0), \
                           ValErr(-0.00026336, 8.95381e-05, 0), \
                           ValErr(-6.37202e-06, 6.37127e-05, 0), \
                           -268568, 91569, 91569, -nan)
reports[-1].sigmax = ValErr(0.900063, 0.00210322, 0)
reports[-1].sigmay = ValErr(1.22185, 0.00285518, 0)
reports[-1].sigmadxdz = ValErr(0, 0, 0)
reports[-1].sigmadydz = ValErr(0, 0, 0)
reports[-1].add_stats(0.0470581, 0.0133693, 0.0006976, 0.00220988, 0.0460168, 0.012141, 0.00070925, 0.00211956, 0.0460168, 0.012141, 0.00070925, 0.00211956, 0.0458575, 0.012825, 0.000704141, 0.00215608, 0.0458575, 0.012825, 0.000704141, 0.00215608, 0.900113, 1.22207, 0.00375784, 0.0243512, 0.900113, 1.22207, 0.00375784, 0.0243512)
