nan = None;  NAN = None
nan = 0
reports = []
class ValErr:
    def __init__(self, value, error, antisym):
        self.value, self.error, self.antisym = value, error, antisym

    def __repr__(self):
        if self.antisym == 0.:
            return "%g +- %g" % (self.value, self.error)
        else:
            return "%g +- %g ~ %g" % (self.value, self.error, self.antisym)

class Report:
    def __init__(self, chamberId, postal_address, name):
        self.chamberId, self.postal_address, self.name = chamberId, postal_address, name
        self.status = "NOFIT"
        self.fittype = None
        self.CovMatrix = None

    def add_parameters(self, deltax, deltay, deltaz, deltaphix, deltaphiy, deltaphiz, loglikelihood, numsegments, sumofweights, redchi2):
        self.status = "PASS"
        self.deltax, self.deltay, self.deltaz, self.deltaphix, self.deltaphiy, self.deltaphiz = deltax, deltay, deltaz, deltaphix, deltaphiy, deltaphiz
        self.loglikelihood, self.numsegments, self.sumofweights, self.redchi2 = loglikelihood, numsegments, sumofweights, redchi2

    def add_stats(self, median_x, median_y, median_dxdz, median_dydz, mean30_x, mean30_y, mean20_dxdz, mean50_dydz, mean15_x, mean15_y, mean10_dxdz, mean25_dydz, wmean30_x, wmean30_y, wmean20_dxdz, wmean50_dydz, wmean15_x, wmean15_y, wmean10_dxdz, wmean25_dydz, stdev30_x, stdev30_y, stdev20_dxdz, stdev50_dydz, stdev15_x, stdev15_y, stdev10_dxdz, stdev25_dydz):
        self.median_x, self.median_y, self.median_dxdz, self.median_dydz, self.mean30_x, self.mean30_y, self.mean20_dxdz, self.mean50_dydz, self.mean15_x, self.mean15_y, self.mean10_dxdz, self.mean25_dydz, self.wmean30_x, self.wmean30_y, self.wmean20_dxdz, self.wmean50_dydz, self.wmean15_x, self.wmean15_y, self.wmean10_dxdz, self.wmean25_dydz, self.stdev30_x, self.stdev30_y, self.stdev20_dxdz, self.stdev50_dydz, self.stdev15_x, self.stdev15_y, self.stdev10_dxdz, self.stdev25_dydz = median_x, median_y, median_dxdz, median_dydz, mean30_x, mean30_y, mean20_dxdz, mean50_dydz, mean15_x, mean15_y, mean10_dxdz, mean25_dydz, wmean30_x, wmean30_y, wmean20_dxdz, wmean50_dydz, wmean15_x, wmean15_y, wmean10_dxdz, wmean25_dydz, stdev30_x, stdev30_y, stdev20_dxdz, stdev50_dydz, stdev15_x, stdev15_y, stdev10_dxdz, stdev25_dydz

    def __repr__(self):
        return "<Report %s %s %s>" % (self.postal_address[0], " ".join(map(str, self.postal_address[1:])), self.status)

reports.append(Report(574914560, ("DT", -2, 1, 1), "MBwhAst1sec01"))
reports[-1].posNum = 67142
reports[-1].negNum = 0
reports[-1].fittype = "6DOF"
reports[-1].add_parameters(ValErr(0.00347065, 0.00334574, 0), \
                           ValErr(0.0397292, 0.0287636, 0), \
                           ValErr(-0.0401695, 0.0231813, 0), \
                           ValErr(0.000246719, 7.62002e-05, 0), \
                           ValErr(-0.000362521, 8.23154e-05, 0), \
                           ValErr(-0.00015682, 5.31816e-05, 0), \
                           -167592, 67142, 67142, -nan)
reports[-1].sigmax = ValErr(0.687238, 0.00187541, 0)
reports[-1].sigmay = ValErr(1.03385, 0.00282127, 0)
reports[-1].sigmadxdz = ValErr(0, 0, 0)
reports[-1].sigmadydz = ValErr(0, 0, 0)
reports[-1].add_stats(0.00288081, -0.0107584, 7.90124e-05, -0.00774658, -0.000921005, -0.0129554, 9.90021e-05, -0.00396095, -0.000921005, -0.0129554, 9.90021e-05, -0.00396095, 0.00320439, -0.0148747, 5.67493e-05, -0.00441394, 0.00320439, -0.0148747, 5.67493e-05, -0.00441394, 0.687313, 1.03397, 0.00352121, 0.0445177, 0.687313, 1.03397, 0.00352121, 0.0445177)
reports[-1].CovMatrix = ['1.1194e-05','5.4393e-05','-4.43603e-05','7.83282e-08','-1.38955e-08','-3.0494e-08','6.82464e-09','-3.81682e-10','0','0','0','0','5.4393e-05','0.000827345','-0.000659993','1.19901e-06','-1.73835e-07','4.12096e-08','4.30085e-08','2.70883e-08','0','0','0','0','-4.43603e-05','-0.000659993','0.000537373','-9.31386e-07','1.23578e-07','-3.02258e-08','-3.46729e-08','-1.40623e-08','0','0','0','0','7.83282e-08','1.19901e-06','-9.31386e-07','5.80647e-09','-1.32486e-10','3.5854e-10','1.68802e-10','5.4699e-11','0','0','0','0','-1.38955e-08','-1.73835e-07','1.23578e-07','-1.32486e-10','6.77582e-09','2.25699e-09','2.69743e-10','-1.09941e-10','0','0','0','0','-3.0494e-08','4.12096e-08','-3.02258e-08','3.5854e-10','2.25699e-09','2.82828e-09','8.64373e-11','7.07814e-11','0','0','0','0','6.82464e-09','4.30085e-08','-3.46729e-08','1.68802e-10','2.69743e-10','8.64373e-11','3.51716e-06','-3.48083e-12','0','0','0','0','-3.81682e-10','2.70883e-08','-1.40623e-08','5.4699e-11','-1.09941e-10','7.07814e-11','-3.48083e-12','7.95957e-06','0','0','0','0','0','0','0','0','0','0','0','0','0','0','0','0','0','0','0','0','0','0','0','0','0','0','0','0','0','0','0','0','0','0','0','0','0','0','0','0','0','0','0','0','0','0','0','0','0','0','0','0']

reports.append(Report(575176704, ("DT", -2, 1, 2), "MBwhAst1sec02"))
reports[-1].posNum = 42397
reports[-1].negNum = 0
reports[-1].fittype = "6DOF"
reports[-1].add_parameters(ValErr(0.0268508, 0.00452181, 0), \
                           ValErr(0.017111, 0.0358767, 0), \
                           ValErr(-0.00698344, 0.028983, 0), \
                           ValErr(0.000558047, 9.52905e-05, 0), \
                           ValErr(-0.000487622, 0.000108374, 0), \
                           ValErr(-0.000211043, 6.83459e-05, 0), \
                           -104801, 42397, 42397, -nan)
reports[-1].sigmax = ValErr(0.687305, 0.0023603, 0)
reports[-1].sigmay = ValErr(1.00903, 0.00346516, 0)
reports[-1].sigmadxdz = ValErr(0, 0, 0)
reports[-1].sigmadydz = ValErr(0, 0, 0)
reports[-1].add_stats(0.0224445, -0.00946405, -0.00105394, -0.0042137, 0.0215305, -0.00563342, -0.001041, -0.000606585, 0.0215305, -0.00563342, -0.001041, -0.000606585, 0.0221825, -0.00768524, -0.00106202, -0.00119886, 0.0221825, -0.00768524, -0.00106202, -0.00119886, 0.687408, 1.00968, 0.00350971, 0.0429569, 0.687408, 1.00968, 0.00350971, 0.0429569)
reports[-1].CovMatrix = ['2.04468e-05','9.22605e-05','-7.53083e-05','1.29836e-07','-6.97931e-08','-1.00287e-07','8.76493e-09','1.7845e-09','0','0','0','0','9.22605e-05','0.00128714','-0.00102826','1.9037e-06','-3.03912e-07','6.95348e-08','7.44237e-08','5.31516e-08','0','0','0','0','-7.53083e-05','-0.00102826','0.000840016','-1.41456e-06','2.42492e-07','-4.69684e-08','-5.45815e-08','-3.45709e-08','0','0','0','0','1.29836e-07','1.9037e-06','-1.41456e-06','9.08029e-09','-5.14992e-10','5.74421e-10','3.89597e-10','-2.33447e-11','0','0','0','0','-6.97931e-08','-3.03912e-07','2.42492e-07','-5.14992e-10','1.1745e-08','3.84667e-09','1.2511e-10','2.72915e-10','0','0','0','0','-1.00287e-07','6.95348e-08','-4.69684e-08','5.74421e-10','3.84667e-09','4.67116e-09','1.37706e-10','9.37394e-11','0','0','0','0','8.76493e-09','7.44237e-08','-5.45815e-08','3.89597e-10','1.2511e-10','1.37706e-10','5.57103e-06','2.21863e-12','0','0','0','0','1.7845e-09','5.31516e-08','-3.45709e-08','-2.33447e-11','2.72915e-10','9.37394e-11','2.21863e-12','1.20073e-05','0','0','0','0','0','0','0','0','0','0','0','0','0','0','0','0','0','0','0','0','0','0','0','0','0','0','0','0','0','0','0','0','0','0','0','0','0','0','0','0','0','0','0','0','0','0','0','0','0','0','0','0']

reports.append(Report(575438848, ("DT", -2, 1, 3), "MBwhAst1sec03"))
reports[-1].posNum = 33125
reports[-1].negNum = 0
reports[-1].fittype = "6DOF"
reports[-1].add_parameters(ValErr(-0.00104184, 0.00589711, 0), \
                           ValErr(-0.107948, 0.041344, 0), \
                           ValErr(0.0922221, 0.0335627, 0), \
                           ValErr(0.000202044, 0.000106707, 0), \
                           ValErr(-0.000270596, 0.000118541, 0), \
                           ValErr(-9.07087e-05, 7.63175e-05, 0), \
                           -81904.2, 33125, 33125, -nan)
reports[-1].sigmax = ValErr(0.688808, 0.00267614, 0)
reports[-1].sigmay = ValErr(1.00753, 0.00391441, 0)
reports[-1].sigmadxdz = ValErr(0, 0, 0)
reports[-1].sigmadydz = ValErr(0, 0, 0)
reports[-1].add_stats(0.00969188, -0.00259265, 0.000931579, -0.00115095, 0.00887187, -0.000824752, 0.000944416, 0.00178791, 0.00887187, -0.000824752, 0.000944416, 0.00178791, 0.0100074, 0.0022595, 0.000907392, 0.0015297, 0.0100074, 0.0022595, 0.000907392, 0.0015297, 0.688929, 1.00784, 0.0035113, 0.0413801, 0.688929, 1.00784, 0.0035113, 0.0413801)
reports[-1].CovMatrix = ['3.47759e-05','0.000172011','-0.00014017','2.37678e-07','-9.08265e-08','-1.23641e-07','1.55097e-08','5.42635e-09','0','0','0','0','0.000172011','0.00170932','-0.00137164','2.48437e-06','-3.88921e-07','-6.24818e-09','5.03857e-08','1.66011e-07','0','0','0','0','-0.00014017','-0.00137164','0.00112645','-1.86224e-06','4.79615e-07','2.38558e-08','-3.38932e-08','-1.16573e-07','0','0','0','0','2.37678e-07','2.48437e-06','-1.86224e-06','1.13865e-08','3.29621e-10','9.91863e-10','1.89731e-11','7.57407e-10','0','0','0','0','-9.08265e-08','-3.88921e-07','4.79615e-07','3.29621e-10','1.40521e-08','4.69423e-09','5.92463e-10','-1.35077e-10','0','0','0','0','-1.23641e-07','-6.24818e-09','2.38558e-08','9.91863e-10','4.69423e-09','5.82436e-09','8.2357e-12','3.86639e-10','0','0','0','0','1.55097e-08','5.03857e-08','-3.38932e-08','1.89731e-11','5.92463e-10','8.2357e-12','7.16174e-06','-2.30927e-11','0','0','0','0','5.42635e-09','1.66011e-07','-1.16573e-07','7.57407e-10','-1.35077e-10','3.86639e-10','-2.30927e-11','1.53226e-05','0','0','0','0','0','0','0','0','0','0','0','0','0','0','0','0','0','0','0','0','0','0','0','0','0','0','0','0','0','0','0','0','0','0','0','0','0','0','0','0','0','0','0','0','0','0','0','0','0','0','0','0']

reports.append(Report(575700992, ("DT", -2, 1, 4), "MBwhAst1sec04"))
reports[-1].posNum = 65692
reports[-1].negNum = 0
reports[-1].fittype = "6DOF"
reports[-1].add_parameters(ValErr(0.0245245, 0.00342242, 0), \
                           ValErr(0.00487176, 0.0295559, 0), \
                           ValErr(0.0120223, 0.023746, 0), \
                           ValErr(0.00076615, 7.57955e-05, 0), \
                           ValErr(-0.000115379, 8.40113e-05, 0), \
                           ValErr(-0.000194536, 5.27221e-05, 0), \
                           -163470, 65692, 65692, -nan)
reports[-1].sigmax = ValErr(0.685928, 0.00189238, 0)
reports[-1].sigmay = ValErr(1.02791, 0.00283587, 0)
reports[-1].sigmadxdz = ValErr(0, 0, 0)
reports[-1].sigmadydz = ValErr(0, 0, 0)
reports[-1].add_stats(0.0219093, 0.0116367, -0.000511373, -0.00624829, 0.0221915, 0.0105999, -0.00050205, -0.00194068, 0.0221915, 0.0105999, -0.00050205, -0.00194068, 0.0240554, 0.00647573, -0.000520146, -0.00226892, 0.0240554, 0.00647573, -0.000520146, -0.00226892, 0.686057, 1.02911, 0.00350568, 0.0461351, 0.686057, 1.02911, 0.00350568, 0.0461351)
reports[-1].CovMatrix = ['1.1713e-05','5.92551e-05','-4.81342e-05','8.48834e-08','-1.30888e-08','-2.78121e-08','8.37247e-09','-1.89786e-09','0','0','0','0','5.92551e-05','0.000873553','-0.000695079','1.2551e-06','-1.90399e-07','4.06578e-08','5.43823e-08','1.53952e-08','0','0','0','0','-4.81342e-05','-0.000695079','0.000563875','-9.79174e-07','1.38501e-07','-2.99543e-08','-4.46083e-08','-3.39109e-09','0','0','0','0','8.48834e-08','1.2551e-06','-9.79174e-07','5.74495e-09','-1.24559e-10','3.6365e-10','1.32083e-10','1.11775e-10','0','0','0','0','-1.30888e-08','-1.90399e-07','1.38501e-07','-1.24559e-10','7.0579e-09','2.22912e-09','3.55711e-10','-2.32602e-10','0','0','0','0','-2.78121e-08','4.06578e-08','-2.99543e-08','3.6365e-10','2.22912e-09','2.77962e-09','7.3487e-11','8.81114e-11','0','0','0','0','8.37247e-09','5.43823e-08','-4.46083e-08','1.32083e-10','3.55711e-10','7.3487e-11','3.5811e-06','-1.42022e-11','0','0','0','0','-1.89786e-09','1.53952e-08','-3.39109e-09','1.11775e-10','-2.32602e-10','8.81114e-11','-1.42022e-11','8.04215e-06','0','0','0','0','0','0','0','0','0','0','0','0','0','0','0','0','0','0','0','0','0','0','0','0','0','0','0','0','0','0','0','0','0','0','0','0','0','0','0','0','0','0','0','0','0','0','0','0','0','0','0','0']

reports.append(Report(575963136, ("DT", -2, 1, 5), "MBwhAst1sec05"))
reports[-1].posNum = 57468
reports[-1].negNum = 0
reports[-1].fittype = "6DOF"
reports[-1].add_parameters(ValErr(-0.00594273, 0.00402075, 0), \
                           ValErr(-0.0610439, 0.0321462, 0), \
                           ValErr(0.0764335, 0.0259205, 0), \
                           ValErr(0.000320347, 8.23177e-05, 0), \
                           ValErr(0.000266763, 9.36559e-05, 0), \
                           ValErr(0.000104472, 5.75857e-05, 0), \
                           -142897, 57468, 57468, -nan)
reports[-1].sigmax = ValErr(0.687335, 0.00202741, 0)
reports[-1].sigmay = ValErr(1.02388, 0.00302011, 0)
reports[-1].sigmadxdz = ValErr(0, 0, 0)
reports[-1].sigmadydz = ValErr(0, 0, 0)
reports[-1].add_stats(0.00135993, 0.0196078, 0.000747686, -0.00635708, 0.00191347, 0.024893, 0.000745258, -0.00137177, 0.00191347, 0.024893, 0.000745258, -0.00137177, 0.00122693, 0.0234904, 0.000722977, -0.00182791, 0.00122693, 0.0234904, 0.000722977, -0.00182791, 0.687366, 1.0243, 0.00352052, 0.0463858, 0.687366, 1.0243, 0.00352052, 0.0463858)
reports[-1].CovMatrix = ['1.61664e-05','8.48919e-05','-6.90142e-05','1.17497e-07','-4.31354e-08','-6.07576e-08','7.42538e-09','1.97974e-09','0','0','0','0','8.48919e-05','0.00103338','-0.000825253','1.46e-06','-3.92446e-07','-1.45767e-07','3.86514e-08','5.45614e-08','0','0','0','0','-6.90142e-05','-0.000825253','0.000671871','-1.12069e-06','3.51121e-07','1.2622e-07','-2.97614e-08','-3.44766e-08','0','0','0','0','1.17497e-07','1.46e-06','-1.12069e-06','6.77621e-09','4.39589e-10','2.70373e-10','1.43529e-10','1.89732e-10','0','0','0','0','-4.31354e-08','-3.92446e-07','3.51121e-07','4.39589e-10','8.77142e-09','2.72671e-09','1.98056e-10','9.86582e-11','0','0','0','0','-6.07576e-08','-1.45767e-07','1.2622e-07','2.70373e-10','2.72671e-09','3.31611e-09','6.14656e-11','1.16955e-10','0','0','0','0','7.42538e-09','3.86514e-08','-2.97614e-08','1.43529e-10','1.98056e-10','6.14656e-11','4.11039e-06','6.07078e-12','0','0','0','0','1.97974e-09','5.45614e-08','-3.44766e-08','1.89732e-10','9.86582e-11','1.16955e-10','6.07078e-12','9.12105e-06','0','0','0','0','0','0','0','0','0','0','0','0','0','0','0','0','0','0','0','0','0','0','0','0','0','0','0','0','0','0','0','0','0','0','0','0','0','0','0','0','0','0','0','0','0','0','0','0','0','0','0','0']

reports.append(Report(576225280, ("DT", -2, 1, 6), "MBwhAst1sec06"))
reports[-1].posNum = 47352
reports[-1].negNum = 0
reports[-1].fittype = "6DOF"
reports[-1].add_parameters(ValErr(0.0420963, 0.00473846, 0), \
                           ValErr(0.216896, 0.0341711, 0), \
                           ValErr(-0.174031, 0.0277074, 0), \
                           ValErr(0.000225852, 9.48716e-05, 0), \
                           ValErr(2.37378e-06, 0.000101601, 0), \
                           ValErr(-7.06569e-05, 6.91098e-05, 0), \
                           -117645, 47352, 47352, -nan)
reports[-1].sigmax = ValErr(0.694835, 0.00225786, 0)
reports[-1].sigmay = ValErr(1.01074, 0.0032844, 0)
reports[-1].sigmadxdz = ValErr(0, 0, 0)
reports[-1].sigmadydz = ValErr(0, 0, 0)
reports[-1].add_stats(0.019461, 0.00768846, 0.000135193, -0.00646646, 0.0213255, 0.00569716, 0.000124043, -0.00142318, 0.0213255, 0.00569716, 0.000124043, -0.00142318, 0.0219477, 0.00242587, 0.000103313, -0.00195621, 0.0219477, 0.00242587, 0.000103313, -0.00195621, 0.695131, 1.01076, 0.00352208, 0.0435747, 0.695131, 1.01076, 0.00352208, 0.0435747)
reports[-1].CovMatrix = ['2.2453e-05','0.000103653','-8.47669e-05','1.41731e-07','-9.37705e-08','-1.25228e-07','5.28269e-09','6.84924e-09','0','0','0','0','0.000103653','0.00116766','-0.000935579','1.70847e-06','-3.99749e-07','-1.27807e-07','-9.43014e-10','1.47069e-07','0','0','0','0','-8.47669e-05','-0.000935579','0.0007677','-1.23767e-06','3.79116e-07','1.19969e-07','4.20467e-09','-1.05307e-07','0','0','0','0','1.41731e-07','1.70847e-06','-1.23767e-06','9.00062e-09','2.53993e-10','4.54463e-10','8.71192e-11','4.42914e-10','0','0','0','0','-9.37705e-08','-3.99749e-07','3.79116e-07','2.53993e-10','1.03227e-08','3.90535e-09','3.38475e-10','-1.93573e-11','0','0','0','0','-1.25228e-07','-1.27807e-07','1.19969e-07','4.54463e-10','3.90535e-09','4.77616e-09','6.61497e-11','1.84801e-10','0','0','0','0','5.28269e-09','-9.43014e-10','4.20467e-09','8.71192e-11','3.38475e-10','6.61497e-11','5.09795e-06','-4.5212e-13','0','0','0','0','6.84924e-09','1.47069e-07','-1.05307e-07','4.42914e-10','-1.93573e-11','1.84801e-10','-4.5212e-13','1.07873e-05','0','0','0','0','0','0','0','0','0','0','0','0','0','0','0','0','0','0','0','0','0','0','0','0','0','0','0','0','0','0','0','0','0','0','0','0','0','0','0','0','0','0','0','0','0','0','0','0','0','0','0','0']

reports.append(Report(576487424, ("DT", -2, 1, 7), "MBwhAst1sec07"))
reports[-1].posNum = 76461
reports[-1].negNum = 0
reports[-1].fittype = "6DOF"
reports[-1].add_parameters(ValErr(0.00214505, 0.00326672, 0), \
                           ValErr(0.0823859, 0.027975, 0), \
                           ValErr(-0.0565956, 0.0225878, 0), \
                           ValErr(0.000108799, 7.37859e-05, 0), \
                           ValErr(-0.00133952, 8.10126e-05, 0), \
                           ValErr(-0.00051175, 5.15077e-05, 0), \
                           -191872, 76461, 76461, -nan)
reports[-1].sigmax = ValErr(0.694355, 0.0017756, 0)
reports[-1].sigmay = ValErr(1.03697, 0.00265175, 0)
reports[-1].sigmadxdz = ValErr(0, 0, 0)
reports[-1].sigmadydz = ValErr(0, 0, 0)
reports[-1].add_stats(-0.00886412, 0.0108254, -0.00317724, -0.00262395, -0.0054157, 0.00923972, -0.00318081, 0.00149971, -0.0054157, 0.00923972, -0.00318081, 0.00149971, -0.00326619, 0.00188964, -0.00322086, 0.00120234, -0.00326619, 0.00188964, -0.00322086, 0.00120234, 0.694854, 1.03812, 0.00353178, 0.0447013, 0.694854, 1.03812, 0.00353178, 0.0447013)
reports[-1].CovMatrix = ['1.06714e-05','5.42881e-05','-4.43107e-05','7.80393e-08','-1.80513e-08','-3.19461e-08','4.18875e-09','3.00713e-09','0','0','0','0','5.42881e-05','0.0007826','-0.000625843','1.13896e-06','-1.80003e-07','2.5379e-08','2.61405e-08','4.85776e-08','0','0','0','0','-4.43107e-05','-0.000625843','0.000510211','-8.83506e-07','1.33168e-07','-1.70586e-08','-2.13403e-08','-3.16741e-08','0','0','0','0','7.80393e-08','1.13896e-06','-8.83506e-07','5.44436e-09','-7.28273e-11','3.36885e-10','3.78433e-11','2.3662e-10','0','0','0','0','-1.80513e-08','-1.80003e-07','1.33168e-07','-7.28273e-11','6.56305e-09','2.14236e-09','8.16193e-11','1.51351e-10','0','0','0','0','-3.19461e-08','2.5379e-08','-1.70586e-08','3.36885e-10','2.14236e-09','2.65304e-09','9.1645e-11','4.37638e-11','0','0','0','0','4.18875e-09','2.61405e-08','-2.13403e-08','3.78433e-11','8.16193e-11','9.1645e-11','3.15276e-06','2.70818e-12','0','0','0','0','3.00713e-09','4.85776e-08','-3.16741e-08','2.3662e-10','1.51351e-10','4.37638e-11','2.70818e-12','7.03179e-06','0','0','0','0','0','0','0','0','0','0','0','0','0','0','0','0','0','0','0','0','0','0','0','0','0','0','0','0','0','0','0','0','0','0','0','0','0','0','0','0','0','0','0','0','0','0','0','0','0','0','0','0']

reports.append(Report(576749568, ("DT", -2, 1, 8), "MBwhAst1sec08"))
reports[-1].posNum = 63700
reports[-1].negNum = 0
reports[-1].fittype = "6DOF"
reports[-1].add_parameters(ValErr(0.0128522, 0.00356947, 0), \
                           ValErr(0.0403435, 0.029935, 0), \
                           ValErr(-0.0346975, 0.0241797, 0), \
                           ValErr(9.08354e-05, 7.81355e-05, 0), \
                           ValErr(5.04607e-05, 8.62526e-05, 0), \
                           ValErr(-3.0327e-05, 5.54103e-05, 0), \
                           -157315, 63700, 63700, -nan)
reports[-1].sigmax = ValErr(0.68524, 0.00191981, 0)
reports[-1].sigmay = ValErr(1.00977, 0.00282905, 0)
reports[-1].sigmadxdz = ValErr(0, 0, 0)
reports[-1].sigmadydz = ValErr(0, 0, 0)
reports[-1].add_stats(0.0127968, 0.000494859, 0.00105162, 0.00156569, 0.00895191, -0.00258637, 0.00105496, 0.00769924, 0.00895191, -0.00258637, 0.00105496, 0.00769924, 0.0101023, -0.00824103, 0.00100859, 0.00751669, 0.0101023, -0.00824103, 0.00100859, 0.00751669, 0.685251, 1.00979, 0.00365535, 0.0419523, 0.685251, 1.00979, 0.00365535, 0.0419523)
reports[-1].CovMatrix = ['1.27411e-05','6.3848e-05','-5.2095e-05','8.9331e-08','-3.09348e-08','-4.91837e-08','6.3722e-09','6.17063e-10','0','0','0','0','6.3848e-05','0.000896105','-0.000716863','1.28197e-06','-2.8171e-07','-7.77211e-08','4.44985e-08','2.76927e-08','0','0','0','0','-5.2095e-05','-0.000716863','0.00058466','-9.87902e-07','2.31871e-07','6.90935e-08','-3.50094e-08','-1.46151e-08','0','0','0','0','8.9331e-08','1.28197e-06','-9.87902e-07','6.10515e-09','1.96075e-10','2.65903e-10','1.70371e-10','8.67823e-11','0','0','0','0','-3.09348e-08','-2.8171e-07','2.31871e-07','1.96075e-10','7.43952e-09','2.52921e-09','2.5078e-10','-4.07074e-11','0','0','0','0','-4.91837e-08','-7.77211e-08','6.90935e-08','2.65903e-10','2.52921e-09','3.0703e-09','1.1292e-10','3.16427e-11','0','0','0','0','6.3722e-09','4.44985e-08','-3.50094e-08','1.70371e-10','2.5078e-10','1.1292e-10','3.68569e-06','1.39477e-12','0','0','0','0','6.17063e-10','2.76927e-08','-1.46151e-08','8.67823e-11','-4.07074e-11','3.16427e-11','1.39477e-12','8.0035e-06','0','0','0','0','0','0','0','0','0','0','0','0','0','0','0','0','0','0','0','0','0','0','0','0','0','0','0','0','0','0','0','0','0','0','0','0','0','0','0','0','0','0','0','0','0','0','0','0','0','0','0','0']

reports.append(Report(577011712, ("DT", -2, 1, 9), "MBwhAst1sec09"))
reports[-1].posNum = 33231
reports[-1].negNum = 0
reports[-1].fittype = "6DOF"
reports[-1].add_parameters(ValErr(0.0144311, 0.00449481, 0), \
                           ValErr(0.00610664, 0.0411195, 0), \
                           ValErr(-0.0117428, 0.0331449, 0), \
                           ValErr(1.33588e-05, 0.000103711, 0), \
                           ValErr(-0.000126549, 0.00011179, 0), \
                           ValErr(9.55346e-06, 7.07856e-05, 0), \
                           -83112.2, 33231, 33231, -nan)
reports[-1].sigmax = ValErr(0.690435, 0.00267816, 0)
reports[-1].sigmay = ValErr(1.03417, 0.00401149, 0)
reports[-1].sigmadxdz = ValErr(0, 0, 0)
reports[-1].sigmadydz = ValErr(0, 0, 0)
reports[-1].add_stats(0.0126412, -0.00468711, -3.02509e-05, -0.00252655, 0.0142379, -0.00963568, -2.41001e-05, 0.00175232, 0.0142379, -0.00963568, -2.41001e-05, 0.00175232, 0.0134947, -0.0115475, -3.38393e-05, 0.00182573, 0.0134947, -0.0115475, -3.38393e-05, 0.00182573, 0.690435, 1.0342, 0.00350593, 0.0450637, 0.690435, 1.0342, 0.00350593, 0.0450637)
reports[-1].CovMatrix = ['2.02033e-05','9.55498e-05','-7.813e-05','1.42575e-07','2.07296e-08','-5.02916e-09','1.1584e-08','4.00265e-09','0','0','0','0','9.55498e-05','0.00169081','-0.00134941','2.45417e-06','-1.54949e-07','3.06974e-07','7.54713e-08','7.39499e-08','0','0','0','0','-7.813e-05','-0.00134941','0.00109858','-1.97115e-06','4.62417e-08','-2.49089e-07','-6.02635e-08','-4.90439e-08','0','0','0','0','1.42575e-07','2.45417e-06','-1.97115e-06','1.07559e-08','-5.11124e-10','9.31242e-10','2.52464e-10','1.6828e-10','0','0','0','0','2.07296e-08','-1.54949e-07','4.62417e-08','-5.11124e-10','1.2497e-08','3.90661e-09','-5.10933e-11','6.32887e-10','0','0','0','0','-5.02916e-09','3.06974e-07','-2.49089e-07','9.31242e-10','3.90661e-09','5.0106e-09','7.10937e-11','3.09265e-10','0','0','0','0','1.1584e-08','7.54713e-08','-6.02635e-08','2.52464e-10','-5.10933e-11','7.10937e-11','7.17253e-06','3.72514e-12','0','0','0','0','4.00265e-09','7.39499e-08','-4.90439e-08','1.6828e-10','6.32887e-10','3.09265e-10','3.72514e-12','1.60921e-05','0','0','0','0','0','0','0','0','0','0','0','0','0','0','0','0','0','0','0','0','0','0','0','0','0','0','0','0','0','0','0','0','0','0','0','0','0','0','0','0','0','0','0','0','0','0','0','0','0','0','0','0']

reports.append(Report(577273856, ("DT", -2, 1, 10), "MBwhAst1sec10"))
reports[-1].posNum = 33091
reports[-1].negNum = 0
reports[-1].fittype = "6DOF"
reports[-1].add_parameters(ValErr(0.00643448, 0.00486752, 0), \
                           ValErr(0.31883, 0.0434366, 0), \
                           ValErr(-0.240341, 0.0350831, 0), \
                           ValErr(0.000139232, 0.000106056, 0), \
                           ValErr(-0.000178393, 0.000118055, 0), \
                           ValErr(-0.000140845, 7.04904e-05, 0), \
                           -83202.4, 33091, 33091, -nan)
reports[-1].sigmax = ValErr(0.691233, 0.00268692, 0)
reports[-1].sigmay = ValErr(1.04682, 0.00406914, 0)
reports[-1].sigmadxdz = ValErr(0, 0, 0)
reports[-1].sigmadydz = ValErr(0, 0, 0)
reports[-1].add_stats(-0.00925551, 0.0197099, 0.00038362, 1.2439e-05, -0.0127967, 0.0207763, 0.00039833, 0.00328736, -0.0127967, 0.0207763, 0.00039833, 0.00328736, -0.0110804, 0.0170778, 0.000377493, 0.00318688, -0.0110804, 0.0170778, 0.000377493, 0.00318688, 0.691732, 1.04708, 0.00364177, 0.042778, 0.691732, 1.04708, 0.00364177, 0.042778)
reports[-1].CovMatrix = ['2.36928e-05','0.000127797','-0.000104347','1.92115e-07','5.41062e-08','4.79617e-08','2.09341e-08','-3.29944e-09','0','0','0','0','0.000127797','0.00188674','-0.00151007','2.67794e-06','-3.05263e-07','2.24509e-07','1.83246e-07','-8.32226e-08','0','0','0','0','-0.000104347','-0.00151007','0.00123082','-2.24288e-06','2.11822e-07','-1.8928e-07','-1.47666e-07','7.64757e-08','0','0','0','0','1.92115e-07','2.67794e-06','-2.24288e-06','1.12479e-08','-4.39213e-10','9.53913e-10','1.50213e-10','3.03113e-10','0','0','0','0','5.41062e-08','-3.05263e-07','2.11822e-07','-4.39213e-10','1.39369e-08','3.93797e-09','-4.06121e-11','7.02923e-10','0','0','0','0','4.79617e-08','2.24509e-07','-1.8928e-07','9.53913e-10','3.93797e-09','4.9689e-09','2.64416e-10','4.50594e-11','0','0','0','0','2.09341e-08','1.83246e-07','-1.47666e-07','1.50213e-10','-4.06121e-11','2.64416e-10','7.21956e-06','-2.95621e-11','0','0','0','0','-3.29944e-09','-8.32226e-08','7.64757e-08','3.03113e-10','7.02923e-10','4.50594e-11','-2.95621e-11','1.65579e-05','0','0','0','0','0','0','0','0','0','0','0','0','0','0','0','0','0','0','0','0','0','0','0','0','0','0','0','0','0','0','0','0','0','0','0','0','0','0','0','0','0','0','0','0','0','0','0','0','0','0','0','0']

reports.append(Report(577536000, ("DT", -2, 1, 11), "MBwhAst1sec11"))
reports[-1].posNum = 36904
reports[-1].negNum = 0
reports[-1].fittype = "6DOF"
reports[-1].add_parameters(ValErr(0.00820207, 0.00491679, 0), \
                           ValErr(0.134559, 0.0416832, 0), \
                           ValErr(-0.125013, 0.0337139, 0), \
                           ValErr(0.000121525, 0.000100443, 0), \
                           ValErr(-0.000402712, 0.000116268, 0), \
                           ValErr(-0.000176151, 6.70504e-05, 0), \
                           -92263.6, 36904, 36904, -nan)
reports[-1].sigmax = ValErr(0.690611, 0.00254267, 0)
reports[-1].sigmay = ValErr(1.03293, 0.00380249, 0)
reports[-1].sigmadxdz = ValErr(0, 0, 0)
reports[-1].sigmadydz = ValErr(0, 0, 0)
reports[-1].add_stats(-0.00534484, -0.0132834, 0.000279095, -0.00414321, -0.00349634, -0.0181706, 0.000280534, 0.00137103, -0.00349634, -0.0181706, 0.000280534, 0.00137103, -0.00421677, -0.022805, 0.000236787, 0.00121164, -0.00421677, -0.022805, 0.000236787, 0.00121164, 0.69079, 1.03305, 0.00362952, 0.0443473, 0.69079, 1.03305, 0.00362952, 0.0443473)
reports[-1].CovMatrix = ['2.41749e-05','0.000137344','-0.000111933','2.03875e-07','1.49638e-08','8.53068e-09','-1.42262e-09','-2.46748e-09','0','0','0','0','0.000137344','0.00173749','-0.00139356','2.51361e-06','-2.71633e-07','2.29684e-07','-2.77269e-08','-1.13117e-07','0','0','0','0','-0.000111933','-0.00139356','0.00113663','-2.0487e-06','2.4202e-07','-1.88299e-07','2.34238e-08','7.32771e-08','0','0','0','0','2.03875e-07','2.51361e-06','-2.0487e-06','1.00889e-08','-3.28341e-10','9.99942e-10','-7.98049e-11','3.13086e-10','0','0','0','0','1.49638e-08','-2.71633e-07','2.4202e-07','-3.28341e-10','1.35184e-08','3.52288e-09','1.74068e-10','1.10895e-09','0','0','0','0','8.53068e-09','2.29684e-07','-1.88299e-07','9.99942e-10','3.52288e-09','4.49576e-09','2.67881e-10','2.85423e-10','0','0','0','0','-1.42262e-09','-2.77269e-08','2.34238e-08','-7.98049e-11','1.74068e-10','2.67881e-10','6.46517e-06','5.84433e-09','0','0','0','0','-2.46748e-09','-1.13117e-07','7.32771e-08','3.13086e-10','1.10895e-09','2.85423e-10','5.84433e-09','1.44589e-05','0','0','0','0','0','0','0','0','0','0','0','0','0','0','0','0','0','0','0','0','0','0','0','0','0','0','0','0','0','0','0','0','0','0','0','0','0','0','0','0','0','0','0','0','0','0','0','0','0','0','0','0']

reports.append(Report(577798144, ("DT", -2, 1, 12), "MBwhAst1sec12"))
reports[-1].posNum = 61301
reports[-1].negNum = 0
reports[-1].fittype = "6DOF"
reports[-1].add_parameters(ValErr(0.0101275, 0.00349115, 0), \
                           ValErr(0.145987, 0.0315883, 0), \
                           ValErr(-0.121465, 0.0254496, 0), \
                           ValErr(0.000265313, 8.1656e-05, 0), \
                           ValErr(-0.000218727, 9.17337e-05, 0), \
                           ValErr(-0.000105266, 5.65942e-05, 0), \
                           -153219, 61301, 61301, -nan)
reports[-1].sigmax = ValErr(0.689333, 0.00195815, 0)
reports[-1].sigmay = ValErr(1.03418, 0.00294111, 0)
reports[-1].sigmadxdz = ValErr(0, 0, 0)
reports[-1].sigmadydz = ValErr(0, 0, 0)
reports[-1].add_stats(-0.000117752, -0.00676795, -0.000846724, -0.00364794, -0.000229953, -0.00523555, -0.000867508, 0.000285076, -0.000229953, -0.00523555, -0.000867508, 0.000285076, -0.00150851, -0.00621484, -0.000865572, 0.000308044, -0.00150851, -0.00621484, -0.000865572, 0.000308044, 0.689478, 1.03421, 0.0034909, 0.0441292, 0.689478, 1.03421, 0.0034909, 0.0441292)
reports[-1].CovMatrix = ['1.21881e-05','5.92003e-05','-4.83773e-05','8.41911e-08','-2.78925e-08','-4.857e-08','-2.14655e-08','1.57349e-08','0','0','0','0','5.92003e-05','0.000997822','-0.000796093','1.44821e-06','-2.64462e-07','4.34252e-09','-3.13961e-07','2.34173e-07','0','0','0','0','-4.83773e-05','-0.000796093','0.000647683','-1.1157e-06','1.61987e-07','1.60356e-09','3.13107e-07','-1.85419e-07','0','0','0','0','8.41911e-08','1.44821e-06','-1.1157e-06','6.66769e-09','-1.38755e-11','3.20923e-10','4.93304e-10','-5.85587e-10','0','0','0','0','-2.78925e-08','-2.64462e-07','1.61987e-07','-1.38755e-11','8.41507e-09','2.59174e-09','2.80214e-10','-3.19188e-10','0','0','0','0','-4.857e-08','4.34252e-09','1.60356e-09','3.20923e-10','2.59174e-09','3.2029e-09','1.14354e-10','-2.37244e-10','0','0','0','0','-2.14655e-08','-3.13961e-07','3.13107e-07','4.93304e-10','2.80214e-10','1.14354e-10','3.83437e-06','2.98799e-08','0','0','0','0','1.57349e-08','2.34173e-07','-1.85419e-07','-5.85587e-10','-3.19188e-10','-2.37244e-10','2.98799e-08','8.65012e-06','0','0','0','0','0','0','0','0','0','0','0','0','0','0','0','0','0','0','0','0','0','0','0','0','0','0','0','0','0','0','0','0','0','0','0','0','0','0','0','0','0','0','0','0','0','0','0','0','0','0','0','0']

reports.append(Report(579108864, ("DT", -2, 2, 1), "MBwhAst2sec01"))
reports[-1].posNum = 93153
reports[-1].negNum = 0
reports[-1].fittype = "6DOF"
reports[-1].add_parameters(ValErr(-0.00224261, 0.00315615, 0), \
                           ValErr(-0.0568074, 0.0256404, 0), \
                           ValErr(0.0480234, 0.024505, 0), \
                           ValErr(0.000128409, 9.38307e-05, 0), \
                           ValErr(-0.000681275, 8.96415e-05, 0), \
                           ValErr(-0.000360603, 6.34513e-05, 0), \
                           -273354, 93153, 93153, -nan)
reports[-1].sigmax = ValErr(0.900519, 0.00208632, 0)
reports[-1].sigmay = ValErr(1.22308, 0.00283363, 0)
reports[-1].sigmadxdz = ValErr(0, 0, 0)
reports[-1].sigmadydz = ValErr(0, 0, 0)
reports[-1].add_stats(-0.00435078, -0.00609562, -0.0013248, -0.0014139, -0.00458048, -0.00850735, -0.00132675, -0.00115067, -0.00458048, -0.00850735, -0.00132675, -0.00115067, -0.00497445, -0.0131569, -0.00133679, -0.00130868, -0.00497445, -0.0131569, -0.00133679, -0.00130868, 0.900665, 1.22331, 0.00378033, 0.0244301, 0.900665, 1.22331, 0.00378033, 0.0244301)
reports[-1].CovMatrix = ['9.96128e-06','-2.24959e-05','2.18495e-05','-3.83593e-08','-6.33243e-09','-3.39286e-08','3.48987e-09','1.74161e-10','0','0','0','0','-2.24959e-05','0.000657428','-0.000620187','1.12132e-06','1.28149e-07','3.41313e-08','-1.35193e-08','4.94505e-08','0','0','0','0','2.18495e-05','-0.000620187','0.000600495','-1.01243e-06','-1.13692e-07','-3.55423e-08','1.2568e-08','-3.50665e-08','0','0','0','0','-3.83593e-08','1.12132e-06','-1.01243e-06','8.8042e-09','4.58958e-11','-1.55823e-10','-7.15246e-12','2.71643e-10','0','0','0','0','-6.33243e-09','1.28149e-07','-1.13692e-07','4.58958e-11','8.0356e-09','3.85511e-09','-1.77772e-10','7.37693e-10','0','0','0','0','-3.39286e-08','3.41313e-08','-3.55423e-08','-1.55823e-10','3.85511e-09','4.02607e-09','6.28851e-11','2.31635e-10','0','0','0','0','3.48987e-09','-1.35193e-08','1.2568e-08','-7.15246e-12','-1.77772e-10','6.28851e-11','4.35271e-06','-2.43513e-11','0','0','0','0','1.74161e-10','4.94505e-08','-3.50665e-08','2.71643e-10','7.37693e-10','2.31635e-10','-2.43513e-11','8.02945e-06','0','0','0','0','0','0','0','0','0','0','0','0','0','0','0','0','0','0','0','0','0','0','0','0','0','0','0','0','0','0','0','0','0','0','0','0','0','0','0','0','0','0','0','0','0','0','0','0','0','0','0','0']

reports.append(Report(579371008, ("DT", -2, 2, 2), "MBwhAst2sec02"))
reports[-1].posNum = 81530
reports[-1].negNum = 0
reports[-1].fittype = "6DOF"
reports[-1].add_parameters(ValErr(0.0320435, 0.0035495, 0), \
                           ValErr(-0.0527645, 0.0271718, 0), \
                           ValErr(0.0592783, 0.0259875, 0), \
                           ValErr(0.000355423, 0.000102589, 0), \
                           ValErr(-0.000569541, 9.54912e-05, 0), \
                           ValErr(-0.000393698, 6.94862e-05, 0), \
                           -238097, 81530, 81530, -nan)
reports[-1].sigmax = ValErr(0.898632, 0.0022254, 0)
reports[-1].sigmay = ValErr(1.20849, 0.00299275, 0)
reports[-1].sigmadxdz = ValErr(0, 0, 0)
reports[-1].sigmadydz = ValErr(0, 0, 0)
reports[-1].add_stats(0.024992, 0.0036365, -0.00124794, 0.0120034, 0.0257343, 0.000788817, -0.00124601, 0.0129861, 0.0257343, 0.000788817, -0.00124601, 0.0129861, 0.0250536, 0.00214454, -0.00123336, 0.0129636, 0.0250536, 0.00214454, -0.00123336, 0.0129636, 0.898812, 1.2087, 0.00378591, 0.0273199, 0.898812, 1.2087, 0.00378591, 0.0273199)
reports[-1].CovMatrix = ['1.25989e-05','-3.44453e-05','3.33292e-05','-5.70868e-08','-3.66678e-08','-6.85329e-08','5.9936e-09','-4.8269e-09','0','0','0','0','-3.44453e-05','0.000738307','-0.000696417','1.28006e-06','2.03953e-07','1.20033e-07','-4.66304e-08','1.00736e-07','0','0','0','0','3.33292e-05','-0.000696417','0.000675351','-1.1057e-06','-2.18025e-07','-1.24395e-07','4.20208e-08','-7.92268e-08','0','0','0','0','-5.70868e-08','1.28006e-06','-1.1057e-06','1.05246e-08','-4.65456e-10','-2.53872e-10','-2.84222e-10','6.93571e-10','0','0','0','0','-3.66678e-08','2.03953e-07','-2.18025e-07','-4.65456e-10','9.11856e-09','4.60196e-09','-3.1626e-11','5.65064e-10','0','0','0','0','-6.85329e-08','1.20033e-07','-1.24395e-07','-2.53872e-10','4.60196e-09','4.82833e-09','9.04736e-11','2.34125e-10','0','0','0','0','5.9936e-09','-4.66304e-08','4.20208e-08','-2.84222e-10','-3.1626e-11','9.04736e-11','4.95243e-06','-2.35008e-11','0','0','0','0','-4.8269e-09','1.00736e-07','-7.92268e-08','6.93571e-10','5.65064e-10','2.34125e-10','-2.35008e-11','8.95657e-06','0','0','0','0','0','0','0','0','0','0','0','0','0','0','0','0','0','0','0','0','0','0','0','0','0','0','0','0','0','0','0','0','0','0','0','0','0','0','0','0','0','0','0','0','0','0','0','0','0','0','0','0']

reports.append(Report(579633152, ("DT", -2, 2, 3), "MBwhAst2sec03"))
reports[-1].posNum = 78963
reports[-1].negNum = 0
reports[-1].fittype = "6DOF"
reports[-1].add_parameters(ValErr(0.0326602, 0.00352233, 0), \
                           ValErr(-0.0936188, 0.0273278, 0), \
                           ValErr(0.0758372, 0.0260159, 0), \
                           ValErr(0.00022589, 0.000105685, 0), \
                           ValErr(-0.000444297, 9.91527e-05, 0), \
                           ValErr(-0.000297846, 7.19973e-05, 0), \
                           -229636, 78963, 78963, -nan)
reports[-1].sigmax = ValErr(0.887426, 0.00223224, 0)
reports[-1].sigmay = ValErr(1.20889, 0.00303406, 0)
reports[-1].sigmadxdz = ValErr(0, 0, 0)
reports[-1].sigmadydz = ValErr(0, 0, 0)
reports[-1].add_stats(0.0303648, -0.0160428, -0.000340878, -0.000202927, 0.0267613, -0.0207068, -0.000342054, -0.000143784, 0.0267613, -0.0207068, -0.000342054, -0.000143784, 0.0310047, -0.0246, -0.000347154, -0.000239859, 0.0310047, -0.0246, -0.000347154, -0.000239859, 0.887538, 1.20905, 0.00371362, 0.0228616, 0.887538, 1.20905, 0.00371362, 0.0228616)
reports[-1].CovMatrix = ['1.24068e-05','-3.09646e-05','2.98849e-05','-5.16055e-08','-3.96977e-08','-7.22686e-08','-9.59137e-09','1.14921e-08','0','0','0','0','-3.09646e-05','0.000746806','-0.000700894','1.29019e-06','1.99311e-07','8.95881e-08','2.2641e-07','1.93011e-08','0','0','0','0','2.98849e-05','-0.000700894','0.000676826','-1.09849e-06','-1.95264e-07','-9.20862e-08','-2.06209e-07','-1.05653e-08','0','0','0','0','-5.16055e-08','1.29019e-06','-1.09849e-06','1.11694e-08','-2.62081e-11','-1.58445e-10','8.28388e-10','-7.03853e-10','0','0','0','0','-3.96977e-08','1.99311e-07','-1.95264e-07','-2.62081e-11','9.83125e-09','4.99067e-09','-3.98253e-11','-3.10668e-10','0','0','0','0','-7.22686e-08','8.95881e-08','-9.20862e-08','-1.58445e-10','4.99067e-09','5.18361e-09','2.47507e-10','1.01671e-10','0','0','0','0','-9.59137e-09','2.2641e-07','-2.06209e-07','8.28388e-10','-3.98253e-11','2.47507e-10','4.98288e-06','-1.05983e-08','0','0','0','0','1.14921e-08','1.93011e-08','-1.05653e-08','-7.03853e-10','-3.10668e-10','1.01671e-10','-1.05983e-08','9.20554e-06','0','0','0','0','0','0','0','0','0','0','0','0','0','0','0','0','0','0','0','0','0','0','0','0','0','0','0','0','0','0','0','0','0','0','0','0','0','0','0','0','0','0','0','0','0','0','0','0','0','0','0','0']

reports.append(Report(579895296, ("DT", -2, 2, 4), "MBwhAst2sec04"))
reports[-1].posNum = 93164
reports[-1].negNum = 0
reports[-1].fittype = "6DOF"
reports[-1].add_parameters(ValErr(0.0495488, 0.00318801, 0), \
                           ValErr(-0.108654, 0.0259793, 0), \
                           ValErr(0.11969, 0.024747, 0), \
                           ValErr(0.000126907, 9.42258e-05, 0), \
                           ValErr(-0.000290181, 8.87027e-05, 0), \
                           ValErr(-3.87224e-06, 6.31666e-05, 0), \
                           -273168, 93164, 93164, -nan)
reports[-1].sigmax = ValErr(0.899864, 0.00207861, 0)
reports[-1].sigmay = ValErr(1.2211, 0.00282327, 0)
reports[-1].sigmadxdz = ValErr(0, 0, 0)
reports[-1].sigmadydz = ValErr(0, 0, 0)
reports[-1].add_stats(0.0470884, 0.0126628, 0.000693529, 0.00224042, 0.0465658, 0.0120462, 0.000702919, 0.00212459, 0.0465658, 0.0120462, 0.000702919, 0.00212459, 0.0462919, 0.0127919, 0.000699016, 0.00216826, 0.0462919, 0.0127919, 0.000699016, 0.00216826, 0.899931, 1.22136, 0.00375754, 0.0243524, 0.899931, 1.22136, 0.00375754, 0.0243524)
