nan = None;  NAN = None
nan = 0
reports = []
class ValErr:
    def __init__(self, value, error, antisym):
        self.value, self.error, self.antisym = value, error, antisym

    def __repr__(self):
        if self.antisym == 0.:
            return "%g +- %g" % (self.value, self.error)
        else:
            return "%g +- %g ~ %g" % (self.value, self.error, self.antisym)

class Report:
    def __init__(self, chamberId, postal_address, name):
        self.chamberId, self.postal_address, self.name = chamberId, postal_address, name
        self.status = "NOFIT"
        self.fittype = None
        self.CovMatrix = None

    def add_parameters(self, deltax, deltay, deltaz, deltaphix, deltaphiy, deltaphiz, loglikelihood, numsegments, sumofweights, redchi2):
        self.status = "PASS"
        self.deltax, self.deltay, self.deltaz, self.deltaphix, self.deltaphiy, self.deltaphiz = deltax, deltay, deltaz, deltaphix, deltaphiy, deltaphiz
        self.loglikelihood, self.numsegments, self.sumofweights, self.redchi2 = loglikelihood, numsegments, sumofweights, redchi2

    def add_stats(self, median_x, median_y, median_dxdz, median_dydz, mean30_x, mean30_y, mean20_dxdz, mean50_dydz, mean15_x, mean15_y, mean10_dxdz, mean25_dydz, wmean30_x, wmean30_y, wmean20_dxdz, wmean50_dydz, wmean15_x, wmean15_y, wmean10_dxdz, wmean25_dydz, stdev30_x, stdev30_y, stdev20_dxdz, stdev50_dydz, stdev15_x, stdev15_y, stdev10_dxdz, stdev25_dydz):
        self.median_x, self.median_y, self.median_dxdz, self.median_dydz, self.mean30_x, self.mean30_y, self.mean20_dxdz, self.mean50_dydz, self.mean15_x, self.mean15_y, self.mean10_dxdz, self.mean25_dydz, self.wmean30_x, self.wmean30_y, self.wmean20_dxdz, self.wmean50_dydz, self.wmean15_x, self.wmean15_y, self.wmean10_dxdz, self.wmean25_dydz, self.stdev30_x, self.stdev30_y, self.stdev20_dxdz, self.stdev50_dydz, self.stdev15_x, self.stdev15_y, self.stdev10_dxdz, self.stdev25_dydz = median_x, median_y, median_dxdz, median_dydz, mean30_x, mean30_y, mean20_dxdz, mean50_dydz, mean15_x, mean15_y, mean10_dxdz, mean25_dydz, wmean30_x, wmean30_y, wmean20_dxdz, wmean50_dydz, wmean15_x, wmean15_y, wmean10_dxdz, wmean25_dydz, stdev30_x, stdev30_y, stdev20_dxdz, stdev50_dydz, stdev15_x, stdev15_y, stdev10_dxdz, stdev25_dydz

    def __repr__(self):
        return "<Report %s %s %s>" % (self.postal_address[0], " ".join(map(str, self.postal_address[1:])), self.status)

reports.append(Report(574914560, ("DT", -2, 1, 1), "MBwhAst1sec01"))
reports[-1].posNum = 33217
reports[-1].negNum = 0
reports[-1].fittype = "6DOF"
reports[-1].add_parameters(ValErr(-0.0865347, 0.00484013, 0), \
                           ValErr(0.142114, 0.0396093, 0), \
                           ValErr(0.0543516, 0.0321161, 0), \
                           ValErr(5.41428e-05, 0.000109206, 0), \
                           ValErr(6.80067e-05, 0.000116069, 0), \
                           ValErr(-2.24488e-05, 7.81087e-05, 0), \
                           -81074.6, 33217, 33217, -nan)
reports[-1].sigmax = ValErr(0.67622, 0.00262358, 0)
reports[-1].sigmay = ValErr(0.994134, 0.003857, 0)
reports[-1].sigmadxdz = ValErr(0, 0, 0)
reports[-1].sigmadydz = ValErr(0, 0, 0)
reports[-1].add_stats(-0.0888086, 0.214043, 9.19076e-05, -0.00247354, -0.0825662, 0.206086, 0.000108707, -0.00159576, -0.0825662, 0.206086, 0.000108707, -0.00159576, -0.0793947, 0.210537, 9.09294e-05, -0.00165917, -0.0793947, 0.210537, 9.09294e-05, -0.00165917, 0.67624, 0.994195, 0.00346962, 0.0317085, 0.67624, 0.994195, 0.00346962, 0.0317085)
reports[-1].CovMatrix = ['2.34268e-05','0.000112337','-9.20124e-05','1.61773e-07','-4.52685e-08','-7.99366e-08','1.12344e-08','2.43637e-09','0','0','0','0','0.000112337','0.0015689','-0.00125898','2.30855e-06','-3.06581e-07','8.88898e-08','4.12651e-08','1.19535e-07','0','0','0','0','-9.20124e-05','-0.00125898','0.00103144','-1.77087e-06','2.45824e-07','-6.3788e-08','-3.28711e-08','-8.08829e-08','0','0','0','0','1.61773e-07','2.30855e-06','-1.77087e-06','1.1926e-08','-2.32521e-10','8.15635e-10','1.49538e-10','4.13227e-10','0','0','0','0','-4.52685e-08','-3.06581e-07','2.45824e-07','-2.32521e-10','1.34721e-08','4.90805e-09','4.60272e-10','-8.04437e-11','0','0','0','0','-7.99366e-08','8.88898e-08','-6.3788e-08','8.15635e-10','4.90805e-09','6.10097e-09','8.90902e-11','2.77344e-10','0','0','0','0','1.12344e-08','4.12651e-08','-3.28711e-08','1.49538e-10','4.60272e-10','8.90902e-11','6.88316e-06','-2.76783e-12','0','0','0','0','2.43637e-09','1.19535e-07','-8.08829e-08','4.13227e-10','-8.04437e-11','2.77344e-10','-2.76783e-12','1.48765e-05','0','0','0','0','0','0','0','0','0','0','0','0','0','0','0','0','0','0','0','0','0','0','0','0','0','0','0','0','0','0','0','0','0','0','0','0','0','0','0','0','0','0','0','0','0','0','0','0','0','0','0','0']

reports.append(Report(575176704, ("DT", -2, 1, 2), "MBwhAst1sec02"))
reports[-1].posNum = 21620
reports[-1].negNum = 0
reports[-1].fittype = "6DOF"
reports[-1].add_parameters(ValErr(0.0107969, 0.00589565, 0), \
                           ValErr(-0.0923073, 0.048822, 0), \
                           ValErr(0.0163041, 0.0395203, 0), \
                           ValErr(-0.000161351, 0.000130816, 0), \
                           ValErr(0.000339629, 0.000145838, 0), \
                           ValErr(-3.86992e-05, 9.29582e-05, 0), \
                           -52658.6, 21620, 21620, -nan)
reports[-1].sigmax = ValErr(0.670412, 0.00322402, 0)
reports[-1].sigmay = ValErr(0.99763, 0.00479765, 0)
reports[-1].sigmadxdz = ValErr(0, 0, 0)
reports[-1].sigmadydz = ValErr(0, 0, 0)
reports[-1].add_stats(0.0139427, -0.0754943, 0.000927561, -0.00260536, 0.0100198, -0.0680747, 0.000941115, -0.0015726, 0.0100198, -0.0680747, 0.000941115, -0.0015726, 0.007852, -0.0666816, 0.00094752, -0.00170274, 0.007852, -0.0666816, 0.00094752, -0.00170274, 0.670399, 0.997888, 0.00344245, 0.0331353, 0.670399, 0.997888, 0.00344245, 0.0331353)
reports[-1].CovMatrix = ['3.47586e-05','0.000158742','-0.000130087','2.22447e-07','-9.79282e-08','-1.54263e-07','1.83285e-08','-1.47043e-09','0','0','0','0','0.000158742','0.00238359','-0.00190843','3.45196e-06','-6.39777e-07','3.01749e-08','6.84478e-08','1.67657e-07','0','0','0','0','-0.000130087','-0.00190843','0.00156186','-2.61088e-06','4.76899e-07','-8.89637e-09','-5.68076e-08','-1.06674e-07','0','0','0','0','2.22447e-07','3.45196e-06','-2.61088e-06','1.71129e-08','-4.16921e-10','9.17411e-10','2.43991e-10','5.93543e-10','0','0','0','0','-9.79282e-08','-6.39777e-07','4.76899e-07','-4.16921e-10','2.12688e-08','7.10041e-09','1.02059e-09','-6.56701e-10','0','0','0','0','-1.54263e-07','3.01749e-08','-8.89637e-09','9.17411e-10','7.10041e-09','8.64123e-09','1.23113e-10','3.77683e-10','0','0','0','0','1.83285e-08','6.84478e-08','-5.68076e-08','2.43991e-10','1.02059e-09','1.23113e-10','1.03943e-05','-4.35958e-11','0','0','0','0','-1.47043e-09','1.67657e-07','-1.06674e-07','5.93543e-10','-6.56701e-10','3.77683e-10','-4.35958e-11','2.30175e-05','0','0','0','0','0','0','0','0','0','0','0','0','0','0','0','0','0','0','0','0','0','0','0','0','0','0','0','0','0','0','0','0','0','0','0','0','0','0','0','0','0','0','0','0','0','0','0','0','0','0','0','0']

reports.append(Report(575438848, ("DT", -2, 1, 3), "MBwhAst1sec03"))
reports[-1].posNum = 24137
reports[-1].negNum = 0
reports[-1].fittype = "6DOF"
reports[-1].add_parameters(ValErr(-0.0282117, 0.00589859, 0), \
                           ValErr(-0.0369099, 0.0451155, 0), \
                           ValErr(-0.0518171, 0.0366264, 0), \
                           ValErr(-0.000112786, 0.000125306, 0), \
                           ValErr(8.38311e-05, 0.000133074, 0), \
                           ValErr(-0.000146054, 9.00625e-05, 0), \
                           -58737.5, 24137, 24137, -nan)
reports[-1].sigmax = ValErr(0.67068, 0.00305253, 0)
reports[-1].sigmay = ValErr(0.995104, 0.0045291, 0)
reports[-1].sigmadxdz = ValErr(0, 0, 0)
reports[-1].sigmadydz = ValErr(0, 0, 0)
reports[-1].add_stats(-0.0333414, -0.0969744, 0.000106628, -0.00284, -0.0367534, -0.0963884, 0.000130318, -0.00180107, -0.0367534, -0.0963884, 0.000130318, -0.00180107, -0.0372454, -0.0925717, 0.000133892, -0.00166295, -0.0372454, -0.0925717, 0.000133892, -0.00166295, 0.670744, 0.99524, 0.00344029, 0.0326715, 0.670744, 0.99524, 0.00344029, 0.0326715)
reports[-1].CovMatrix = ['3.47934e-05','0.000161777','-0.000132575','2.25641e-07','-9.63828e-08','-1.49439e-07','1.39758e-08','5.07863e-09','0','0','0','0','0.000161777','0.00203541','-0.00163333','2.95913e-06','-5.01052e-07','-1.96515e-08','3.77674e-08','1.89461e-07','0','0','0','0','-0.000132575','-0.00163333','0.0013415','-2.21662e-06','4.55646e-07','3.42329e-08','-2.35091e-08','-1.36324e-07','0','0','0','0','2.25641e-07','2.95913e-06','-2.21662e-06','1.57016e-08','3.00182e-11','9.9618e-10','4.71644e-10','2.10928e-10','0','0','0','0','-9.63828e-08','-5.01052e-07','4.55646e-07','3.00182e-11','1.77087e-08','6.59098e-09','-1.31692e-10','1.03139e-09','0','0','0','0','-1.49439e-07','-1.96515e-08','3.42329e-08','9.9618e-10','6.59098e-09','8.11125e-09','-6.00439e-11','6.24758e-10','0','0','0','0','1.39758e-08','3.77674e-08','-2.35091e-08','4.71644e-10','-1.31692e-10','-6.00439e-11','9.31792e-06','-9.14458e-12','0','0','0','0','5.07863e-09','1.89461e-07','-1.36324e-07','2.10928e-10','1.03139e-09','6.24758e-10','-9.14458e-12','2.05128e-05','0','0','0','0','0','0','0','0','0','0','0','0','0','0','0','0','0','0','0','0','0','0','0','0','0','0','0','0','0','0','0','0','0','0','0','0','0','0','0','0','0','0','0','0','0','0','0','0','0','0','0','0']

reports.append(Report(575700992, ("DT", -2, 1, 4), "MBwhAst1sec04"))
reports[-1].posNum = 34090
reports[-1].negNum = 0
reports[-1].fittype = "6DOF"
reports[-1].add_parameters(ValErr(-0.0977018, 0.0046466, 0), \
                           ValErr(0.0755036, 0.0399408, 0), \
                           ValErr(-0.0425558, 0.0323178, 0), \
                           ValErr(4.71434e-05, 0.000106975, 0), \
                           ValErr(-0.000126322, 0.000116276, 0), \
                           ValErr(0.000332164, 7.56393e-05, 0), \
                           -83385.4, 34090, 34090, -nan)
reports[-1].sigmax = ValErr(0.674647, 0.00258375, 0)
reports[-1].sigmay = ValErr(1.00173, 0.00383639, 0)
reports[-1].sigmadxdz = ValErr(0, 0, 0)
reports[-1].sigmadydz = ValErr(0, 0, 0)
reports[-1].add_stats(-0.0954048, 0.0216212, 0.000516086, -0.00310809, -0.0955676, 0.0220789, 0.000528705, -0.00236178, -0.0955676, 0.0220789, 0.000528705, -0.00236178, -0.0967998, 0.0187104, 0.000536366, -0.0023663, -0.0967998, 0.0187104, 0.000536366, -0.0023663, 0.674854, 1.00196, 0.00343973, 0.0345855, 0.674854, 1.00196, 0.00343973, 0.0345855)
reports[-1].CovMatrix = ['2.15909e-05','0.000106278','-8.69687e-05','1.53073e-07','-3.13748e-08','-6.1138e-08','1.47387e-08','-3.3255e-09','0','0','0','0','0.000106278','0.00159527','-0.00127814','2.3193e-06','-3.31266e-07','9.79685e-08','9.63518e-08','3.16342e-08','0','0','0','0','-8.69687e-05','-0.00127814','0.00104444','-1.80366e-06','2.3623e-07','-7.35663e-08','-7.69573e-08','-1.25513e-08','0','0','0','0','1.53073e-07','2.3193e-06','-1.80366e-06','1.14437e-08','-3.35007e-10','7.3547e-10','3.31629e-10','9.68883e-11','0','0','0','0','-3.13748e-08','-3.31266e-07','2.3623e-07','-3.35007e-10','1.35201e-08','4.61883e-09','6.10601e-11','4.77865e-10','0','0','0','0','-6.1138e-08','9.79685e-08','-7.35663e-08','7.3547e-10','4.61883e-09','5.7213e-09','-2.44034e-11','4.2728e-10','0','0','0','0','1.47387e-08','9.63518e-08','-7.69573e-08','3.31629e-10','6.10601e-11','-2.44034e-11','6.67575e-06','1.01581e-12','0','0','0','0','-3.3255e-09','3.16342e-08','-1.25513e-08','9.68883e-11','4.77865e-10','4.2728e-10','1.01581e-12','1.47179e-05','0','0','0','0','0','0','0','0','0','0','0','0','0','0','0','0','0','0','0','0','0','0','0','0','0','0','0','0','0','0','0','0','0','0','0','0','0','0','0','0','0','0','0','0','0','0','0','0','0','0','0','0']

reports.append(Report(575963136, ("DT", -2, 1, 5), "MBwhAst1sec05"))
reports[-1].posNum = 30253
reports[-1].negNum = 0
reports[-1].fittype = "6DOF"
reports[-1].add_parameters(ValErr(0.0241132, 0.00516841, 0), \
                           ValErr(0.0206763, 0.0419299, 0), \
                           ValErr(-0.0510912, 0.0340447, 0), \
                           ValErr(-0.000208183, 0.000111928, 0), \
                           ValErr(8.71813e-05, 0.000122895, 0), \
                           ValErr(-0.000194442, 7.87305e-05, 0), \
                           -73575.5, 30253, 30253, -nan)
reports[-1].sigmax = ValErr(0.66954, 0.00272193, 0)
reports[-1].sigmay = ValErr(0.995306, 0.00404631, 0)
reports[-1].sigmadxdz = ValErr(0, 0, 0)
reports[-1].sigmadydz = ValErr(0, 0, 0)
reports[-1].add_stats(0.014053, -0.0322349, -9.5735e-05, -0.000725597, 0.0157904, -0.0373356, -0.00012244, -0.000877519, 0.0157904, -0.0373356, -0.00012244, -0.000877519, 0.0156996, -0.0405545, -0.000135126, -0.00111699, 0.0156996, -0.0405545, -0.000135126, -0.00111699, 0.669617, 0.995564, 0.00343062, 0.0340174, 0.669617, 0.995564, 0.00343062, 0.0340174)
reports[-1].CovMatrix = ['2.67125e-05','0.000134409','-0.000110129','1.91878e-07','-5.33894e-08','-8.65631e-08','1.09264e-08','5.97396e-09','0','0','0','0','0.000134409','0.00175811','-0.00141321','2.55515e-06','-4.668e-07','-1.52872e-08','4.18773e-08','1.36494e-07','0','0','0','0','-0.000110129','-0.00141321','0.00115904','-1.97807e-06','4.03449e-07','2.27619e-08','-3.53379e-08','-8.99167e-08','0','0','0','0','1.91878e-07','2.55515e-06','-1.97807e-06','1.25278e-08','-6.22215e-12','7.51815e-10','3.60137e-12','6.82364e-10','0','0','0','0','-5.33894e-08','-4.668e-07','4.03449e-07','-6.22215e-12','1.51032e-08','5.01178e-09','-3.07841e-10','1.11749e-09','0','0','0','0','-8.65631e-08','-1.52872e-08','2.27619e-08','7.51815e-10','5.01178e-09','6.19849e-09','-6.42341e-11','5.05088e-10','0','0','0','0','1.09264e-08','4.18773e-08','-3.53379e-08','3.60137e-12','-3.07841e-10','-6.42341e-11','7.40893e-06','-2.14236e-11','0','0','0','0','5.97396e-09','1.36494e-07','-8.99167e-08','6.82364e-10','1.11749e-09','5.05088e-10','-2.14236e-11','1.63726e-05','0','0','0','0','0','0','0','0','0','0','0','0','0','0','0','0','0','0','0','0','0','0','0','0','0','0','0','0','0','0','0','0','0','0','0','0','0','0','0','0','0','0','0','0','0','0','0','0','0','0','0','0']

reports.append(Report(576225280, ("DT", -2, 1, 6), "MBwhAst1sec06"))
reports[-1].posNum = 25635
reports[-1].negNum = 0
reports[-1].fittype = "6DOF"
reports[-1].add_parameters(ValErr(0.0128658, 0.00596373, 0), \
                           ValErr(-0.06053, 0.0447035, 0), \
                           ValErr(0.0937841, 0.0362737, 0), \
                           ValErr(0.000402015, 0.000121948, 0), \
                           ValErr(-3.44724e-06, 0.000132064, 0), \
                           ValErr(-4.00621e-05, 8.87247e-05, 0), \
                           -62254.9, 25635, 25635, -nan)
reports[-1].sigmax = ValErr(0.67441, 0.0029785, 0)
reports[-1].sigmay = ValErr(0.984671, 0.00434869, 0)
reports[-1].sigmadxdz = ValErr(0, 0, 0)
reports[-1].sigmadydz = ValErr(0, 0, 0)
reports[-1].add_stats(0.0213294, 0.0478138, -9.13064e-05, -0.00356777, 0.0205134, 0.0408397, -9.58875e-05, -0.00271206, 0.0205134, 0.0408397, -9.58875e-05, -0.00271206, 0.0233413, 0.034005, -0.000107377, -0.00284873, 0.0233413, 0.034005, -0.000107377, -0.00284873, 0.674449, 0.985289, 0.00344624, 0.0326307, 0.674449, 0.985289, 0.00344624, 0.0326307)
reports[-1].CovMatrix = ['3.55661e-05','0.000168663','-0.000137975','2.33326e-07','-1.09805e-07','-1.59495e-07','1.02896e-08','1.07187e-08','0','0','0','0','0.000168663','0.00199841','-0.0016035','2.90032e-06','-5.22169e-07','-6.41765e-08','-3.32972e-08','2.93445e-07','0','0','0','0','-0.000137975','-0.0016035','0.00131578','-2.16394e-06','4.98227e-07','7.19855e-08','4.20639e-08','-2.31932e-07','0','0','0','0','2.33326e-07','2.90032e-06','-2.16394e-06','1.48712e-08','1.379e-10','9.42379e-10','5.3235e-10','1.15945e-10','0','0','0','0','-1.09805e-07','-5.22169e-07','4.98227e-07','1.379e-10','1.74409e-08','6.41457e-09','7.85925e-10','-3.39863e-10','0','0','0','0','-1.59495e-07','-6.41765e-08','7.19855e-08','9.42379e-10','6.41457e-09','7.87208e-09','1.89942e-11','4.70067e-10','0','0','0','0','1.02896e-08','-3.32972e-08','4.20639e-08','5.3235e-10','7.85925e-10','1.89942e-11','8.87146e-06','-6.40468e-11','0','0','0','0','1.07187e-08','2.93445e-07','-2.31932e-07','1.15945e-10','-3.39863e-10','4.70067e-10','-6.40468e-11','1.89111e-05','0','0','0','0','0','0','0','0','0','0','0','0','0','0','0','0','0','0','0','0','0','0','0','0','0','0','0','0','0','0','0','0','0','0','0','0','0','0','0','0','0','0','0','0','0','0','0','0','0','0','0','0']

reports.append(Report(576487424, ("DT", -2, 1, 7), "MBwhAst1sec07"))
reports[-1].posNum = 35263
reports[-1].negNum = 0
reports[-1].fittype = "6DOF"
reports[-1].add_parameters(ValErr(-0.0463366, 0.0046473, 0), \
                           ValErr(0.0178074, 0.0387966, 0), \
                           ValErr(0.147902, 0.0314488, 0), \
                           ValErr(-4.59663e-05, 0.000107497, 0), \
                           ValErr(0.00038609, 0.000115486, 0), \
                           ValErr(-5.32676e-05, 7.64544e-05, 0), \
                           -85928, 35263, 35263, -nan)
reports[-1].sigmax = ValErr(0.670799, 0.00252591, 0)
reports[-1].sigmay = ValErr(0.998186, 0.0037587, 0)
reports[-1].sigmadxdz = ValErr(0, 0, 0)
reports[-1].sigmadydz = ValErr(0, 0, 0)
reports[-1].add_stats(-0.0387114, 0.204862, 0.000224046, -0.00116036, -0.0362066, 0.195957, 0.000207312, -0.00176352, -0.0362066, 0.195957, 0.000207312, -0.00176352, -0.0370457, 0.194914, 0.000210925, -0.0019105, -0.0370457, 0.194914, 0.000210925, -0.0019105, 0.670981, 0.998542, 0.00343699, 0.0322954, 0.670981, 0.998542, 0.00343699, 0.0322954)
reports[-1].CovMatrix = ['2.15974e-05','0.000105285','-8.62549e-05','1.50705e-07','-4.40717e-08','-7.57054e-08','1.95798e-08','-1.16357e-08','0','0','0','0','0.000105285','0.00150517','-0.00120766','2.20226e-06','-3.24199e-07','7.01313e-08','1.8134e-07','-1.01293e-07','0','0','0','0','-8.62549e-05','-0.00120766','0.000989029','-1.6894e-06','2.50906e-07','-4.88481e-08','-1.47974e-07','9.92354e-08','0','0','0','0','1.50705e-07','2.20226e-06','-1.6894e-06','1.15556e-08','-2.19394e-10','7.58084e-10','3.09259e-10','1.40424e-10','0','0','0','0','-4.40717e-08','-3.24199e-07','2.50906e-07','-2.19394e-10','1.33371e-08','4.74972e-09','1.19951e-10','3.89314e-10','0','0','0','0','-7.57054e-08','7.01313e-08','-4.88481e-08','7.58084e-10','4.74972e-09','5.84527e-09','6.50789e-11','2.88556e-10','0','0','0','0','1.95798e-08','1.8134e-07','-1.47974e-07','3.09259e-10','1.19951e-10','6.50789e-11','6.38025e-06','-8.71956e-12','0','0','0','0','-1.16357e-08','-1.01293e-07','9.92354e-08','1.40424e-10','3.89314e-10','2.88556e-10','-8.71956e-12','1.41278e-05','0','0','0','0','0','0','0','0','0','0','0','0','0','0','0','0','0','0','0','0','0','0','0','0','0','0','0','0','0','0','0','0','0','0','0','0','0','0','0','0','0','0','0','0','0','0','0','0','0','0','0','0']

reports.append(Report(576749568, ("DT", -2, 1, 8), "MBwhAst1sec08"))
reports[-1].posNum = 31513
reports[-1].negNum = 0
reports[-1].fittype = "6DOF"
reports[-1].add_parameters(ValErr(0.0291472, 0.00487998, 0), \
                           ValErr(0.0571688, 0.0409375, 0), \
                           ValErr(-0.0321092, 0.0331971, 0), \
                           ValErr(-0.000228117, 0.000111562, 0), \
                           ValErr(0.000244273, 0.000121284, 0), \
                           ValErr(-6.34394e-05, 7.86735e-05, 0), \
                           -76662.9, 31513, 31513, -nan)
reports[-1].sigmax = ValErr(0.667043, 0.00265702, 0)
reports[-1].sigmay = ValErr(0.999765, 0.00398234, 0)
reports[-1].sigmadxdz = ValErr(0, 0, 0)
reports[-1].sigmadydz = ValErr(0, 0, 0)
reports[-1].add_stats(0.0231185, 0.0307933, 0.000892116, -0.00157292, 0.0244902, 0.0234239, 0.000889712, -0.00106662, 0.0244902, 0.0234239, 0.000889712, -0.00106662, 0.0254844, 0.0246888, 0.000879901, -0.00120646, 0.0254844, 0.0246888, 0.000879901, -0.00120646, 0.667063, 1.00003, 0.00341349, 0.0335603, 0.667063, 1.00003, 0.00341349, 0.0335603)
reports[-1].CovMatrix = ['2.38142e-05','0.000116022','-9.51366e-05','1.63808e-07','-5.35705e-08','-9.01325e-08','1.28943e-08','-4.37193e-10','0','0','0','0','0.000116022','0.00167588','-0.00134504','2.42152e-06','-4.47043e-07','-2.24218e-08','1.02561e-07','2.71186e-08','0','0','0','0','-9.51366e-05','-0.00134504','0.00110205','-1.85998e-06','3.5287e-07','2.91847e-08','-8.1858e-08','-6.25513e-09','0','0','0','0','1.63808e-07','2.42152e-06','-1.85998e-06','1.24461e-08','1.21364e-10','7.0684e-10','2.95676e-10','2.2085e-10','0','0','0','0','-5.35705e-08','-4.47043e-07','3.5287e-07','1.21364e-10','1.47097e-08','5.04971e-09','5.55375e-11','5.48587e-10','0','0','0','0','-9.01325e-08','-2.24218e-08','2.91847e-08','7.0684e-10','5.04971e-09','6.18953e-09','1.29388e-10','2.10635e-10','0','0','0','0','1.28943e-08','1.02561e-07','-8.1858e-08','2.95676e-10','5.55375e-11','1.29388e-10','7.05974e-06','6.79762e-12','0','0','0','0','-4.37193e-10','2.71186e-08','-6.25513e-09','2.2085e-10','5.48587e-10','2.10635e-10','6.79762e-12','1.5859e-05','0','0','0','0','0','0','0','0','0','0','0','0','0','0','0','0','0','0','0','0','0','0','0','0','0','0','0','0','0','0','0','0','0','0','0','0','0','0','0','0','0','0','0','0','0','0','0','0','0','0','0','0']

reports.append(Report(577011712, ("DT", -2, 1, 9), "MBwhAst1sec09"))
reports[-1].posNum = 20493
reports[-1].negNum = 0
reports[-1].fittype = "6DOF"
reports[-1].add_parameters(ValErr(-0.0371789, 0.00587541, 0), \
                           ValErr(-0.0382962, 0.0497241, 0), \
                           ValErr(-0.0169463, 0.0403114, 0), \
                           ValErr(9.05701e-05, 0.000134635, 0), \
                           ValErr(0.000107065, 0.000144591, 0), \
                           ValErr(0.000188617, 9.55907e-05, 0), \
                           -49809.2, 20493, 20493, -nan)
reports[-1].sigmax = ValErr(0.670887, 0.00331384, 0)
reports[-1].sigmay = ValErr(0.991856, 0.00489927, 0)
reports[-1].sigmadxdz = ValErr(0, 0, 0)
reports[-1].sigmadydz = ValErr(0, 0, 0)
reports[-1].add_stats(-0.0343704, -0.053113, 3.2229e-05, -0.00294618, -0.0360769, -0.0600192, 6.0669e-05, -0.0018959, -0.0360769, -0.0600192, 6.0669e-05, -0.0018959, -0.036564, -0.0604396, 6.85802e-05, -0.00207269, -0.036564, -0.0604396, 6.85802e-05, -0.00207269, 0.670952, 0.991861, 0.00343873, 0.0333679, 0.670952, 0.991861, 0.00343873, 0.0333679)
reports[-1].CovMatrix = ['3.45204e-05','0.000160963','-0.000132058','2.34281e-07','-4.08314e-08','-9.28489e-08','7.96795e-09','1.79007e-08','0','0','0','0','0.000160963','0.00247249','-0.00198356','3.63895e-06','-3.28862e-07','3.50084e-07','-7.37422e-08','3.97121e-07','0','0','0','0','-0.000132058','-0.00198356','0.00162501','-2.81998e-06','2.02084e-07','-2.77475e-07','6.57926e-08','-3.07042e-07','0','0','0','0','2.34281e-07','3.63895e-06','-2.81998e-06','1.81265e-08','-9.51333e-10','1.41438e-09','3.8309e-10','3.79076e-10','0','0','0','0','-4.08314e-08','-3.28862e-07','2.02084e-07','-9.51333e-10','2.09066e-08','7.32464e-09','1.29681e-10','7.03107e-10','0','0','0','0','-9.28489e-08','3.50084e-07','-2.77475e-07','1.41438e-09','7.32464e-09','9.13758e-09','-1.23072e-11','6.68748e-10','0','0','0','0','7.96795e-09','-7.37422e-08','6.57926e-08','3.8309e-10','1.29681e-10','-1.23072e-11','1.09815e-05','-1.81357e-11','0','0','0','0','1.79007e-08','3.97121e-07','-3.07042e-07','3.79076e-10','7.03107e-10','6.68748e-10','-1.81357e-11','2.40029e-05','0','0','0','0','0','0','0','0','0','0','0','0','0','0','0','0','0','0','0','0','0','0','0','0','0','0','0','0','0','0','0','0','0','0','0','0','0','0','0','0','0','0','0','0','0','0','0','0','0','0','0','0']

reports.append(Report(577273856, ("DT", -2, 1, 10), "MBwhAst1sec10"))
reports[-1].posNum = 22540
reports[-1].negNum = 0
reports[-1].fittype = "6DOF"
reports[-1].add_parameters(ValErr(0.0391583, 0.0055666, 0), \
                           ValErr(0.0871532, 0.0492262, 0), \
                           ValErr(0.0120488, 0.039983, 0), \
                           ValErr(-1.039e-05, 0.000125316, 0), \
                           ValErr(-7.6018e-05, 0.000138679, 0), \
                           ValErr(0.000116559, 8.62238e-05, 0), \
                           -54839.1, 22540, 22540, -nan)
reports[-1].sigmax = ValErr(0.670935, 0.00316001, 0)
reports[-1].sigmay = ValErr(0.99419, 0.0046825, 0)
reports[-1].sigmadxdz = ValErr(0, 0, 0)
reports[-1].sigmadydz = ValErr(0, 0, 0)
reports[-1].add_stats(0.0442233, 0.102537, 8.22009e-05, -0.00198043, 0.0416124, 0.100884, 6.13047e-05, -0.000237747, 0.0416124, 0.100884, 6.13047e-05, -0.000237747, 0.0432181, 0.104881, 4.72818e-05, -0.000215858, 0.0432181, 0.104881, 4.72818e-05, -0.000215858, 0.670971, 0.994228, 0.00343295, 0.0332909, 0.670971, 0.994228, 0.00343295, 0.0332909)
reports[-1].CovMatrix = ['3.0987e-05','0.00015746','-0.000129342','2.3336e-07','6.99254e-09','-2.58052e-08','2.31971e-08','-3.52026e-09','0','0','0','0','0.00015746','0.00242322','-0.00195','3.5341e-06','-3.70834e-07','2.83932e-07','1.72305e-07','8.18258e-09','0','0','0','0','-0.000129342','-0.00195','0.00159864','-2.8462e-06','2.39028e-07','-2.30386e-07','-1.40134e-07','1.08919e-08','0','0','0','0','2.3336e-07','3.5341e-06','-2.8462e-06','1.5704e-08','-6.93931e-10','1.18166e-09','7.3277e-10','-2.99994e-10','0','0','0','0','6.99254e-09','-3.70834e-07','2.39028e-07','-6.93931e-10','1.92318e-08','5.96485e-09','2.68986e-10','4.13593e-10','0','0','0','0','-2.58052e-08','2.83932e-07','-2.30386e-07','1.18166e-09','5.96485e-09','7.43454e-09','9.30317e-11','4.26117e-10','0','0','0','0','2.31971e-08','1.72305e-07','-1.40134e-07','7.3277e-10','2.68986e-10','9.30317e-11','9.98566e-06','-1.06769e-11','0','0','0','0','-3.52026e-09','8.18258e-09','1.08919e-08','-2.99994e-10','4.13593e-10','4.26117e-10','-1.06769e-11','2.19258e-05','0','0','0','0','0','0','0','0','0','0','0','0','0','0','0','0','0','0','0','0','0','0','0','0','0','0','0','0','0','0','0','0','0','0','0','0','0','0','0','0','0','0','0','0','0','0','0','0','0','0','0','0']

reports.append(Report(577536000, ("DT", -2, 1, 11), "MBwhAst1sec11"))
reports[-1].posNum = 23438
reports[-1].negNum = 0
reports[-1].fittype = "6DOF"
reports[-1].add_parameters(ValErr(0.0528525, 0.00583943, 0), \
                           ValErr(0.0501327, 0.0494544, 0), \
                           ValErr(0.0160561, 0.0401059, 0), \
                           ValErr(0.000358113, 0.00012556, 0), \
                           ValErr(-0.000422097, 0.000140252, 0), \
                           ValErr(-5.8197e-05, 8.80192e-05, 0), \
                           -57396.7, 23438, 23438, -nan)
reports[-1].sigmax = ValErr(0.678709, 0.00313482, 0)
reports[-1].sigmay = ValErr(0.998571, 0.00461218, 0)
reports[-1].sigmadxdz = ValErr(0, 0, 0)
reports[-1].sigmadydz = ValErr(0, 0, 0)
reports[-1].add_stats(0.0563808, 0.0777661, -0.000610587, -0.00260623, 0.0554724, 0.0682586, -0.000619658, -0.0023463, 0.0554724, 0.0682586, -0.000619658, -0.0023463, 0.0587474, 0.0677205, -0.000628437, -0.00250629, 0.0587474, 0.0677205, -0.000628437, -0.00250629, 0.678717, 0.999075, 0.00346834, 0.0342403, 0.678717, 0.999075, 0.00346834, 0.0342403)
reports[-1].CovMatrix = ['3.40989e-05','0.000182865','-0.000149517','2.66301e-07','-7.71801e-09','-3.37832e-08','2.38061e-08','-1.81454e-09','0','0','0','0','0.000182865','0.00244573','-0.00196595','3.51028e-06','-5.35415e-07','1.01613e-07','1.61911e-07','2.40525e-08','0','0','0','0','-0.000149517','-0.00196595','0.00160848','-2.82566e-06','4.57561e-07','-7.91985e-08','-1.28687e-07','-3.57201e-09','0','0','0','0','2.66301e-07','3.51028e-06','-2.82566e-06','1.57653e-08','-2.09403e-10','1.1131e-09','9.86497e-10','-6.44713e-10','0','0','0','0','-7.71801e-09','-5.35415e-07','4.57561e-07','-2.09403e-10','1.96705e-08','6.22681e-09','6.12921e-10','-2.11394e-11','0','0','0','0','-3.37832e-08','1.01613e-07','-7.91985e-08','1.1131e-09','6.22681e-09','7.74737e-09','2.74504e-10','1.58405e-10','0','0','0','0','2.38061e-08','1.61911e-07','-1.28687e-07','9.86497e-10','6.12921e-10','2.74504e-10','9.82711e-06','-4.48097e-11','0','0','0','0','-1.81454e-09','2.40525e-08','-3.57201e-09','-6.44713e-10','-2.11394e-11','1.58405e-10','-4.48097e-11','2.12722e-05','0','0','0','0','0','0','0','0','0','0','0','0','0','0','0','0','0','0','0','0','0','0','0','0','0','0','0','0','0','0','0','0','0','0','0','0','0','0','0','0','0','0','0','0','0','0','0','0','0','0','0','0']

reports.append(Report(577798144, ("DT", -2, 1, 12), "MBwhAst1sec12"))
reports[-1].posNum = 29928
reports[-1].negNum = 0
reports[-1].fittype = "6DOF"
reports[-1].add_parameters(ValErr(-0.00381563, 0.0051309, 0), \
                           ValErr(0.113688, 0.0429214, 0), \
                           ValErr(0.00892428, 0.0348295, 0), \
                           ValErr(-1.38358e-05, 0.000114413, 0), \
                           ValErr(0.000290004, 0.000124653, 0), \
                           ValErr(0.000210037, 8.09406e-05, 0), \
                           -73169.4, 29928, 29928, -nan)
reports[-1].sigmax = ValErr(0.676081, 0.00276341, 0)
reports[-1].sigmay = ValErr(0.998415, 0.00408093, 0)
reports[-1].sigmadxdz = ValErr(0, 0, 0)
reports[-1].sigmadydz = ValErr(0, 0, 0)
reports[-1].add_stats(0.00294654, 0.122982, 0.00074971, -0.00301481, -0.000334916, 0.124773, 0.000728143, -0.00125462, -0.000334916, 0.124773, 0.000728143, -0.00125462, 0.000726245, 0.12535, 0.000723903, -0.00130333, 0.000726245, 0.12535, 0.000723903, -0.00130333, 0.676163, 0.998428, 0.00345344, 0.0320264, 0.676163, 0.998428, 0.00345344, 0.0320264)
reports[-1].CovMatrix = ['2.63262e-05','0.000129487','-0.000106141','1.85598e-07','-5.68507e-08','-9.41792e-08','2.03649e-08','-8.71919e-09','0','0','0','0','0.000129487','0.00184225','-0.00148016','2.70045e-06','-3.84654e-07','8.5482e-08','1.20483e-07','3.36743e-08','0','0','0','0','-0.000106141','-0.00148016','0.0012131','-2.07729e-06','3.01908e-07','-5.98503e-08','-1.02568e-07','-1.19016e-09','0','0','0','0','1.85598e-07','2.70045e-06','-2.07729e-06','1.30904e-08','-2.75064e-10','8.39377e-10','-5.85758e-11','8.07729e-10','0','0','0','0','-5.68507e-08','-3.84654e-07','3.01908e-07','-2.75064e-10','1.55384e-08','5.30796e-09','2.04654e-10','3.47698e-10','0','0','0','0','-9.41792e-08','8.5482e-08','-5.98503e-08','8.39377e-10','5.30796e-09','6.55139e-09','-1.26194e-10','6.19761e-10','0','0','0','0','2.03649e-08','1.20483e-07','-1.02568e-07','-5.85758e-11','2.04654e-10','-1.26194e-10','7.63643e-06','-3.31885e-11','0','0','0','0','-8.71919e-09','3.36743e-08','-1.19016e-09','8.07729e-10','3.47698e-10','6.19761e-10','-3.31885e-11','1.6654e-05','0','0','0','0','0','0','0','0','0','0','0','0','0','0','0','0','0','0','0','0','0','0','0','0','0','0','0','0','0','0','0','0','0','0','0','0','0','0','0','0','0','0','0','0','0','0','0','0','0','0','0','0']

reports.append(Report(579108864, ("DT", -2, 2, 1), "MBwhAst2sec01"))
reports[-1].posNum = 40327
reports[-1].negNum = 0
reports[-1].fittype = "6DOF"
reports[-1].add_parameters(ValErr(-0.100409, 0.00477722, 0), \
                           ValErr(0.0931493, 0.0378049, 0), \
                           ValErr(-0.0211373, 0.0362644, 0), \
                           ValErr(6.48506e-06, 0.000137548, 0), \
                           ValErr(0.000326763, 0.000131149, 0), \
                           ValErr(-7.30248e-05, 9.20094e-05, 0), \
                           -117789, 40327, 40327, -nan)
reports[-1].sigmax = ValErr(0.890807, 0.00313668, 0)
reports[-1].sigmay = ValErr(1.21969, 0.00429476, 0)
reports[-1].sigmadxdz = ValErr(0, 0, 0)
reports[-1].sigmadydz = ValErr(0, 0, 0)
reports[-1].add_stats(-0.107446, 0.0705313, 0.00021687, 0.000107933, -0.102615, 0.0719254, 0.000228299, -0.000726031, -0.102615, 0.0719254, 0.000228299, -0.000726031, -0.102296, 0.0724438, 0.000230254, -0.000666462, -0.102296, 0.0724438, 0.000230254, -0.000666462, 0.890816, 1.21995, 0.00371638, 0.0261561, 0.890816, 1.21995, 0.00371638, 0.0261561)
reports[-1].CovMatrix = ['2.28219e-05','-5.92499e-05','5.75138e-05','-1.03177e-07','2.20142e-08','-3.8357e-08','1.28035e-08','-3.18837e-09','0','0','0','0','-5.92499e-05','0.00142921','-0.00135283','2.42141e-06','2.79615e-07','7.97941e-08','-2.73199e-08','9.1727e-08','0','0','0','0','5.75138e-05','-0.00135283','0.00131511','-2.25589e-06','-2.83162e-07','-8.15609e-08','2.36894e-08','-6.14607e-08','0','0','0','0','-1.03177e-07','2.42141e-06','-2.25589e-06','1.89195e-08','-1.41249e-10','-5.10305e-10','-4.77802e-10','1.145e-09','0','0','0','0','2.20142e-08','2.79615e-07','-2.83162e-07','-1.41249e-10','1.72e-08','8.08029e-09','8.03525e-11','9.64582e-10','0','0','0','0','-3.8357e-08','7.97941e-08','-8.15609e-08','-5.10305e-10','8.08029e-09','8.46572e-09','5.71073e-11','6.24619e-10','0','0','0','0','1.28035e-08','-2.73199e-08','2.36894e-08','-4.77802e-10','8.03525e-11','5.71073e-11','9.83879e-06','-2.70537e-11','0','0','0','0','-3.18837e-09','9.1727e-08','-6.14607e-08','1.145e-09','9.64582e-10','6.24619e-10','-2.70537e-11','1.8445e-05','0','0','0','0','0','0','0','0','0','0','0','0','0','0','0','0','0','0','0','0','0','0','0','0','0','0','0','0','0','0','0','0','0','0','0','0','0','0','0','0','0','0','0','0','0','0','0','0','0','0','0','0']

reports.append(Report(579371008, ("DT", -2, 2, 2), "MBwhAst2sec02"))
reports[-1].posNum = 36849
reports[-1].negNum = 0
reports[-1].fittype = "6DOF"
reports[-1].add_parameters(ValErr(0.0514005, 0.00509642, 0), \
                           ValErr(-0.0884399, 0.0392341, 0), \
                           ValErr(-0.00873035, 0.0376167, 0), \
                           ValErr(-4.37718e-05, 0.000146215, 0), \
                           ValErr(-1.38338e-05, 0.000136887, 0), \
                           ValErr(2.27263e-05, 9.88472e-05, 0), \
                           -107280, 36849, 36849, -nan)
reports[-1].sigmax = ValErr(0.891952, 0.00328559, 0)
reports[-1].sigmay = ValErr(1.20659, 0.00444463, 0)
reports[-1].sigmadxdz = ValErr(0, 0, 0)
reports[-1].sigmadydz = ValErr(0, 0, 0)
reports[-1].add_stats(0.0557439, -0.100699, 7.59634e-05, -0.000477665, 0.0522015, -0.097102, 6.82134e-05, -0.00137032, 0.0522015, -0.097102, 6.82134e-05, -0.00137032, 0.0512544, -0.0973835, 7.20552e-05, -0.00142137, 0.0512544, -0.0973835, 7.20552e-05, -0.00142137, 0.891951, 1.2066, 0.0037075, 0.0257536, 0.891951, 1.2066, 0.0037075, 0.0257536)
reports[-1].CovMatrix = ['2.59735e-05','-7.35853e-05','7.11556e-05','-1.27742e-07','4.1259e-09','-6.15204e-08','6.25694e-09','5.50305e-09','0','0','0','0','-7.35853e-05','0.00153932','-0.00145613','2.61937e-06','4.30462e-07','2.53153e-07','3.1625e-08','2.26498e-08','0','0','0','0','7.11556e-05','-0.00145613','0.00141502','-2.40521e-06','-4.71537e-07','-2.5409e-07','-2.87361e-08','1.11556e-10','0','0','0','0','-1.27742e-07','2.61937e-06','-2.40521e-06','2.13789e-08','-7.654e-10','-4.89833e-10','8.95998e-11','4.1275e-10','0','0','0','0','4.1259e-09','4.30462e-07','-4.71537e-07','-7.654e-10','1.8738e-08','9.31189e-09','-5.85173e-11','1.22596e-09','0','0','0','0','-6.15204e-08','2.53153e-07','-2.5409e-07','-4.89833e-10','9.31189e-09','9.77077e-09','3.73234e-10','2.92846e-10','0','0','0','0','6.25694e-09','3.1625e-08','-2.87361e-08','8.95998e-11','-5.85173e-11','3.73234e-10','1.07951e-05','-2.78135e-11','0','0','0','0','5.50305e-09','2.26498e-08','1.11556e-10','4.1275e-10','1.22596e-09','2.92846e-10','-2.78135e-11','1.97547e-05','0','0','0','0','0','0','0','0','0','0','0','0','0','0','0','0','0','0','0','0','0','0','0','0','0','0','0','0','0','0','0','0','0','0','0','0','0','0','0','0','0','0','0','0','0','0','0','0','0','0','0','0']

reports.append(Report(579633152, ("DT", -2, 2, 3), "MBwhAst2sec03"))
reports[-1].posNum = 32902
reports[-1].negNum = 0
reports[-1].fittype = "6DOF"
reports[-1].add_parameters(ValErr(-0.0720003, 0.00528027, 0), \
                           ValErr(-0.142848, 0.0414414, 0), \
                           ValErr(0.0410713, 0.0397283, 0), \
                           ValErr(-4.8431e-05, 0.000154525, 0), \
                           ValErr(7.69097e-05, 0.000148113, 0), \
                           ValErr(-2.72869e-05, 0.000104336, 0), \
                           -95250.5, 32902, 32902, -nan)
reports[-1].sigmax = ValErr(0.882241, 0.00343923, 0)
reports[-1].sigmay = ValErr(1.20008, 0.00467827, 0)
reports[-1].sigmadxdz = ValErr(0, 0, 0)
reports[-1].sigmadydz = ValErr(0, 0, 0)
reports[-1].add_stats(-0.0655737, -0.105699, 0.000245816, -0.000112615, -0.0746781, -0.100931, 0.000272658, -0.000863799, -0.0746781, -0.100931, 0.000272658, -0.000863799, -0.0721134, -0.100337, 0.000272846, -0.000940788, -0.0721134, -0.100337, 0.000272846, -0.000940788, 0.882257, 1.2001, 0.00370905, 0.025533, 0.882257, 1.2001, 0.00370905, 0.025533)
reports[-1].CovMatrix = ['2.78813e-05','-6.67294e-05','6.48556e-05','-1.14299e-07','-3.12599e-08','-1.06176e-07','1.68092e-08','-1.06645e-08','0','0','0','0','-6.67294e-05','0.00171739','-0.00162387','2.96653e-06','3.17044e-07','5.20269e-08','-1.0201e-08','8.95382e-08','0','0','0','0','6.48556e-05','-0.00162387','0.00157834','-2.65305e-06','-3.01348e-07','-5.78371e-08','1.44564e-08','-6.00735e-08','0','0','0','0','-1.14299e-07','2.96653e-06','-2.65305e-06','2.3878e-08','2.63376e-10','-5.52345e-10','3.55636e-10','2.35864e-10','0','0','0','0','-3.12599e-08','3.17044e-07','-3.01348e-07','2.63376e-10','2.19375e-08','1.04998e-08','-1.57833e-10','1.5472e-09','0','0','0','0','-1.06176e-07','5.20269e-08','-5.78371e-08','-5.52345e-10','1.04998e-08','1.0886e-08','-2.2709e-10','1.1545e-09','0','0','0','0','1.68092e-08','-1.0201e-08','1.44564e-08','3.55636e-10','-1.57833e-10','-2.2709e-10','1.18283e-05','-1.86902e-11','0','0','0','0','-1.06645e-08','8.95382e-08','-6.00735e-08','2.35864e-10','1.5472e-09','1.1545e-09','-1.86902e-11','2.18862e-05','0','0','0','0','0','0','0','0','0','0','0','0','0','0','0','0','0','0','0','0','0','0','0','0','0','0','0','0','0','0','0','0','0','0','0','0','0','0','0','0','0','0','0','0','0','0','0','0','0','0','0','0']

reports.append(Report(579895296, ("DT", -2, 2, 4), "MBwhAst2sec04"))
reports[-1].posNum = 39400
reports[-1].negNum = 0
reports[-1].fittype = "6DOF"
reports[-1].add_parameters(ValErr(0.00432172, 0.00479762, 0), \
                           ValErr(-0.0468359, 0.0383565, 0), \
                           ValErr(0.0844301, 0.0367388, 0), \
                           ValErr(7.29026e-05, 0.000141644, 0), \
                           ValErr(0.000159103, 0.00013387, 0), \
                           ValErr(-4.34485e-06, 9.5387e-05, 0), \
                           -114863, 39400, 39400, -nan)
reports[-1].sigmax = ValErr(0.890595, 0.00313251, 0)
reports[-1].sigmay = ValErr(1.21324, 0.00432046, 0)
reports[-1].sigmadxdz = ValErr(0, 0, 0)
reports[-1].sigmadydz = ValErr(0, 0, 0)
reports[-1].add_stats(-0.00195544, 0.0429422, 0.000103272, -0.000775225, -0.000261572, 0.0384896, 0.000116197, -0.00129736, -0.000261572, 0.0384896, 0.000116197, -0.00129736, -0.00163402, 0.0433561, 0.000117423, -0.00136594, -0.00163402, 0.0433561, 0.000117423, -0.00136594, 0.890651, 1.21333, 0.00372314, 0.0253376, 0.890651, 1.21333, 0.00372314, 0.0253376)
