nan = None;  NAN = None
nan = 0
reports = []
class ValErr:
    def __init__(self, value, error, antisym):
        self.value, self.error, self.antisym = value, error, antisym

    def __repr__(self):
        if self.antisym == 0.:
            return "%g +- %g" % (self.value, self.error)
        else:
            return "%g +- %g ~ %g" % (self.value, self.error, self.antisym)

class Report:
    def __init__(self, chamberId, postal_address, name):
        self.chamberId, self.postal_address, self.name = chamberId, postal_address, name
        self.status = "NOFIT"
        self.fittype = None
        self.CovMatrix = None

    def add_parameters(self, deltax, deltay, deltaz, deltaphix, deltaphiy, deltaphiz, loglikelihood, numsegments, sumofweights, redchi2):
        self.status = "PASS"
        self.deltax, self.deltay, self.deltaz, self.deltaphix, self.deltaphiy, self.deltaphiz = deltax, deltay, deltaz, deltaphix, deltaphiy, deltaphiz
        self.loglikelihood, self.numsegments, self.sumofweights, self.redchi2 = loglikelihood, numsegments, sumofweights, redchi2

    def add_stats(self, median_x, median_y, median_dxdz, median_dydz, mean30_x, mean30_y, mean20_dxdz, mean50_dydz, mean15_x, mean15_y, mean10_dxdz, mean25_dydz, wmean30_x, wmean30_y, wmean20_dxdz, wmean50_dydz, wmean15_x, wmean15_y, wmean10_dxdz, wmean25_dydz, stdev30_x, stdev30_y, stdev20_dxdz, stdev50_dydz, stdev15_x, stdev15_y, stdev10_dxdz, stdev25_dydz):
        self.median_x, self.median_y, self.median_dxdz, self.median_dydz, self.mean30_x, self.mean30_y, self.mean20_dxdz, self.mean50_dydz, self.mean15_x, self.mean15_y, self.mean10_dxdz, self.mean25_dydz, self.wmean30_x, self.wmean30_y, self.wmean20_dxdz, self.wmean50_dydz, self.wmean15_x, self.wmean15_y, self.wmean10_dxdz, self.wmean25_dydz, self.stdev30_x, self.stdev30_y, self.stdev20_dxdz, self.stdev50_dydz, self.stdev15_x, self.stdev15_y, self.stdev10_dxdz, self.stdev25_dydz = median_x, median_y, median_dxdz, median_dydz, mean30_x, mean30_y, mean20_dxdz, mean50_dydz, mean15_x, mean15_y, mean10_dxdz, mean25_dydz, wmean30_x, wmean30_y, wmean20_dxdz, wmean50_dydz, wmean15_x, wmean15_y, wmean10_dxdz, wmean25_dydz, stdev30_x, stdev30_y, stdev20_dxdz, stdev50_dydz, stdev15_x, stdev15_y, stdev10_dxdz, stdev25_dydz

    def __repr__(self):
        return "<Report %s %s %s>" % (self.postal_address[0], " ".join(map(str, self.postal_address[1:])), self.status)

reports.append(Report(574914560, ("DT", -2, 1, 1), "MBwhAst1sec01"))
reports[-1].posNum = 6557
reports[-1].negNum = 0
reports[-1].fittype = "6DOF"
reports[-1].add_parameters(ValErr(-0.0821468, 0.0107808, 0), \
                           ValErr(0.192069, 0.0883782, 0), \
                           ValErr(0.0315314, 0.0716636, 0), \
                           ValErr(-7.81123e-05, 0.000243563, 0), \
                           ValErr(0.000292336, 0.000259887, 0), \
                           ValErr(6.50702e-05, 0.000173194, 0), \
                           -15930.8, 6557, 6557, -nan)
reports[-1].sigmax = ValErr(0.670334, 0.00585363, 0)
reports[-1].sigmay = ValErr(0.991736, 0.00866035, 0)
reports[-1].sigmadxdz = ValErr(0, 0, 0)
reports[-1].sigmadydz = ValErr(0, 0, 0)
reports[-1].add_stats(-0.0908704, 0.236837, 9.31832e-05, -0.00259225, -0.0794829, 0.231191, 6.10399e-05, -0.00199813, -0.0794829, 0.231191, 6.10399e-05, -0.00199813, -0.0776295, 0.248234, 5.54822e-05, -0.0018234, -0.0776295, 0.248234, 5.54822e-05, -0.0018234, 0.670367, 0.991792, 0.0034762, 0.0318323, 0.670367, 0.991792, 0.0034762, 0.0318323)
reports[-1].CovMatrix = ['0.000116225','0.000557856','-0.000457027','8.04455e-07','-2.1202e-07','-3.82329e-07','1.78613e-07','-1.68543e-07','0','0','0','0','0.000557856','0.00781071','-0.00626759','1.1499e-05','-1.50572e-06','5.15543e-07','1.66109e-06','-1.55139e-06','0','0','0','0','-0.000457027','-0.00626759','0.00513568','-8.83401e-06','1.19701e-06','-3.78975e-07','-1.3722e-06','1.37966e-06','0','0','0','0','8.04455e-07','1.1499e-05','-8.83401e-06','5.9323e-08','-1.45038e-09','4.15191e-09','1.46158e-09','9.77061e-10','0','0','0','0','-2.1202e-07','-1.50572e-06','1.19701e-06','-1.45038e-09','6.75412e-08','2.40968e-08','-2.48432e-09','6.58471e-09','0','0','0','0','-3.82329e-07','5.15543e-07','-3.78975e-07','4.15191e-09','2.40968e-08','2.99961e-08','-1.64606e-09','4.46608e-09','0','0','0','0','1.78613e-07','1.66109e-06','-1.3722e-06','1.46158e-09','-2.48432e-09','-1.64606e-09','3.4265e-05','-7.24818e-10','0','0','0','0','-1.68543e-07','-1.55139e-06','1.37966e-06','9.77061e-10','6.58471e-09','4.46608e-09','-7.24818e-10','7.50019e-05','0','0','0','0','0','0','0','0','0','0','0','0','0','0','0','0','0','0','0','0','0','0','0','0','0','0','0','0','0','0','0','0','0','0','0','0','0','0','0','0','0','0','0','0','0','0','0','0','0','0','0','0']

reports.append(Report(575176704, ("DT", -2, 1, 2), "MBwhAst1sec02"))
reports[-1].posNum = 4252
reports[-1].negNum = 0
reports[-1].fittype = "6DOF"
reports[-1].add_parameters(ValErr(-0.00693644, 0.0131544, 0), \
                           ValErr(-0.223879, 0.108198, 0), \
                           ValErr(0.121559, 0.0876479, 0), \
                           ValErr(-6.78921e-05, 0.000295036, 0), \
                           ValErr(-5.77598e-05, 0.000328032, 0), \
                           ValErr(-0.000291235, 0.00020858, 0), \
                           -10331, 4252, 4252, -nan)
reports[-1].sigmax = ValErr(0.666529, 0.00721611, 0)
reports[-1].sigmay = ValErr(0.99746, 0.0108234, 0)
reports[-1].sigmadxdz = ValErr(0, 0, 0)
reports[-1].sigmadydz = ValErr(0, 0, 0)
reports[-1].add_stats(-0.00126028, -0.0908748, 0.00098797, -0.00303909, -0.00298688, -0.0775489, 0.00101652, -0.00154191, -0.00298688, -0.0775489, 0.00101652, -0.00154191, -0.00459221, -0.0680623, 0.00102828, -0.00197915, -0.00459221, -0.0680623, 0.00102828, -0.00197915, 0.666848, 0.997511, 0.00338223, 0.0333247, 0.666848, 0.997511, 0.00338223, 0.0333247)
reports[-1].CovMatrix = ['0.000173038','0.000772956','-0.000634493','1.1009e-06','-4.82629e-07','-7.81348e-07','2.13193e-07','-3.80025e-07','0','0','0','0','0.000772956','0.0117068','-0.0093765','1.71662e-05','-2.94399e-06','3.40154e-07','2.78959e-06','-7.52346e-06','0','0','0','0','-0.000634493','-0.0093765','0.00768215','-1.29409e-05','2.15901e-06','-2.13049e-07','-2.9257e-06','5.83029e-06','0','0','0','0','1.1009e-06','1.71662e-05','-1.29409e-05','8.70464e-08','-3.62581e-09','4.87404e-09','5.45669e-09','-4.27551e-09','0','0','0','0','-4.82629e-07','-2.94399e-06','2.15901e-06','-3.62581e-09','1.07605e-07','3.57065e-08','1.88761e-09','-1.1565e-08','0','0','0','0','-7.81348e-07','3.40154e-07','-2.13049e-07','4.87404e-09','3.57065e-08','4.35055e-08','-2.04564e-10','-8.43693e-09','0','0','0','0','2.13193e-07','2.78959e-06','-2.9257e-06','5.45669e-09','1.88761e-09','-2.04564e-10','5.20723e-05','7.11059e-08','0','0','0','0','-3.80025e-07','-7.52346e-06','5.83029e-06','-4.27551e-09','-1.1565e-08','-8.43693e-09','7.11059e-08','0.000117146','0','0','0','0','0','0','0','0','0','0','0','0','0','0','0','0','0','0','0','0','0','0','0','0','0','0','0','0','0','0','0','0','0','0','0','0','0','0','0','0','0','0','0','0','0','0','0','0','0','0','0','0']

reports.append(Report(575438848, ("DT", -2, 1, 3), "MBwhAst1sec03"))
reports[-1].posNum = 4815
reports[-1].negNum = 0
reports[-1].fittype = "6DOF"
reports[-1].add_parameters(ValErr(-0.0141864, 0.0132133, 0), \
                           ValErr(-0.0223495, 0.100868, 0), \
                           ValErr(-0.0801535, 0.0818737, 0), \
                           ValErr(-0.000479194, 0.000281603, 0), \
                           ValErr(0.000333288, 0.000296844, 0), \
                           ValErr(-3.62208e-05, 0.000204067, 0), \
                           -11683.2, 4815, 4815, -nan)
reports[-1].sigmax = ValErr(0.671678, 0.00684468, 0)
reports[-1].sigmay = ValErr(0.986604, 0.0100539, 0)
reports[-1].sigmadxdz = ValErr(0, 0, 0)
reports[-1].sigmadydz = ValErr(0, 0, 0)
reports[-1].add_stats(-0.0221028, -0.117767, 1.03058e-05, -0.00269082, -0.02349, -0.10749, 7.38005e-05, -0.00155004, -0.02349, -0.10749, 7.38005e-05, -0.00155004, -0.0237472, -0.108697, 8.83455e-05, -0.00116939, -0.0237472, -0.108697, 8.83455e-05, -0.00116939, 0.6717, 0.987551, 0.00340724, 0.0323145, 0.6717, 0.987551, 0.00340724, 0.0323145)
reports[-1].CovMatrix = ['0.000174591','0.00080396','-0.000658753','1.12131e-06','-5.01696e-07','-7.76009e-07','3.54593e-07','-3.94153e-07','0','0','0','0','0.00080396','0.0101744','-0.0081635','1.48462e-05','-2.37404e-06','-2.32532e-08','3.11158e-06','-3.3412e-06','0','0','0','0','-0.000658753','-0.0081635','0.00670331','-1.10807e-05','2.16395e-06','1.16036e-07','-2.52357e-06','2.85026e-06','0','0','0','0','1.12131e-06','1.48462e-05','-1.10807e-05','7.93001e-08','7.37456e-10','5.28957e-09','5.2297e-09','-3.08625e-09','0','0','0','0','-5.01696e-07','-2.37404e-06','2.16395e-06','7.37456e-10','8.81162e-08','3.37847e-08','3.345e-09','-7.29738e-10','0','0','0','0','-7.76009e-07','-2.32532e-08','1.16036e-07','5.28957e-09','3.37847e-08','4.16435e-08','-1.38205e-09','4.74556e-09','0','0','0','0','3.54593e-07','3.11158e-06','-2.52357e-06','5.2297e-09','3.345e-09','-1.38205e-09','4.68497e-05','-1.67971e-09','0','0','0','0','-3.94153e-07','-3.3412e-06','2.85026e-06','-3.08625e-09','-7.29738e-10','4.74556e-09','-1.67971e-09','0.000101082','0','0','0','0','0','0','0','0','0','0','0','0','0','0','0','0','0','0','0','0','0','0','0','0','0','0','0','0','0','0','0','0','0','0','0','0','0','0','0','0','0','0','0','0','0','0','0','0','0','0','0','0']

reports.append(Report(575700992, ("DT", -2, 1, 4), "MBwhAst1sec04"))
reports[-1].posNum = 6702
reports[-1].negNum = 0
reports[-1].fittype = "6DOF"
reports[-1].add_parameters(ValErr(-0.104792, 0.010433, 0), \
                           ValErr(0.155063, 0.0898894, 0), \
                           ValErr(-0.0969508, 0.0727366, 0), \
                           ValErr(0.000103867, 0.000242908, 0), \
                           ValErr(-0.000234814, 0.00026262, 0), \
                           ValErr(0.00059931, 0.000169836, 0), \
                           -16370.3, 6702, 6702, -nan)
reports[-1].sigmax = ValErr(0.669376, 0.00578177, 0)
reports[-1].sigmay = ValErr(1.00615, 0.00869063, 0)
reports[-1].sigmadxdz = ValErr(0, 0, 0)
reports[-1].sigmadydz = ValErr(0, 0, 0)
reports[-1].add_stats(-0.109755, 0.0335273, 0.000558641, -0.00369391, -0.102659, 0.0343615, 0.000557551, -0.00235744, -0.102659, 0.0343615, 0.000557551, -0.00235744, -0.104922, 0.0338553, 0.000591775, -0.00207748, -0.104922, 0.0338553, 0.000591775, -0.00207748, 0.670103, 1.00686, 0.00339645, 0.0345904, 0.670103, 1.00686, 0.00339645, 0.0345904)
reports[-1].CovMatrix = ['0.000108847','0.000540171','-0.000442064','7.81585e-07','-1.55516e-07','-3.01894e-07','5.75991e-08','8.01353e-09','0','0','0','0','0.000540171','0.0080801','-0.00647326','1.17936e-05','-1.67858e-06','5.9095e-07','1.86114e-07','6.12447e-07','0','0','0','0','-0.000442064','-0.00647326','0.00529062','-9.16237e-06','1.19583e-06','-4.50479e-07','-9.35179e-08','-5.06782e-07','0','0','0','0','7.81585e-07','1.17936e-05','-9.16237e-06','5.90042e-08','-2.21811e-09','3.83725e-09','6.59795e-09','-6.9077e-09','0','0','0','0','-1.55516e-07','-1.67858e-06','1.19583e-06','-2.21811e-09','6.89692e-08','2.31636e-08','3.85653e-09','-2.93812e-09','0','0','0','0','-3.01894e-07','5.9095e-07','-4.50479e-07','3.83725e-09','2.31636e-08','2.88443e-08','8.50376e-10','6.96458e-10','0','0','0','0','5.75991e-08','1.86114e-07','-9.35179e-08','6.59795e-09','3.85653e-09','8.50376e-10','3.34289e-05','-1.41243e-09','0','0','0','0','8.01353e-09','6.12447e-07','-5.06782e-07','-6.9077e-09','-2.93812e-09','6.96458e-10','-1.41243e-09','7.55273e-05','0','0','0','0','0','0','0','0','0','0','0','0','0','0','0','0','0','0','0','0','0','0','0','0','0','0','0','0','0','0','0','0','0','0','0','0','0','0','0','0','0','0','0','0','0','0','0','0','0','0','0','0']

reports.append(Report(575963136, ("DT", -2, 1, 5), "MBwhAst1sec05"))
reports[-1].posNum = 5953
reports[-1].negNum = 0
reports[-1].fittype = "6DOF"
reports[-1].add_parameters(ValErr(0.0371441, 0.0115382, 0), \
                           ValErr(0.0821537, 0.0933908, 0), \
                           ValErr(-0.0901795, 0.0757884, 0), \
                           ValErr(-0.000427673, 0.000255004, 0), \
                           ValErr(-0.00020049, 0.000278983, 0), \
                           ValErr(-0.000307333, 0.000179016, 0), \
                           -14482.7, 5953, 5953, -nan)
reports[-1].sigmax = ValErr(0.665844, 0.00610225, 0)
reports[-1].sigmay = ValErr(1.00167, 0.00917999, 0)
reports[-1].sigmadxdz = ValErr(0, 0, 0)
reports[-1].sigmadydz = ValErr(0, 0, 0)
reports[-1].add_stats(0.0296393, -0.011019, -0.00010038, -0.000789919, 0.0248703, -0.0183964, -0.000122402, -0.00139221, 0.0248703, -0.0183964, -0.000122402, -0.00139221, 0.0301328, -0.0024652, -0.000148269, -0.00171214, 0.0301328, -0.0024652, -0.000148269, -0.00171214, 0.666052, 1.00224, 0.00341789, 0.034184, 0.666052, 1.00224, 0.00341789, 0.034184)
reports[-1].CovMatrix = ['0.000133131','0.00065981','-0.000540673','9.35857e-07','-2.83883e-07','-4.64416e-07','-1.92229e-08','1.3904e-07','0','0','0','0','0.00065981','0.00872184','-0.00700392','1.26485e-05','-2.37448e-06','-1.20101e-07','-4.34924e-07','1.65037e-06','0','0','0','0','-0.000540673','-0.00700392','0.00574388','-9.72397e-06','2.02912e-06','1.54269e-07','3.73086e-07','-1.27242e-06','0','0','0','0','9.35857e-07','1.26485e-05','-9.72397e-06','6.50272e-08','3.33204e-11','3.86102e-09','7.31848e-10','2.44697e-09','0','0','0','0','-2.83883e-07','-2.37448e-06','2.02912e-06','3.33204e-11','7.78314e-08','2.60388e-08','-2.11717e-09','6.58299e-09','0','0','0','0','-4.64416e-07','-1.20101e-07','1.54269e-07','3.86102e-09','2.60388e-08','3.20466e-08','8.5757e-10','8.07827e-10','0','0','0','0','-1.92229e-08','-4.34924e-07','3.73086e-07','7.31848e-10','-2.11717e-09','8.5757e-10','3.72375e-05','-3.88558e-10','0','0','0','0','1.3904e-07','1.65037e-06','-1.27242e-06','2.44697e-09','6.58299e-09','8.07827e-10','-3.88558e-10','8.42725e-05','0','0','0','0','0','0','0','0','0','0','0','0','0','0','0','0','0','0','0','0','0','0','0','0','0','0','0','0','0','0','0','0','0','0','0','0','0','0','0','0','0','0','0','0','0','0','0','0','0','0','0','0']

reports.append(Report(576225280, ("DT", -2, 1, 6), "MBwhAst1sec06"))
reports[-1].posNum = 5062
reports[-1].negNum = 0
reports[-1].fittype = "6DOF"
reports[-1].add_parameters(ValErr(0.00954021, 0.0131812, 0), \
                           ValErr(-0.0579488, 0.0979059, 0), \
                           ValErr(0.0755199, 0.0794989, 0), \
                           ValErr(0.000105265, 0.000272877, 0), \
                           ValErr(-0.000286461, 0.000295444, 0), \
                           ValErr(0.000117917, 0.0001959, 0), \
                           -12196.3, 5062, 5062, -nan)
reports[-1].sigmax = ValErr(0.659747, 0.00652702, 0)
reports[-1].sigmay = ValErr(0.987493, 0.00965404, 0)
reports[-1].sigmadxdz = ValErr(0, 0, 0)
reports[-1].sigmadydz = ValErr(0, 0, 0)
reports[-1].add_stats(0.0160694, 0.0371241, -5.36388e-05, -0.00345105, 0.021496, 0.03102, -0.000102875, -0.00215351, 0.021496, 0.03102, -0.000102875, -0.00215351, 0.0251419, 0.0246236, -0.000124251, -0.00220702, 0.0251419, 0.0246236, -0.000124251, -0.00220702, 0.659887, 0.987751, 0.0033964, 0.0319709, 0.659887, 0.987751, 0.0033964, 0.0319709)
reports[-1].CovMatrix = ['0.000173745','0.000816917','-0.000668912','1.11863e-06','-5.39469e-07','-7.95254e-07','5.00192e-07','4.10098e-07','0','0','0','0','0.000816917','0.00958556','-0.00769108','1.38157e-05','-2.62409e-06','-3.75343e-07','5.63027e-06','6.54912e-06','0','0','0','0','-0.000668912','-0.00769108','0.00632008','-1.02301e-05','2.54915e-06','4.09517e-07','-4.0228e-06','-3.72407e-06','0','0','0','0','1.11863e-06','1.38157e-05','-1.02301e-05','7.44618e-08','1.194e-09','4.74241e-09','1.18863e-08','2.30845e-08','0','0','0','0','-5.39469e-07','-2.62409e-06','2.54915e-06','1.194e-09','8.7287e-08','3.11933e-08','7.27155e-09','-6.57967e-09','0','0','0','0','-7.95254e-07','-3.75343e-07','4.09517e-07','4.74241e-09','3.11933e-08','3.83769e-08','7.58194e-11','-1.18367e-09','0','0','0','0','5.00192e-07','5.63027e-06','-4.0228e-06','1.18863e-08','7.27155e-09','7.58194e-11','4.26021e-05','-9.90476e-07','0','0','0','0','4.10098e-07','6.54912e-06','-3.72407e-06','2.30845e-08','-6.57967e-09','-1.18367e-09','-9.90476e-07','9.32008e-05','0','0','0','0','0','0','0','0','0','0','0','0','0','0','0','0','0','0','0','0','0','0','0','0','0','0','0','0','0','0','0','0','0','0','0','0','0','0','0','0','0','0','0','0','0','0','0','0','0','0','0','0']

reports.append(Report(576487424, ("DT", -2, 1, 7), "MBwhAst1sec07"))
reports[-1].posNum = 6967
reports[-1].negNum = 0
reports[-1].fittype = "6DOF"
reports[-1].add_parameters(ValErr(-0.0513296, 0.0104668, 0), \
                           ValErr(-0.0971765, 0.0878609, 0), \
                           ValErr(0.246263, 0.0712133, 0), \
                           ValErr(-0.000332625, 0.000242949, 0), \
                           ValErr(0.000527107, 0.000261332, 0), \
                           ValErr(-0.000140898, 0.000172406, 0), \
                           -17064.3, 6967, 6967, -nan)
reports[-1].sigmax = ValErr(0.674813, 0.00571679, 0)
reports[-1].sigmay = ValErr(1.00476, 0.00851186, 0)
reports[-1].sigmadxdz = ValErr(0, 0, 0)
reports[-1].sigmadydz = ValErr(0, 0, 0)
reports[-1].add_stats(-0.0395864, 0.222363, 0.000186787, -0.0015525, -0.0349023, 0.2039, 0.000209312, -0.00211673, -0.0349023, 0.2039, 0.000209312, -0.00211673, -0.033766, 0.198593, 0.000205665, -0.00216456, -0.033766, 0.198593, 0.000205665, -0.00216456, 0.675317, 1.00542, 0.00348568, 0.0323102, 0.675317, 1.00542, 0.00348568, 0.0323102)
reports[-1].CovMatrix = ['0.000109553','0.000529156','-0.000433674','7.55016e-07','-2.39192e-07','-4.05113e-07','1.64137e-07','-1.57033e-07','0','0','0','0','0.000529156','0.00771954','-0.00619266','1.12751e-05','-1.73307e-06','3.03849e-07','1.407e-06','-1.2359e-06','0','0','0','0','-0.000433674','-0.00619266','0.00507134','-8.63005e-06','1.31363e-06','-2.02637e-07','-1.12062e-06','1.05371e-06','0','0','0','0','7.55016e-07','1.12751e-05','-8.63005e-06','5.90242e-08','-8.62052e-10','3.74658e-09','4.89081e-09','-4.19302e-09','0','0','0','0','-2.39192e-07','-1.73307e-06','1.31363e-06','-8.62052e-10','6.82944e-08','2.41831e-08','2.38146e-09','-6.70988e-10','0','0','0','0','-4.05113e-07','3.03849e-07','-2.02637e-07','3.74658e-09','2.41831e-08','2.9724e-08','-8.34198e-10','3.19621e-09','0','0','0','0','1.64137e-07','1.407e-06','-1.12062e-06','4.89081e-09','2.38146e-09','-8.34198e-10','3.26818e-05','-7.89085e-10','0','0','0','0','-1.57033e-07','-1.2359e-06','1.05371e-06','-4.19302e-09','-6.70988e-10','3.19621e-09','-7.89085e-10','7.2452e-05','0','0','0','0','0','0','0','0','0','0','0','0','0','0','0','0','0','0','0','0','0','0','0','0','0','0','0','0','0','0','0','0','0','0','0','0','0','0','0','0','0','0','0','0','0','0','0','0','0','0','0','0']

reports.append(Report(576749568, ("DT", -2, 1, 8), "MBwhAst1sec08"))
reports[-1].posNum = 6229
reports[-1].negNum = 0
reports[-1].fittype = "6DOF"
reports[-1].add_parameters(ValErr(0.0286339, 0.0110809, 0), \
                           ValErr(0.115848, 0.0927112, 0), \
                           ValErr(-0.0742095, 0.0752056, 0), \
                           ValErr(8.92239e-05, 0.000249658, 0), \
                           ValErr(0.000149398, 0.000274234, 0), \
                           ValErr(-7.65276e-05, 0.000176363, 0), \
                           -15241.1, 6229, 6229, -nan)
reports[-1].sigmax = ValErr(0.673303, 0.00603245, 0)
reports[-1].sigmay = ValErr(1.00449, 0.00899952, 0)
reports[-1].sigmadxdz = ValErr(0, 0, 0)
reports[-1].sigmadydz = ValErr(0, 0, 0)
reports[-1].add_stats(0.0157137, 0.0338613, 0.000981135, -0.00147846, 0.0201161, 0.0265147, 0.000942811, -0.00124295, 0.0201161, 0.0265147, 0.000942811, -0.00124295, 0.0156985, 0.0385049, 0.000961815, -0.00115501, 0.0156985, 0.0385049, 0.000961815, -0.00115501, 0.673385, 1.00454, 0.00343174, 0.0337951, 0.673385, 1.00454, 0.00343174, 0.0337951)
reports[-1].CovMatrix = ['0.000122786','0.000597209','-0.000489814','8.41399e-07','-2.77315e-07','-4.65058e-07','-7.54849e-09','1.10962e-07','0','0','0','0','0.000597209','0.00859537','-0.00690122','1.23719e-05','-2.38268e-06','-2.26368e-07','-8.56666e-08','1.05287e-06','0','0','0','0','-0.000489814','-0.00690122','0.00565588','-9.52211e-06','1.89556e-06','2.40069e-07','1.00326e-07','-8.1158e-07','0','0','0','0','8.41399e-07','1.23719e-05','-9.52211e-06','6.23289e-08','8.36742e-10','3.32868e-09','1.70981e-09','7.87566e-10','0','0','0','0','-2.77315e-07','-2.38268e-06','1.89556e-06','8.36742e-10','7.52042e-08','2.54091e-08','-3.86808e-10','3.73848e-09','0','0','0','0','-4.65058e-07','-2.26368e-07','2.40069e-07','3.32868e-09','2.54091e-08','3.11038e-08','2.18825e-09','-1.30482e-09','0','0','0','0','-7.54849e-09','-8.56666e-08','1.00326e-07','1.70981e-09','-3.86808e-10','2.18825e-09','3.63906e-05','-3.28107e-10','0','0','0','0','1.10962e-07','1.05287e-06','-8.1158e-07','7.87566e-10','3.73848e-09','-1.30482e-09','-3.28107e-10','8.09916e-05','0','0','0','0','0','0','0','0','0','0','0','0','0','0','0','0','0','0','0','0','0','0','0','0','0','0','0','0','0','0','0','0','0','0','0','0','0','0','0','0','0','0','0','0','0','0','0','0','0','0','0','0']

reports.append(Report(577011712, ("DT", -2, 1, 9), "MBwhAst1sec09"))
reports[-1].posNum = 3967
reports[-1].negNum = 0
reports[-1].fittype = "6DOF"
reports[-1].add_parameters(ValErr(-0.0264143, 0.0133974, 0), \
                           ValErr(-0.00982003, 0.115249, 0), \
                           ValErr(-0.0365398, 0.093421, 0), \
                           ValErr(-0.000141122, 0.000313832, 0), \
                           ValErr(8.67449e-05, 0.000336842, 0), \
                           ValErr(7.95598e-05, 0.000221747, 0), \
                           -9744.39, 3967, 3967, -nan)
reports[-1].sigmax = ValErr(0.677638, 0.0076078, 0)
reports[-1].sigmay = ValErr(1.00767, 0.011313, 0)
reports[-1].sigmadxdz = ValErr(0, 0, 0)
reports[-1].sigmadydz = ValErr(0, 0, 0)
reports[-1].add_stats(-0.0214012, -0.0318532, 8.04393e-05, -0.00320206, -0.0280262, -0.0510602, 6.72286e-05, -0.00230129, -0.0280262, -0.0510602, 6.72286e-05, -0.00230129, -0.02349, -0.0450831, 4.89926e-05, -0.0027954, -0.02349, -0.0450831, 4.89926e-05, -0.0027954, 0.677641, 1.00776, 0.00346285, 0.0336537, 0.677641, 1.00776, 0.00346285, 0.0336537)
reports[-1].CovMatrix = ['0.000179491','0.000827366','-0.000679156','1.20634e-06','-2.29547e-07','-5.2171e-07','1.23121e-07','-2.98464e-08','0','0','0','0','0.000827366','0.0132824','-0.0106533','1.96248e-05','-1.34673e-06','2.30548e-06','1.43239e-06','-5.47033e-07','0','0','0','0','-0.000679156','-0.0106533','0.00872748','-1.51186e-05','6.03281e-07','-1.84001e-06','-1.21424e-06','6.50642e-07','0','0','0','0','1.20634e-06','1.96248e-05','-1.51186e-05','9.84904e-08','-6.17147e-09','7.88491e-09','4.12622e-10','4.47976e-09','0','0','0','0','-2.29547e-07','-1.34673e-06','6.03281e-07','-6.17147e-09','1.13463e-07','3.95045e-08','6.27838e-09','-4.7099e-09','0','0','0','0','-5.2171e-07','2.30548e-06','-1.84001e-06','7.88491e-09','3.95045e-08','4.91716e-08','3.70608e-09','-1.96912e-09','0','0','0','0','1.23121e-07','1.43239e-06','-1.21424e-06','4.12622e-10','6.27838e-09','3.70608e-09','5.78788e-05','-4.88107e-10','0','0','0','0','-2.98464e-08','-5.47033e-07','6.50642e-07','4.47976e-09','-4.7099e-09','-1.96912e-09','-4.88107e-10','0.000127985','0','0','0','0','0','0','0','0','0','0','0','0','0','0','0','0','0','0','0','0','0','0','0','0','0','0','0','0','0','0','0','0','0','0','0','0','0','0','0','0','0','0','0','0','0','0','0','0','0','0','0','0']

reports.append(Report(577273856, ("DT", -2, 1, 10), "MBwhAst1sec10"))
reports[-1].posNum = 4376
reports[-1].negNum = 0
reports[-1].fittype = "6DOF"
reports[-1].add_parameters(ValErr(0.0270604, 0.0125291, 0), \
                           ValErr(-0.0455235, 0.110233, 0), \
                           ValErr(0.13154, 0.0895637, 0), \
                           ValErr(-0.00034487, 0.000282207, 0), \
                           ValErr(6.43315e-05, 0.000313392, 0), \
                           ValErr(0.000149476, 0.000194538, 0), \
                           -10503.4, 4376, 4376, -nan)
reports[-1].sigmax = ValErr(0.660157, 0.00705669, 0)
reports[-1].sigmay = ValErr(0.977873, 0.0104529, 0)
reports[-1].sigmadxdz = ValErr(0, 0, 0)
reports[-1].sigmadydz = ValErr(0, 0, 0)
reports[-1].add_stats(0.0328679, 0.133607, 0.000111876, -0.001742, 0.0396997, 0.115308, 6.25531e-05, 0.000626278, 0.0396997, 0.115308, 6.25531e-05, 0.000626278, 0.0457171, 0.112371, 3.28414e-05, 0.000716493, 0.0457171, 0.112371, 3.28414e-05, 0.000716493, 0.660387, 0.977905, 0.00337088, 0.0329386, 0.660387, 0.977905, 0.00337088, 0.0329386)
reports[-1].CovMatrix = ['0.000156979','0.000797859','-0.000655471','1.17906e-06','-3.59936e-08','-2.15336e-07','-4.68155e-08','2.19227e-07','0','0','0','0','0.000797859','0.0121514','-0.00978147','1.77788e-05','-1.94611e-06','1.30045e-06','-1.282e-06','3.22641e-06','0','0','0','0','-0.000655471','-0.00978147','0.00802166','-1.42133e-05','1.28593e-06','-1.04469e-06','1.12689e-06','-2.65619e-06','0','0','0','0','1.17906e-06','1.77788e-05','-1.42133e-05','7.96408e-08','-2.89764e-09','5.84019e-09','6.06818e-09','-4.94295e-09','0','0','0','0','-3.59936e-08','-1.94611e-06','1.28593e-06','-2.89764e-09','9.82143e-08','3.05333e-08','-6.15155e-09','1.317e-08','0','0','0','0','-2.15336e-07','1.30045e-06','-1.04469e-06','5.84019e-09','3.05333e-08','3.7845e-08','-9.87103e-10','4.23238e-09','0','0','0','0','-4.68155e-08','-1.282e-06','1.12689e-06','6.06818e-09','-6.15155e-09','-9.87103e-10','4.9797e-05','-2.65405e-09','0','0','0','0','2.19227e-07','3.22641e-06','-2.65619e-06','-4.94295e-09','1.317e-08','4.23238e-09','-2.65405e-09','0.000109264','0','0','0','0','0','0','0','0','0','0','0','0','0','0','0','0','0','0','0','0','0','0','0','0','0','0','0','0','0','0','0','0','0','0','0','0','0','0','0','0','0','0','0','0','0','0','0','0','0','0','0','0']

reports.append(Report(577536000, ("DT", -2, 1, 11), "MBwhAst1sec11"))
reports[-1].posNum = 4541
reports[-1].negNum = 0
reports[-1].fittype = "6DOF"
reports[-1].add_parameters(ValErr(0.0699379, 0.0133239, 0), \
                           ValErr(0.0298476, 0.111468, 0), \
                           ValErr(0.0185274, 0.0903901, 0), \
                           ValErr(0.000217534, 0.000285809, 0), \
                           ValErr(-0.000525718, 0.000319676, 0), \
                           ValErr(-0.000199442, 0.000200513, 0), \
                           -11091.6, 4541, 4541, -nan)
reports[-1].sigmax = ValErr(0.674157, 0.00707418, 0)
reports[-1].sigmay = ValErr(0.998985, 0.0104829, 0)
reports[-1].sigmadxdz = ValErr(0, 0, 0)
reports[-1].sigmadydz = ValErr(0, 0, 0)
reports[-1].add_stats(0.0803909, 0.0672875, -0.00069168, -0.00235988, 0.0721876, 0.0521443, -0.00071661, -0.00199199, 0.0721876, 0.0521443, -0.00071661, -0.00199199, 0.0676102, 0.038995, -0.000696268, -0.00241862, 0.0676102, 0.038995, -0.000696268, -0.00241862, 0.674212, 0.999343, 0.00345043, 0.0342298, 0.674212, 0.999343, 0.00345043, 0.0342298)
reports[-1].CovMatrix = ['0.000177526','0.000954949','-0.000780478','1.38494e-06','-4.70638e-08','-1.71322e-07','1.18281e-07','-5.80174e-10','0','0','0','0','0.000954949','0.0124251','-0.00998518','1.77724e-05','-2.81381e-06','5.28942e-07','1.22689e-06','-4.66348e-07','0','0','0','0','-0.000780478','-0.00998518','0.00817037','-1.42937e-05','2.48413e-06','-4.11016e-07','-9.9568e-07','4.82227e-07','0','0','0','0','1.38494e-06','1.77724e-05','-1.42937e-05','8.1687e-08','-1.04289e-09','6.10934e-09','6.50395e-09','-5.45794e-09','0','0','0','0','-4.70638e-08','-2.81381e-06','2.48413e-06','-1.04289e-09','1.02193e-07','3.23925e-08','-4.74834e-09','1.16125e-08','0','0','0','0','-1.71322e-07','5.28942e-07','-4.11016e-07','6.10934e-09','3.23925e-08','4.02054e-08','1.60055e-09','5.53409e-10','0','0','0','0','1.18281e-07','1.22689e-06','-9.9568e-07','6.50395e-09','-4.74834e-09','1.60055e-09','5.00442e-05','-1.23387e-09','0','0','0','0','-5.80174e-10','-4.66348e-07','4.82227e-07','-5.45794e-09','1.16125e-08','5.53409e-10','-1.23387e-09','0.000109891','0','0','0','0','0','0','0','0','0','0','0','0','0','0','0','0','0','0','0','0','0','0','0','0','0','0','0','0','0','0','0','0','0','0','0','0','0','0','0','0','0','0','0','0','0','0','0','0','0','0','0','0']

reports.append(Report(577798144, ("DT", -2, 1, 12), "MBwhAst1sec12"))
reports[-1].posNum = 5872
reports[-1].negNum = 0
reports[-1].fittype = "6DOF"
reports[-1].add_parameters(ValErr(-0.0233561, 0.0117904, 0), \
                           ValErr(0.0491367, 0.0975148, 0), \
                           ValErr(0.0752076, 0.07916, 0), \
                           ValErr(8.30349e-05, 0.000259576, 0), \
                           ValErr(0.000204234, 0.000281864, 0), \
                           ValErr(0.000236347, 0.000185311, 0), \
                           -14416.3, 5872, 5872, -nan)
reports[-1].sigmax = ValErr(0.683178, 0.00630422, 0)
reports[-1].sigmay = ValErr(0.99821, 0.00921123, 0)
reports[-1].sigmadxdz = ValErr(0, 0, 0)
reports[-1].sigmadydz = ValErr(0, 0, 0)
reports[-1].add_stats(-0.0080178, 0.14912, 0.000835897, -0.00344317, -0.0133272, 0.137272, 0.000802427, -0.00156348, -0.0133272, 0.137272, 0.000802427, -0.00156348, -0.00437119, 0.148945, 0.000776981, -0.00186339, -0.00437119, 0.148945, 0.000776981, -0.00186339, 0.683341, 0.998253, 0.00346333, 0.0317315, 0.683341, 0.998253, 0.00346333, 0.0317315)
reports[-1].CovMatrix = ['0.000139013','0.000687328','-0.000563239','9.88577e-07','-2.97994e-07','-4.82635e-07','2.08839e-07','-1.92021e-07','0','0','0','0','0.000687328','0.00950913','-0.00764424','1.39714e-05','-2.00428e-06','4.12691e-07','2.04035e-06','-1.88489e-06','0','0','0','0','-0.000563239','-0.00764424','0.0062663','-1.0769e-05','1.63495e-06','-2.85783e-07','-1.71934e-06','1.72022e-06','0','0','0','0','9.88577e-07','1.39714e-05','-1.0769e-05','6.73795e-08','-1.34541e-09','4.39016e-09','-2.3169e-10','4.02598e-09','0','0','0','0','-2.97994e-07','-2.00428e-06','1.63495e-06','-1.34541e-09','7.94473e-08','2.78339e-08','4.42097e-09','-3.05183e-09','0','0','0','0','-4.82635e-07','4.12691e-07','-2.85783e-07','4.39016e-09','2.78339e-08','3.43402e-08','3.93692e-10','1.69288e-09','0','0','0','0','2.08839e-07','2.04035e-06','-1.71934e-06','-2.3169e-10','4.42097e-09','3.93692e-10','3.97433e-05','-1.28288e-09','0','0','0','0','-1.92021e-07','-1.88489e-06','1.72022e-06','4.02598e-09','-3.05183e-09','1.69288e-09','-1.28288e-09','8.4847e-05','0','0','0','0','0','0','0','0','0','0','0','0','0','0','0','0','0','0','0','0','0','0','0','0','0','0','0','0','0','0','0','0','0','0','0','0','0','0','0','0','0','0','0','0','0','0','0','0','0','0','0','0']

reports.append(Report(579108864, ("DT", -2, 2, 1), "MBwhAst2sec01"))
reports[-1].posNum = 8046
reports[-1].negNum = 0
reports[-1].fittype = "6DOF"
reports[-1].add_parameters(ValErr(-0.0872096, 0.0106892, 0), \
                           ValErr(0.131389, 0.0847199, 0), \
                           ValErr(-0.0283763, 0.0812588, 0), \
                           ValErr(-0.000349693, 0.000309884, 0), \
                           ValErr(0.000370662, 0.000293763, 0), \
                           ValErr(6.62447e-05, 0.000205781, 0), \
                           -23504.1, 8046, 8046, -nan)
reports[-1].sigmax = ValErr(0.88724, 0.00699418, 0)
reports[-1].sigmay = ValErr(1.22504, 0.00965709, 0)
reports[-1].sigmadxdz = ValErr(0, 0, 0)
reports[-1].sigmadydz = ValErr(0, 0, 0)
reports[-1].add_stats(-0.0917151, 0.0916363, 0.00017512, 0.000286409, -0.088052, 0.105177, 0.000177414, -0.000636127, -0.088052, 0.105177, 0.000177414, -0.000636127, -0.0961256, 0.106664, 0.000225854, -0.00059771, -0.0961256, 0.106664, 0.000225854, -0.00059771, 0.887245, 1.22536, 0.0036902, 0.0262377, 0.887245, 1.22536, 0.0036902, 0.0262377)
reports[-1].CovMatrix = ['0.00011426','-0.000306487','0.000297259','-5.34755e-07','1.29268e-07','-1.72242e-07','7.91996e-08','-3.57221e-08','0','0','0','0','-0.000306487','0.00717746','-0.00679266','1.21609e-05','1.33543e-06','3.23185e-07','5.14115e-08','1.8137e-07','0','0','0','0','0.000297259','-0.00679266','0.006603','-1.13513e-05','-1.38634e-06','-3.32532e-07','-4.46361e-08','-6.50337e-08','0','0','0','0','-5.34755e-07','1.21609e-05','-1.13513e-05','9.60278e-08','-7.50168e-10','-2.91912e-09','1.63206e-09','1.87773e-10','0','0','0','0','1.29268e-07','1.33543e-06','-1.38634e-06','-7.50168e-10','8.62966e-08','4.03072e-08','1.5354e-09','3.24694e-09','0','0','0','0','-1.72242e-07','3.23185e-07','-3.32532e-07','-2.91912e-09','4.03072e-08','4.23459e-08','-1.28031e-09','5.29846e-09','0','0','0','0','7.91996e-08','5.14115e-08','-4.46361e-08','1.63206e-09','1.5354e-09','-1.28031e-09','4.89186e-05','-2.53677e-10','0','0','0','0','-3.57221e-08','1.8137e-07','-6.50337e-08','1.87773e-10','3.24694e-09','5.29846e-09','-2.53677e-10','9.32596e-05','0','0','0','0','0','0','0','0','0','0','0','0','0','0','0','0','0','0','0','0','0','0','0','0','0','0','0','0','0','0','0','0','0','0','0','0','0','0','0','0','0','0','0','0','0','0','0','0','0','0','0','0']

reports.append(Report(579371008, ("DT", -2, 2, 2), "MBwhAst2sec02"))
reports[-1].posNum = 7261
reports[-1].negNum = 0
reports[-1].fittype = "6DOF"
reports[-1].add_parameters(ValErr(0.0481962, 0.0114143, 0), \
                           ValErr(-0.0533893, 0.0875887, 0), \
                           ValErr(-0.0299076, 0.0839711, 0), \
                           ValErr(-5.37444e-05, 0.000327306, 0), \
                           ValErr(0.000210864, 0.000305608, 0), \
                           ValErr(0.000281619, 0.000221639, 0), \
                           -21041.1, 7261, 7261, -nan)
reports[-1].sigmax = ValErr(0.887585, 0.00736541, 0)
reports[-1].sigmay = ValErr(1.19626, 0.00992697, 0)
reports[-1].sigmadxdz = ValErr(0, 0, 0)
reports[-1].sigmadydz = ValErr(0, 0, 0)
reports[-1].add_stats(0.0644845, -0.0783907, 1.54445e-05, -0.000713684, 0.0516467, -0.0834758, 5.1788e-05, -0.00152851, 0.0516467, -0.0834758, 5.1788e-05, -0.00152851, 0.0609986, -0.093985, 3.15443e-05, -0.00150459, 0.0609986, -0.093985, 3.15443e-05, -0.00150459, 0.887688, 1.19627, 0.00368716, 0.0251823, 0.887688, 1.19627, 0.00368716, 0.0251823)
reports[-1].CovMatrix = ['0.000130285','-0.000362926','0.000351013','-6.30368e-07','1.73087e-09','-3.28872e-07','6.69966e-08','-2.24454e-08','0','0','0','0','-0.000362926','0.00767178','-0.00725616','1.31141e-05','2.01171e-06','1.14266e-06','-2.84082e-08','3.63206e-07','0','0','0','0','0.000351013','-0.00725616','0.00705115','-1.19954e-05','-2.20206e-06','-1.15103e-06','3.74426e-09','-1.95598e-07','0','0','0','0','-6.30368e-07','1.31141e-05','-1.19954e-05','1.07129e-07','-3.53369e-09','-2.58855e-09','-2.99077e-09','6.72834e-09','0','0','0','0','1.73087e-09','2.01171e-06','-2.20206e-06','-3.53369e-09','9.33964e-08','4.67486e-08','-1.20732e-09','7.37677e-09','0','0','0','0','-3.28872e-07','1.14266e-06','-1.15103e-06','-2.58855e-09','4.67486e-08','4.91239e-08','-8.64306e-10','5.15138e-09','0','0','0','0','6.69966e-08','-2.84082e-08','3.74426e-09','-2.99077e-09','-1.20732e-09','-8.64306e-10','5.42493e-05','-3.61796e-10','0','0','0','0','-2.24454e-08','3.63206e-07','-1.95598e-07','6.72834e-09','7.37677e-09','5.15138e-09','-3.61796e-10','9.85451e-05','0','0','0','0','0','0','0','0','0','0','0','0','0','0','0','0','0','0','0','0','0','0','0','0','0','0','0','0','0','0','0','0','0','0','0','0','0','0','0','0','0','0','0','0','0','0','0','0','0','0','0','0']

reports.append(Report(579633152, ("DT", -2, 2, 3), "MBwhAst2sec03"))
reports[-1].posNum = 6593
reports[-1].negNum = 0
reports[-1].fittype = "6DOF"
reports[-1].add_parameters(ValErr(-0.0729835, 0.0116827, 0), \
                           ValErr(-0.101245, 0.0915664, 0), \
                           ValErr(0.0157753, 0.0877541, 0), \
                           ValErr(5.32643e-05, 0.000343577, 0), \
                           ValErr(0.000272004, 0.000328236, 0), \
                           ValErr(0.00018405, 0.000229623, 0), \
                           -19052.5, 6593, 6593, -nan)
reports[-1].sigmax = ValErr(0.875169, 0.00762155, 0)
reports[-1].sigmay = ValErr(1.20354, 0.0104813, 0)
reports[-1].sigmadxdz = ValErr(0, 0, 0)
reports[-1].sigmadydz = ValErr(0, 0, 0)
reports[-1].add_stats(-0.0564332, -0.106467, 0.000215088, -6.6077e-05, -0.0725238, -0.0860575, 0.000245417, -0.00110979, -0.0725238, -0.0860575, 0.000245417, -0.00110979, -0.072582, -0.0911215, 0.000235526, -0.0014753, -0.072582, -0.0911215, 0.000235526, -0.0014753, 0.875232, 1.20354, 0.00370024, 0.0255432, 0.875232, 1.20354, 0.00370024, 0.0255432)
reports[-1].CovMatrix = ['0.000136485','-0.000323885','0.000314801','-5.55419e-07','-1.20444e-07','-4.97839e-07','-2.91215e-08','1.03185e-07','0','0','0','0','-0.000323885','0.00838441','-0.00792264','1.44813e-05','1.43835e-06','1.43121e-07','1.83077e-06','-2.15652e-06','0','0','0','0','0.000314801','-0.00792264','0.00770078','-1.29568e-05','-1.35313e-06','-1.7049e-07','-1.67861e-06','2.12275e-06','0','0','0','0','-5.55419e-07','1.44813e-05','-1.29568e-05','1.18045e-07','1.94323e-09','-2.70613e-09','1.19344e-08','-1.28322e-08','0','0','0','0','-1.20444e-07','1.43835e-06','-1.35313e-06','1.94323e-09','1.07739e-07','5.07436e-08','-7.87884e-09','1.74174e-08','0','0','0','0','-4.97839e-07','1.43121e-07','-1.7049e-07','-2.70613e-09','5.07436e-08','5.27267e-08','-2.13966e-09','7.07778e-09','0','0','0','0','-2.91215e-08','1.83077e-06','-1.67861e-06','1.19344e-08','-7.87884e-09','-2.13966e-09','5.80881e-05','-2.78865e-09','0','0','0','0','1.03185e-07','-2.15652e-06','2.12275e-06','-1.28322e-08','1.74174e-08','7.07778e-09','-2.78865e-09','0.000109857','0','0','0','0','0','0','0','0','0','0','0','0','0','0','0','0','0','0','0','0','0','0','0','0','0','0','0','0','0','0','0','0','0','0','0','0','0','0','0','0','0','0','0','0','0','0','0','0','0','0','0','0']

reports.append(Report(579895296, ("DT", -2, 2, 4), "MBwhAst2sec04"))
reports[-1].posNum = 7692
reports[-1].negNum = 0
reports[-1].fittype = "6DOF"
reports[-1].add_parameters(ValErr(0.00654826, 0.0109386, 0), \
                           ValErr(-0.147883, 0.0863137, 0), \
                           ValErr(0.155989, 0.0827116, 0), \
                           ValErr(-0.000216357, 0.000324058, 0), \
                           ValErr(0.000226195, 0.000305098, 0), \
                           ValErr(0.000255774, 0.000216679, 0), \
                           -22516.9, 7692, 7692, -nan)
reports[-1].sigmax = ValErr(0.890796, 0.00718199, 0)
reports[-1].sigmay = ValErr(1.22762, 0.0098976, 0)
reports[-1].sigmadxdz = ValErr(0, 0, 0)
reports[-1].sigmadydz = ValErr(0, 0, 0)
reports[-1].add_stats(0.00111498, -0.000823822, 0.000119532, 5.16061e-05, 0.000803961, 0.012311, 0.000108379, -0.000656696, 0.000803961, 0.012311, 0.000108379, -0.000656696, -0.00416086, 0.018349, 0.000119595, -0.000614289, -0.00416086, 0.018349, 0.000119595, -0.000614289, 0.891061, 1.22766, 0.00371699, 0.0254323, 0.891061, 1.22766, 0.00371699, 0.0254323)
