nan = None;  NAN = None
nan = 0
reports = []
class ValErr:
    def __init__(self, value, error, antisym):
        self.value, self.error, self.antisym = value, error, antisym

    def __repr__(self):
        if self.antisym == 0.:
            return "%g +- %g" % (self.value, self.error)
        else:
            return "%g +- %g ~ %g" % (self.value, self.error, self.antisym)

class Report:
    def __init__(self, chamberId, postal_address, name):
        self.chamberId, self.postal_address, self.name = chamberId, postal_address, name
        self.status = "NOFIT"
        self.fittype = None
        self.CovMatrix = None

    def add_parameters(self, deltax, deltay, deltaz, deltaphix, deltaphiy, deltaphiz, loglikelihood, numsegments, sumofweights, redchi2):
        self.status = "PASS"
        self.deltax, self.deltay, self.deltaz, self.deltaphix, self.deltaphiy, self.deltaphiz = deltax, deltay, deltaz, deltaphix, deltaphiy, deltaphiz
        self.loglikelihood, self.numsegments, self.sumofweights, self.redchi2 = loglikelihood, numsegments, sumofweights, redchi2

    def add_stats(self, median_x, median_y, median_dxdz, median_dydz, mean30_x, mean30_y, mean20_dxdz, mean50_dydz, mean15_x, mean15_y, mean10_dxdz, mean25_dydz, wmean30_x, wmean30_y, wmean20_dxdz, wmean50_dydz, wmean15_x, wmean15_y, wmean10_dxdz, wmean25_dydz, stdev30_x, stdev30_y, stdev20_dxdz, stdev50_dydz, stdev15_x, stdev15_y, stdev10_dxdz, stdev25_dydz):
        self.median_x, self.median_y, self.median_dxdz, self.median_dydz, self.mean30_x, self.mean30_y, self.mean20_dxdz, self.mean50_dydz, self.mean15_x, self.mean15_y, self.mean10_dxdz, self.mean25_dydz, self.wmean30_x, self.wmean30_y, self.wmean20_dxdz, self.wmean50_dydz, self.wmean15_x, self.wmean15_y, self.wmean10_dxdz, self.wmean25_dydz, self.stdev30_x, self.stdev30_y, self.stdev20_dxdz, self.stdev50_dydz, self.stdev15_x, self.stdev15_y, self.stdev10_dxdz, self.stdev25_dydz = median_x, median_y, median_dxdz, median_dydz, mean30_x, mean30_y, mean20_dxdz, mean50_dydz, mean15_x, mean15_y, mean10_dxdz, mean25_dydz, wmean30_x, wmean30_y, wmean20_dxdz, wmean50_dydz, wmean15_x, wmean15_y, wmean10_dxdz, wmean25_dydz, stdev30_x, stdev30_y, stdev20_dxdz, stdev50_dydz, stdev15_x, stdev15_y, stdev10_dxdz, stdev25_dydz

    def __repr__(self):
        return "<Report %s %s %s>" % (self.postal_address[0], " ".join(map(str, self.postal_address[1:])), self.status)

reports.append(Report(574914560, ("DT", -2, 1, 1), "MBwhAst1sec01"))
reports[-1].posNum = 6681
reports[-1].negNum = 0
reports[-1].fittype = "6DOF"
reports[-1].add_parameters(ValErr(0.00378631, 0.010704, 0), \
                           ValErr(0.200734, 0.0914021, 0), \
                           ValErr(-0.15862, 0.0736846, 0), \
                           ValErr(0.00013393, 0.000240908, 0), \
                           ValErr(-6.7188e-05, 0.000260063, 0), \
                           ValErr(-2.60276e-06, 0.000169041, 0), \
                           -16679.7, 6681, 6681, -nan)
reports[-1].sigmax = ValErr(0.690299, 0.00597036, 0)
reports[-1].sigmay = ValErr(1.02977, 0.00887299, 0)
reports[-1].sigmadxdz = ValErr(0, 0, 0)
reports[-1].sigmadydz = ValErr(0, 0, 0)
reports[-1].add_stats(-0.00156621, 0.00339973, 0.000124677, -0.00749824, -0.00942474, 0.00762925, 0.00013229, -0.00359215, -0.00942474, 0.00762925, 0.00013229, -0.00359215, -0.00144549, 0.0121098, 6.61381e-05, -0.00389935, -0.00144549, 0.0121098, 6.61381e-05, -0.00389935, 0.690523, 1.02983, 0.00351227, 0.0437801, 0.690523, 1.02983, 0.00351227, 0.0437801)
reports[-1].CovMatrix = ['0.000114576','0.000561565','-0.000457838','8.09449e-07','-1.30574e-07','-2.9333e-07','3.96347e-08','1.83502e-07','0','0','0','0','0.000561565','0.00835434','-0.00666787','1.21199e-05','-1.69072e-06','4.37451e-07','-3.98526e-07','1.0268e-06','0','0','0','0','-0.000457838','-0.00666787','0.00542941','-9.44337e-06','1.23152e-06','-3.23186e-07','3.58425e-07','-1.26942e-06','0','0','0','0','8.09449e-07','1.21199e-05','-9.44337e-06','5.80368e-08','-1.14704e-09','3.68714e-09','-9.9112e-10','3.30739e-09','0','0','0','0','-1.30574e-07','-1.69072e-06','1.23152e-06','-1.14704e-09','6.76329e-08','2.27944e-08','1.05272e-09','3.45111e-09','0','0','0','0','-2.9333e-07','4.37451e-07','-3.23186e-07','3.68714e-09','2.27944e-08','2.85749e-08','-1.53081e-09','-1.56445e-09','0','0','0','0','3.96347e-08','-3.98526e-07','3.58425e-07','-9.9112e-10','1.05272e-09','-1.53081e-09','3.56453e-05','4.99755e-08','0','0','0','0','1.83502e-07','1.0268e-06','-1.26942e-06','3.30739e-09','3.45111e-09','-1.56445e-09','4.99755e-08','7.87302e-05','0','0','0','0','0','0','0','0','0','0','0','0','0','0','0','0','0','0','0','0','0','0','0','0','0','0','0','0','0','0','0','0','0','0','0','0','0','0','0','0','0','0','0','0','0','0','0','0','0','0','0','0']

reports.append(Report(575176704, ("DT", -2, 1, 2), "MBwhAst1sec02"))
reports[-1].posNum = 4280
reports[-1].negNum = 0
reports[-1].fittype = "6DOF"
reports[-1].add_parameters(ValErr(0.0261839, 0.0144307, 0), \
                           ValErr(0.103673, 0.113329, 0), \
                           ValErr(-0.0759732, 0.0915891, 0), \
                           ValErr(0.000787408, 0.00029977, 0), \
                           ValErr(0.000213997, 0.000342194, 0), \
                           ValErr(0.000272778, 0.000217271, 0), \
                           -10608.8, 4280, 4280, -nan)
reports[-1].sigmax = ValErr(0.693313, 0.00749377, 0)
reports[-1].sigmay = ValErr(1.00711, 0.0108855, 0)
reports[-1].sigmadxdz = ValErr(0, 0, 0)
reports[-1].sigmadydz = ValErr(0, 0, 0)
reports[-1].add_stats(0.0206066, 0.00258646, -0.00104914, -0.00436755, 0.0239121, -0.00665185, -0.0010605, -0.000771422, 0.0239121, -0.00665185, -0.0010605, -0.000771422, 0.020133, -0.0221687, -0.00102116, -0.00178686, 0.020133, -0.0221687, -0.00102116, -0.00178686, 0.693501, 1.00782, 0.0035214, 0.0427442, 0.693501, 1.00782, 0.0035214, 0.0427442)
reports[-1].CovMatrix = ['0.000208246','0.00093186','-0.000760821','1.30566e-06','-7.50438e-07','-1.06856e-06','-7.86222e-08','2.59248e-07','0','0','0','0','0.00093186','0.0128435','-0.0102648','1.89491e-05','-3.2101e-06','2.94843e-07','-1.49858e-06','3.79492e-06','0','0','0','0','-0.000760821','-0.0102648','0.00838857','-1.40587e-05','2.61803e-06','-1.39369e-07','1.28184e-06','-3.00245e-06','0','0','0','0','1.30566e-06','1.89491e-05','-1.40587e-05','8.9862e-08','-4.27883e-09','5.1117e-09','4.7318e-10','4.81252e-09','0','0','0','0','-7.50438e-07','-3.2101e-06','2.61803e-06','-4.27883e-09','1.17097e-07','3.91836e-08','-1.2081e-08','2.2175e-08','0','0','0','0','-1.06856e-06','2.94843e-07','-1.39369e-07','5.1117e-09','3.91836e-08','4.72069e-08','-1.11441e-09','4.54239e-09','0','0','0','0','-7.86222e-08','-1.49858e-06','1.28184e-06','4.7318e-10','-1.2081e-08','-1.11441e-09','5.61567e-05','-3.23512e-09','0','0','0','0','2.59248e-07','3.79492e-06','-3.00245e-06','4.81252e-09','2.2175e-08','4.54239e-09','-3.23512e-09','0.000118495','0','0','0','0','0','0','0','0','0','0','0','0','0','0','0','0','0','0','0','0','0','0','0','0','0','0','0','0','0','0','0','0','0','0','0','0','0','0','0','0','0','0','0','0','0','0','0','0','0','0','0','0']

reports.append(Report(575438848, ("DT", -2, 1, 3), "MBwhAst1sec03"))
reports[-1].posNum = 3299
reports[-1].negNum = 0
reports[-1].fittype = "6DOF"
reports[-1].add_parameters(ValErr(0.0141163, 0.018598, 0), \
                           ValErr(0.0580655, 0.131103, 0), \
                           ValErr(-0.0321224, 0.106441, 0), \
                           ValErr(0.00099173, 0.000340623, 0), \
                           ValErr(-7.02695e-05, 0.000379368, 0), \
                           ValErr(-0.000185158, 0.00024291, 0), \
                           -8191.2, 3299, 3299, -nan)
reports[-1].sigmax = ValErr(0.689704, 0.00849105, 0)
reports[-1].sigmay = ValErr(1.01669, 0.0125166, 0)
reports[-1].sigmadxdz = ValErr(0, 0, 0)
reports[-1].sigmadydz = ValErr(0, 0, 0)
reports[-1].add_stats(0.016019, -0.0159328, 0.000904199, -0.0018691, 0.00259921, -0.00746332, 0.000929514, 0.00166199, 0.00259921, -0.00746332, 0.000929514, 0.00166199, 0.00661678, -0.0238241, 0.000882983, 0.00159148, 0.00661678, -0.0238241, 0.000882983, 0.00159148, 0.689816, 1.01836, 0.00352966, 0.0409142, 0.689816, 1.01836, 0.00352966, 0.0409142)
reports[-1].CovMatrix = ['0.000345884','0.00169667','-0.00138364','2.32082e-06','-9.76745e-07','-1.3295e-06','4.7082e-07','-4.20527e-07','0','0','0','0','0.00169667','0.0171879','-0.0137908','2.48453e-05','-4.15341e-06','-2.68815e-07','3.99383e-06','-3.49519e-06','0','0','0','0','-0.00138364','-0.0137908','0.0113298','-1.84904e-05','4.97849e-06','4.24529e-07','-3.0017e-06','2.77611e-06','0','0','0','0','2.32082e-06','2.48453e-05','-1.84904e-05','1.16024e-07','4.59982e-09','9.76183e-09','1.31038e-08','-1.12519e-08','0','0','0','0','-9.76745e-07','-4.15341e-06','4.97849e-06','4.59982e-09','1.4392e-07','4.77311e-08','8.5107e-09','-5.12298e-09','0','0','0','0','-1.3295e-06','-2.68815e-07','4.24529e-07','9.76183e-09','4.77311e-08','5.90053e-08','2.13028e-09','8.66805e-10','0','0','0','0','4.7082e-07','3.99383e-06','-3.0017e-06','1.31038e-08','8.5107e-09','2.13028e-09','7.20982e-05','-1.83179e-09','0','0','0','0','-4.20527e-07','-3.49519e-06','2.77611e-06','-1.12519e-08','-5.12298e-09','8.66805e-10','-1.83179e-09','0.000156666','0','0','0','0','0','0','0','0','0','0','0','0','0','0','0','0','0','0','0','0','0','0','0','0','0','0','0','0','0','0','0','0','0','0','0','0','0','0','0','0','0','0','0','0','0','0','0','0','0','0','0','0']

reports.append(Report(575700992, ("DT", -2, 1, 4), "MBwhAst1sec04"))
reports[-1].posNum = 6581
reports[-1].negNum = 0
reports[-1].fittype = "6DOF"
reports[-1].add_parameters(ValErr(0.0282458, 0.0109089, 0), \
                           ValErr(-0.00793589, 0.0939903, 0), \
                           ValErr(0.00754101, 0.0755529, 0), \
                           ValErr(0.000519706, 0.000238354, 0), \
                           ValErr(0.000107911, 0.000265841, 0), \
                           ValErr(-3.4298e-05, 0.000168278, 0), \
                           -16332.4, 6581, 6581, -nan)
reports[-1].sigmax = ValErr(0.68968, 0.00601092, 0)
reports[-1].sigmay = ValErr(1.01552, 0.00885186, 0)
reports[-1].sigmadxdz = ValErr(0, 0, 0)
reports[-1].sigmadydz = ValErr(0, 0, 0)
reports[-1].add_stats(0.0322079, 0.00313444, -0.000567383, -0.00642744, 0.0271604, -0.00462156, -0.000506506, -0.00240749, 0.0271604, -0.00462156, -0.000506506, -0.00240749, 0.0320887, -0.0117693, -0.000546619, -0.00308475, 0.0320887, -0.0117693, -0.000546619, -0.00308475, 0.689659, 1.01616, 0.00352882, 0.0463449, 0.689659, 1.01616, 0.00352882, 0.0463449)
reports[-1].CovMatrix = ['0.000119004','0.00060322','-0.000490007','8.61107e-07','-1.40468e-07','-2.81635e-07','2.30645e-08','-1.31421e-07','0','0','0','0','0.00060322','0.00883417','-0.00703522','1.26657e-05','-1.76217e-06','5.66016e-07','-6.2804e-07','-9.55081e-07','0','0','0','0','-0.000490007','-0.00703522','0.00570825','-9.87914e-06','1.27722e-06','-4.2909e-07','4.81812e-07','8.78394e-07','0','0','0','0','8.61107e-07','1.26657e-05','-9.87914e-06','5.68128e-08','-1.362e-09','3.87529e-09','2.59154e-10','-1.3957e-09','0','0','0','0','-1.40468e-07','-1.76217e-06','1.27722e-06','-1.362e-09','7.06715e-08','2.283e-08','1.0082e-08','-1.18889e-08','0','0','0','0','-2.81635e-07','5.66016e-07','-4.2909e-07','3.87529e-09','2.283e-08','2.83176e-08','1.0185e-09','-1.0143e-10','0','0','0','0','2.30645e-08','-6.2804e-07','4.81812e-07','2.59154e-10','1.0082e-08','1.0185e-09','3.61312e-05','-5.39671e-09','0','0','0','0','-1.31421e-07','-9.55081e-07','8.78394e-07','-1.3957e-09','-1.18889e-08','-1.0143e-10','-5.39671e-09','7.83556e-05','0','0','0','0','0','0','0','0','0','0','0','0','0','0','0','0','0','0','0','0','0','0','0','0','0','0','0','0','0','0','0','0','0','0','0','0','0','0','0','0','0','0','0','0','0','0','0','0','0','0','0','0']

reports.append(Report(575963136, ("DT", -2, 1, 5), "MBwhAst1sec05"))
reports[-1].posNum = 5821
reports[-1].negNum = 0
reports[-1].fittype = "6DOF"
reports[-1].add_parameters(ValErr(-0.00734745, 0.0126593, 0), \
                           ValErr(0.0153265, 0.100569, 0), \
                           ValErr(0.000600689, 0.0811378, 0), \
                           ValErr(0.000411455, 0.000254664, 0), \
                           ValErr(2.42539e-06, 0.00029355, 0), \
                           ValErr(0.000272559, 0.000178855, 0), \
                           -14455.7, 5821, 5821, -nan)
reports[-1].sigmax = ValErr(0.688343, 0.00637962, 0)
reports[-1].sigmay = ValErr(1.01914, 0.00944539, 0)
reports[-1].sigmadxdz = ValErr(0, 0, 0)
reports[-1].sigmadydz = ValErr(0, 0, 0)
reports[-1].add_stats(-0.0077358, -0.00137805, 0.000767006, -0.00603317, -0.00272063, 0.00991463, 0.000770474, -0.00133042, -0.00272063, 0.00991463, 0.000770474, -0.00133042, -0.00640261, 0.0169275, 0.000777431, -0.00174798, -0.00640261, 0.0169275, 0.000777431, -0.00174798, 0.688476, 1.01951, 0.00351825, 0.0464435, 0.688476, 1.01951, 0.00351825, 0.0464435)
reports[-1].CovMatrix = ['0.000160258','0.000836588','-0.000680337','1.15585e-06','-4.0794e-07','-5.78305e-07','1.58883e-07','-1.07059e-07','0','0','0','0','0.000836588','0.0101142','-0.00808165','1.42605e-05','-3.64262e-06','-1.20852e-06','1.27761e-06','-7.67694e-07','0','0','0','0','-0.000680337','-0.00808165','0.00658334','-1.0962e-05','3.30594e-06','1.05844e-06','-1.07312e-06','7.94707e-07','0','0','0','0','1.15585e-06','1.42605e-05','-1.0962e-05','6.48538e-08','4.27988e-09','2.96926e-09','-7.95135e-10','5.12349e-09','0','0','0','0','-4.0794e-07','-3.64262e-06','3.30594e-06','4.27988e-09','8.61716e-08','2.63524e-08','1.37869e-10','3.65353e-09','0','0','0','0','-5.78305e-07','-1.20852e-06','1.05844e-06','2.96926e-09','2.63524e-08','3.1989e-08','-4.84033e-10','2.75915e-09','0','0','0','0','1.58883e-07','1.27761e-06','-1.07312e-06','-7.95135e-10','1.37869e-10','-4.84033e-10','4.06997e-05','-4.83139e-10','0','0','0','0','-1.07059e-07','-7.67694e-07','7.94707e-07','5.12349e-09','3.65353e-09','2.75915e-09','-4.83139e-10','8.92156e-05','0','0','0','0','0','0','0','0','0','0','0','0','0','0','0','0','0','0','0','0','0','0','0','0','0','0','0','0','0','0','0','0','0','0','0','0','0','0','0','0','0','0','0','0','0','0','0','0','0','0','0','0']

reports.append(Report(576225280, ("DT", -2, 1, 6), "MBwhAst1sec06"))
reports[-1].posNum = 4811
reports[-1].negNum = 0
reports[-1].fittype = "6DOF"
reports[-1].add_parameters(ValErr(0.0440591, 0.0147332, 0), \
                           ValErr(0.396176, 0.106501, 0), \
                           ValErr(-0.292878, 0.0863683, 0), \
                           ValErr(0.000463595, 0.000297518, 0), \
                           ValErr(0.000233882, 0.000319226, 0), \
                           ValErr(-4.68739e-06, 0.000215647, 0), \
                           -11978.4, 4811, 4811, -nan)
reports[-1].sigmax = ValErr(0.691413, 0.00708582, 0)
reports[-1].sigmay = ValErr(1.02117, 0.0103717, 0)
reports[-1].sigmadxdz = ValErr(0, 0, 0)
reports[-1].sigmadydz = ValErr(0, 0, 0)
reports[-1].add_stats(-0.00517774, 0.0514261, 0.000262751, -0.00715546, 0.0112568, 0.0377732, 0.000147878, -0.00141925, 0.0112568, 0.0377732, 0.000147878, -0.00141925, 0.0139807, 0.0381667, 9.81174e-05, -0.00215032, 0.0139807, 0.0381667, 9.81174e-05, -0.00215032, 0.692353, 1.0212, 0.00348833, 0.0429032, 0.692353, 1.0212, 0.00348833, 0.0429032)
reports[-1].CovMatrix = ['0.000217066','0.00100136','-0.000819461','1.3524e-06','-9.08289e-07','-1.22545e-06','-1.10348e-06','-6.02342e-07','0','0','0','0','0.00100136','0.0113424','-0.00908685','1.64281e-05','-4.03139e-06','-1.43892e-06','-1.04235e-05','-2.69562e-06','0','0','0','0','-0.000819461','-0.00908685','0.00745948','-1.18572e-05','3.81625e-06','1.33586e-06','8.53568e-06','2.67011e-06','0','0','0','0','1.3524e-06','1.64281e-05','-1.18572e-05','8.85167e-08','3.69741e-09','4.4244e-09','-1.11542e-08','1.45963e-08','0','0','0','0','-9.08289e-07','-4.03139e-06','3.81625e-06','3.69741e-09','1.01905e-07','3.81784e-08','2.32198e-10','-9.4456e-09','0','0','0','0','-1.22545e-06','-1.43892e-06','1.33586e-06','4.4244e-09','3.81784e-08','4.65036e-08','-1.96133e-09','-5.9724e-10','0','0','0','0','-1.10348e-06','-1.04235e-05','8.53568e-06','-1.11542e-08','2.32198e-10','-1.96133e-09','5.02089e-05','2.27774e-07','0','0','0','0','-6.02342e-07','-2.69562e-06','2.67011e-06','1.45963e-08','-9.4456e-09','-5.9724e-10','2.27774e-07','0.000107573','0','0','0','0','0','0','0','0','0','0','0','0','0','0','0','0','0','0','0','0','0','0','0','0','0','0','0','0','0','0','0','0','0','0','0','0','0','0','0','0','0','0','0','0','0','0','0','0','0','0','0','0']

reports.append(Report(576487424, ("DT", -2, 1, 7), "MBwhAst1sec07"))
reports[-1].posNum = 7583
reports[-1].negNum = 0
reports[-1].fittype = "6DOF"
reports[-1].add_parameters(ValErr(0.005227, 0.0104656, 0), \
                           ValErr(0.0187963, 0.089078, 0), \
                           ValErr(-0.000563284, 0.0719581, 0), \
                           ValErr(0.000216571, 0.00023307, 0), \
                           ValErr(-0.00109621, 0.000254695, 0), \
                           ValErr(-0.000581385, 0.000164419, 0), \
                           -18975.1, 7583, 7583, -nan)
reports[-1].sigmax = ValErr(0.69747, 0.00566357, 0)
reports[-1].sigmay = ValErr(1.02505, 0.00832357, 0)
reports[-1].sigmadxdz = ValErr(0, 0, 0)
reports[-1].sigmadydz = ValErr(0, 0, 0)
reports[-1].add_stats(-0.0124456, 0.0144444, -0.00320807, -0.0016786, 0.000436383, 0.013178, -0.00320809, 0.00189656, 0.000436383, 0.013178, -0.00320809, 0.00189656, -0.00727333, -0.00314122, -0.00322705, 0.00119804, -0.00727333, -0.00314122, -0.00322705, 0.00119804, 0.698093, 1.02569, 0.00354511, 0.0440545, 0.698093, 1.02569, 0.00354511, 0.0440545)
reports[-1].CovMatrix = ['0.000109528','0.000560016','-0.000457078','8.03552e-07','-1.94082e-07','-3.40456e-07','4.37835e-08','2.86909e-08','0','0','0','0','0.000560016','0.00793489','-0.00635052','1.15348e-05','-1.94461e-06','-8.0007e-08','2.53494e-07','4.89908e-07','0','0','0','0','-0.000457078','-0.00635052','0.00517797','-8.97322e-06','1.49446e-06','1.03837e-07','-1.93462e-07','-3.40902e-07','0','0','0','0','8.03552e-07','1.15348e-05','-8.97322e-06','5.43217e-08','2.89311e-10','3.00817e-09','1.39014e-09','8.76501e-10','0','0','0','0','-1.94082e-07','-1.94461e-06','1.49446e-06','2.89311e-10','6.48696e-08','2.18856e-08','-9.85673e-11','2.92691e-09','0','0','0','0','-3.40456e-07','-8.0007e-08','1.03837e-07','3.00817e-09','2.18856e-08','2.70337e-08','5.87829e-10','9.36301e-10','0','0','0','0','4.37835e-08','2.53494e-07','-1.93462e-07','1.39014e-09','-9.85673e-11','5.87829e-10','3.20761e-05','1.22654e-11','0','0','0','0','2.86909e-08','4.89908e-07','-3.40902e-07','8.76501e-10','2.92691e-09','9.36301e-10','1.22654e-11','6.92819e-05','0','0','0','0','0','0','0','0','0','0','0','0','0','0','0','0','0','0','0','0','0','0','0','0','0','0','0','0','0','0','0','0','0','0','0','0','0','0','0','0','0','0','0','0','0','0','0','0','0','0','0','0']

reports.append(Report(576749568, ("DT", -2, 1, 8), "MBwhAst1sec08"))
reports[-1].posNum = 6406
reports[-1].negNum = 0
reports[-1].fittype = "6DOF"
reports[-1].add_parameters(ValErr(0.0210544, 0.0112169, 0), \
                           ValErr(0.0487174, 0.0938022, 0), \
                           ValErr(-0.0488446, 0.075783, 0), \
                           ValErr(0.000186638, 0.000244184, 0), \
                           ValErr(-0.000410766, 0.000271504, 0), \
                           ValErr(-0.000267886, 0.000175224, 0), \
                           -15770.9, 6406, 6406, -nan)
reports[-1].sigmax = ValErr(0.685437, 0.00605559, 0)
reports[-1].sigmay = ValErr(1.00171, 0.00884985, 0)
reports[-1].sigmadxdz = ValErr(0, 0, 0)
reports[-1].sigmadydz = ValErr(0, 0, 0)
reports[-1].add_stats(0.0230303, -0.0103992, 0.00104941, 0.00173929, 0.0135116, -0.0131697, 0.00103956, 0.00775043, 0.0135116, -0.0131697, 0.00103956, 0.00775043, 0.0154149, -0.0247945, 0.000967427, 0.00761243, 0.0154149, -0.0247945, 0.000967427, 0.00761243, 0.685611, 1.00175, 0.00365139, 0.0419829, 0.685611, 1.00175, 0.00365139, 0.0419829)
reports[-1].CovMatrix = ['0.000125819','0.000620219','-0.000506248','8.62256e-07','-3.21104e-07','-5.08165e-07','4.43709e-08','3.31951e-08','0','0','0','0','0.000620219','0.00879884','-0.00704002','1.25271e-05','-2.69237e-06','-7.25121e-07','3.83935e-07','3.52832e-07','0','0','0','0','-0.000506248','-0.00704002','0.00574307','-9.62584e-06','2.20211e-06','6.49389e-07','-3.17498e-07','-1.84425e-07','0','0','0','0','8.62256e-07','1.25271e-05','-9.62584e-06','5.9626e-08','2.0551e-09','2.59623e-09','3.30248e-10','2.82368e-09','0','0','0','0','-3.21104e-07','-2.69237e-06','2.20211e-06','2.0551e-09','7.37142e-08','2.54556e-08','2.88905e-09','-9.22789e-10','0','0','0','0','-5.08165e-07','-7.25121e-07','6.49389e-07','2.59623e-09','2.54556e-08','3.07033e-08','2.01165e-09','-9.64968e-10','0','0','0','0','4.43709e-08','3.83935e-07','-3.17498e-07','3.30248e-10','2.88905e-09','2.01165e-09','3.66702e-05','-8.65557e-11','0','0','0','0','3.31951e-08','3.52832e-07','-1.84425e-07','2.82368e-09','-9.22789e-10','-9.64968e-10','-8.65557e-11','7.832e-05','0','0','0','0','0','0','0','0','0','0','0','0','0','0','0','0','0','0','0','0','0','0','0','0','0','0','0','0','0','0','0','0','0','0','0','0','0','0','0','0','0','0','0','0','0','0','0','0','0','0','0','0']

reports.append(Report(577011712, ("DT", -2, 1, 9), "MBwhAst1sec09"))
reports[-1].posNum = 3240
reports[-1].negNum = 0
reports[-1].fittype = "6DOF"
reports[-1].add_parameters(ValErr(0.0204189, 0.0145934, 0), \
                           ValErr(-0.020872, 0.131226, 0), \
                           ValErr(0.00146556, 0.105836, 0), \
                           ValErr(-0.000389383, 0.000331222, 0), \
                           ValErr(-0.000776245, 0.000352764, 0), \
                           ValErr(-0.000312919, 0.000228288, 0), \
                           -8109.19, 3240, 3240, -nan)
reports[-1].sigmax = ValErr(0.695396, 0.00863865, 0)
reports[-1].sigmay = ValErr(1.02863, 0.0127783, 0)
reports[-1].sigmadxdz = ValErr(0, 0, 0)
reports[-1].sigmadydz = ValErr(0, 0, 0)
reports[-1].add_stats(0.00391365, -0.0477588, -4.79357e-05, -0.0026228, 0.0220329, -0.0224825, -6.69453e-05, 0.00125814, 0.0220329, -0.0224825, -6.69453e-05, 0.00125814, 0.0115509, -0.0309077, -1.10951e-05, 0.00156821, 0.0115509, -0.0309077, -1.10951e-05, 0.00156821, 0.695578, 1.0295, 0.00357676, 0.045356, 0.695578, 1.0295, 0.00357676, 0.045356)
reports[-1].CovMatrix = ['0.000212968','0.00100711','-0.000823341','1.50799e-06','2.05271e-07','-5.09901e-08','2.00318e-07','-7.30627e-08','0','0','0','0','0.00100711','0.0172202','-0.0137525','2.51025e-05','-1.51279e-06','3.11918e-06','2.72716e-06','-2.11043e-06','0','0','0','0','-0.000823341','-0.0137525','0.0112013','-2.01742e-05','5.40171e-07','-2.52966e-06','-2.1932e-06','1.81165e-06','0','0','0','0','1.50799e-06','2.51025e-05','-2.01742e-05','1.09708e-07','-4.61716e-09','9.81323e-09','3.95315e-09','-2.16408e-10','0','0','0','0','2.05271e-07','-1.51279e-06','5.40171e-07','-4.61716e-09','1.24442e-07','4.0364e-08','-2.40459e-11','5.76875e-09','0','0','0','0','-5.09901e-08','3.11918e-06','-2.52966e-06','9.81323e-09','4.0364e-08','5.21154e-08','5.55494e-09','-3.89814e-09','0','0','0','0','2.00318e-07','2.72716e-06','-2.1932e-06','3.95315e-09','-2.40459e-11','5.55494e-09','7.46265e-05','-1.09898e-09','0','0','0','0','-7.30627e-08','-2.11043e-06','1.81165e-06','-2.16408e-10','5.76875e-09','-3.89814e-09','-1.09898e-09','0.000163285','0','0','0','0','0','0','0','0','0','0','0','0','0','0','0','0','0','0','0','0','0','0','0','0','0','0','0','0','0','0','0','0','0','0','0','0','0','0','0','0','0','0','0','0','0','0','0','0','0','0','0','0']

reports.append(Report(577273856, ("DT", -2, 1, 10), "MBwhAst1sec10"))
reports[-1].posNum = 3325
reports[-1].negNum = 0
reports[-1].fittype = "6DOF"
reports[-1].add_parameters(ValErr(0.0122299, 0.0156717, 0), \
                           ValErr(0.435654, 0.138446, 0), \
                           ValErr(-0.366025, 0.111686, 0), \
                           ValErr(0.000610425, 0.000338035, 0), \
                           ValErr(-0.000986533, 0.000370686, 0), \
                           ValErr(-0.000369767, 0.000227526, 0), \
                           -8397.78, 3325, 3325, -nan)
reports[-1].sigmax = ValErr(0.698645, 0.00858167, 0)
reports[-1].sigmay = ValErr(1.04748, 0.012827, 0)
reports[-1].sigmadxdz = ValErr(0, 0, 0)
reports[-1].sigmadydz = ValErr(0, 0, 0)
reports[-1].add_stats(-0.0200718, -0.0494929, 0.000451617, 0.000233649, -0.0135433, -0.0162801, 0.000438737, 0.00349902, -0.0135433, -0.0162801, 0.000438737, 0.00349902, -0.0201179, -0.0252137, 0.000417891, 0.00400753, -0.0201179, -0.0252137, 0.000417891, 0.00400753, 0.699863, 1.04852, 0.00365805, 0.0439493, 0.699863, 1.04852, 0.00365805, 0.0439493)
reports[-1].CovMatrix = ['0.000245601','0.00132879','-0.00108287','2.02188e-06','6.74982e-07','6.36629e-07','1.48768e-07','-1.77799e-06','0','0','0','0','0.00132879','0.0191673','-0.0153219','2.74064e-05','-1.64675e-06','3.61959e-06','-6.17376e-06','-2.90492e-05','0','0','0','0','-0.00108287','-0.0153219','0.0124737','-2.29556e-05','1.0814e-06','-3.00142e-06','4.35522e-06','2.14525e-05','0','0','0','0','2.02188e-06','2.74064e-05','-2.29556e-05','1.14267e-07','-4.59036e-09','1.20405e-08','-2.28466e-08','-5.55666e-08','0','0','0','0','6.74982e-07','-1.64675e-06','1.0814e-06','-4.59036e-09','1.37408e-07','4.06468e-08','6.37579e-09','1.9898e-08','0','0','0','0','6.36629e-07','3.61959e-06','-3.00142e-06','1.20405e-08','4.06468e-08','5.17683e-08','8.14655e-09','-7.89048e-09','0','0','0','0','1.48768e-07','-6.17376e-06','4.35522e-06','-2.28466e-08','6.37579e-09','8.14655e-09','7.36454e-05','-3.0745e-07','0','0','0','0','-1.77799e-06','-2.90492e-05','2.14525e-05','-5.55666e-08','1.9898e-08','-7.89048e-09','-3.0745e-07','0.000164533','0','0','0','0','0','0','0','0','0','0','0','0','0','0','0','0','0','0','0','0','0','0','0','0','0','0','0','0','0','0','0','0','0','0','0','0','0','0','0','0','0','0','0','0','0','0','0','0','0','0','0','0']

reports.append(Report(577536000, ("DT", -2, 1, 11), "MBwhAst1sec11"))
reports[-1].posNum = 3546
reports[-1].negNum = 0
reports[-1].fittype = "6DOF"
reports[-1].add_parameters(ValErr(0.0211385, 0.0156784, 0), \
                           ValErr(0.206257, 0.132132, 0), \
                           ValErr(-0.192435, 0.106897, 0), \
                           ValErr(-3.14729e-06, 0.000321716, 0), \
                           ValErr(-0.000566032, 0.00037596, 0), \
                           ValErr(-0.000382923, 0.000210557, 0), \
                           -8795.19, 3546, 3546, -nan)
reports[-1].sigmax = ValErr(0.674605, 0.00801064, 0)
reports[-1].sigmay = ValErr(1.03672, 0.0123106, 0)
reports[-1].sigmadxdz = ValErr(0, 0, 0)
reports[-1].sigmadydz = ValErr(0, 0, 0)
reports[-1].add_stats(0.00392969, -0.016735, 0.000273615, -0.00266334, 0.00206458, -0.029044, 0.000261507, 0.00196773, 0.00206458, -0.029044, 0.000261507, 0.00196773, 0.0148251, -0.0445636, 0.000154903, 0.00274338, 0.0148251, -0.0445636, 0.000154903, 0.00274338, 0.675176, 1.03716, 0.00353983, 0.0443341, 0.675176, 1.03716, 0.00353983, 0.0443341)
reports[-1].CovMatrix = ['0.000245811','0.00140623','-0.00114644','2.09394e-06','1.82865e-07','1.54614e-07','3.65388e-07','-2.79143e-07','0','0','0','0','0.00140623','0.0174588','-0.0140009','2.52768e-05','-2.62674e-06','2.98256e-06','3.47656e-06','-3.19499e-06','0','0','0','0','-0.00114644','-0.0140009','0.0114269','-2.06373e-05','2.4133e-06','-2.44596e-06','-2.8321e-06','2.74201e-06','0','0','0','0','2.09394e-06','2.52768e-05','-2.06373e-05','1.03501e-07','-5.17816e-09','1.13462e-08','7.55554e-09','-5.89204e-09','0','0','0','0','1.82865e-07','-2.62674e-06','2.4133e-06','-5.17816e-09','1.41346e-07','3.45461e-08','2.14615e-09','2.70152e-09','0','0','0','0','1.54614e-07','2.98256e-06','-2.44596e-06','1.13462e-08','3.45461e-08','4.43344e-08','1.42826e-09','1.57692e-09','0','0','0','0','3.65388e-07','3.47656e-06','-2.8321e-06','7.55554e-09','2.14615e-09','1.42826e-09','6.41706e-05','-6.79004e-10','0','0','0','0','-2.79143e-07','-3.19499e-06','2.74201e-06','-5.89204e-09','2.70152e-09','1.57692e-09','-6.79004e-10','0.000151551','0','0','0','0','0','0','0','0','0','0','0','0','0','0','0','0','0','0','0','0','0','0','0','0','0','0','0','0','0','0','0','0','0','0','0','0','0','0','0','0','0','0','0','0','0','0','0','0','0','0','0','0']

reports.append(Report(577798144, ("DT", -2, 1, 12), "MBwhAst1sec12"))
reports[-1].posNum = 6177
reports[-1].negNum = 0
reports[-1].fittype = "6DOF"
reports[-1].add_parameters(ValErr(-0.0114205, 0.0107269, 0), \
                           ValErr(-0.0520227, 0.0982076, 0), \
                           ValErr(0.0611459, 0.0791321, 0), \
                           ValErr(-0.000313862, 0.000255575, 0), \
                           ValErr(-0.000515662, 0.000286301, 0), \
                           ValErr(-0.000158297, 0.000176337, 0), \
                           -15326.1, 6177, 6177, -nan)
reports[-1].sigmax = ValErr(0.680834, 0.00612535, 0)
reports[-1].sigmay = ValErr(1.0281, 0.00924994, 0)
reports[-1].sigmadxdz = ValErr(0, 0, 0)
reports[-1].sigmadydz = ValErr(0, 0, 0)
reports[-1].add_stats(-0.0202035, 0.0273827, -0.000818773, -0.00287712, -0.0074254, 0.0213938, -0.000863669, 0.00110779, -0.0074254, 0.0213938, -0.000863669, 0.00110779, -0.0153316, 0.0252131, -0.000814112, 0.00138554, -0.0153316, 0.0252131, -0.000814112, 0.00138554, 0.680913, 1.0284, 0.00343693, 0.0435766, 0.680913, 1.0284, 0.00343693, 0.0435766)
reports[-1].CovMatrix = ['0.000115067','0.000556472','-0.000455057','7.93011e-07','-2.20207e-07','-4.12903e-07','7.8741e-08','-2.33504e-08','0','0','0','0','0.000556472','0.00964473','-0.00769406','1.39416e-05','-2.29894e-06','4.1455e-07','7.80332e-07','-1.53254e-07','0','0','0','0','-0.000455057','-0.00769406','0.00626189','-1.07655e-05','1.28871e-06','-2.92308e-07','-6.56222e-07','2.45944e-07','0','0','0','0','7.93011e-07','1.39416e-05','-1.07655e-05','6.53184e-08','-9.83871e-10','3.63754e-09','-1.70012e-09','6.04782e-09','0','0','0','0','-2.20207e-07','-2.29894e-06','1.28871e-06','-9.83871e-10','8.19683e-08','2.50294e-08','-1.3948e-09','5.14159e-09','0','0','0','0','-4.12903e-07','4.1455e-07','-2.92308e-07','3.63754e-09','2.50294e-08','3.10948e-08','1.27809e-10','1.88818e-09','0','0','0','0','7.8741e-08','7.80332e-07','-6.56222e-07','-1.70012e-09','-1.3948e-09','1.27809e-10','3.752e-05','-4.89252e-10','0','0','0','0','-2.33504e-08','-1.53254e-07','2.45944e-07','6.04782e-09','5.14159e-09','1.88818e-09','-4.89252e-10','8.55617e-05','0','0','0','0','0','0','0','0','0','0','0','0','0','0','0','0','0','0','0','0','0','0','0','0','0','0','0','0','0','0','0','0','0','0','0','0','0','0','0','0','0','0','0','0','0','0','0','0','0','0','0','0']

reports.append(Report(579108864, ("DT", -2, 2, 1), "MBwhAst2sec01"))
reports[-1].posNum = 9140
reports[-1].negNum = 0
reports[-1].fittype = "6DOF"
reports[-1].add_parameters(ValErr(0.0111104, 0.00997062, 0), \
                           ValErr(-0.128623, 0.0803633, 0), \
                           ValErr(0.106689, 0.0767934, 0), \
                           ValErr(0.000109659, 0.0002966, 0), \
                           ValErr(-0.000929956, 0.000282846, 0), \
                           ValErr(-0.00033778, 0.00020109, 0), \
                           -26605.8, 9140, 9140, -nan)
reports[-1].sigmax = ValErr(0.889261, 0.00657726, 0)
reports[-1].sigmay = ValErr(1.20975, 0.00894772, 0)
reports[-1].sigmadxdz = ValErr(0, 0, 0)
reports[-1].sigmadydz = ValErr(0, 0, 0)
reports[-1].add_stats(-0.00211417, -0.0239104, -0.00132712, -0.00135369, 0.00866252, -0.0201981, -0.00135803, -0.00111937, 0.00866252, -0.0201981, -0.00135803, -0.00111937, 0.0132733, -0.0167808, -0.00138886, -0.00138441, 0.0132733, -0.0167808, -0.00138886, -0.00138441, 0.889361, 1.21053, 0.00369428, 0.0243311, 0.889361, 1.21053, 0.00369428, 0.0243311)
reports[-1].CovMatrix = ['9.94132e-05','-0.000229802','0.00022299','-3.89553e-07','-5.68623e-08','-3.31816e-07','6.33917e-08','-3.67406e-08','0','0','0','0','-0.000229802','0.00645826','-0.00609048','1.09623e-05','1.30487e-06','4.11531e-07','-6.30321e-07','1.15377e-06','0','0','0','0','0.00022299','-0.00609048','0.00589723','-9.8889e-06','-1.19863e-06','-4.26497e-07','6.59e-07','-1.06538e-06','0','0','0','0','-3.89553e-07','1.09623e-05','-9.8889e-06','8.79718e-08','-2.22634e-10','-1.74968e-09','4.46296e-09','-3.52772e-09','0','0','0','0','-5.68623e-08','1.30487e-06','-1.19863e-06','-2.22634e-10','8.00019e-08','3.87704e-08','-5.89722e-09','1.29398e-08','0','0','0','0','-3.31816e-07','4.11531e-07','-4.26497e-07','-1.74968e-09','3.87704e-08','4.04373e-08','-2.10418e-09','6.04624e-09','0','0','0','0','6.33917e-08','-6.30321e-07','6.59e-07','4.46296e-09','-5.89722e-09','-2.10418e-09','4.32605e-05','-1.42588e-09','0','0','0','0','-3.67406e-08','1.15377e-06','-1.06538e-06','-3.52772e-09','1.29398e-08','6.04624e-09','-1.42588e-09','8.0062e-05','0','0','0','0','0','0','0','0','0','0','0','0','0','0','0','0','0','0','0','0','0','0','0','0','0','0','0','0','0','0','0','0','0','0','0','0','0','0','0','0','0','0','0','0','0','0','0','0','0','0','0','0']

reports.append(Report(579371008, ("DT", -2, 2, 2), "MBwhAst2sec02"))
reports[-1].posNum = 7862
reports[-1].negNum = 0
reports[-1].fittype = "6DOF"
reports[-1].add_parameters(ValErr(0.0237178, 0.0102339, 0), \
                           ValErr(0.0157803, 0.0139825, 0), \
                           ValErr(0.00684677, 0.0133552, 0), \
                           ValErr(0.000805067, 0.000295411, 0), \
                           ValErr(-0.000645523, 0.000305265, 0), \
                           ValErr(-0.000464443, 0.000222796, 0), \
                           -22948.2, 7862, 7862, -nan)
reports[-1].sigmax = ValErr(0.896986, 0.00686715, 0)
reports[-1].sigmay = ValErr(1.20892, 0.00963293, 0)
reports[-1].sigmadxdz = ValErr(0, 0, 0)
reports[-1].sigmadydz = ValErr(0, 0, 0)
reports[-1].add_stats(0.0184682, 0.0125535, -0.00120424, 0.0125057, 0.0194953, 0.00970929, -0.00123116, 0.0130718, 0.0194953, 0.00970929, -0.00123116, 0.0130718, 0.0145815, 0.00944136, -0.00122362, 0.0128654, 0.0145815, 0.00944136, -0.00122362, 0.0128654, 0.897322, 1.20934, 0.00381516, 0.0271192, 0.897322, 1.20934, 0.00381516, 0.0271192)
reports[-1].CovMatrix = ['0.000104733','4.48097e-05','-3.83603e-05','4.74286e-08','-3.12124e-07','-6.58118e-07','3.05618e-06','7.11268e-07','0','0','0','0','4.48097e-05','0.00019551','-8.74939e-05','5.34511e-07','5.50865e-07','2.62616e-07','1.21834e-05','-2.01536e-06','0','0','0','0','-3.83603e-05','-8.74939e-05','0.000178363','6.9975e-07','-7.48037e-07','-3.48792e-07','-1.20431e-05','1.89264e-06','0','0','0','0','4.74286e-08','5.34511e-07','6.9975e-07','8.72675e-08','-7.63453e-09','-4.66285e-09','6.18442e-08','1.74427e-08','0','0','0','0','-3.12124e-07','5.50865e-07','-7.48037e-07','-7.63453e-09','9.31867e-08','4.70712e-08','4.65876e-08','-4.06479e-09','0','0','0','0','-6.58118e-07','2.62616e-07','-3.48792e-07','-4.66285e-09','4.70712e-08','4.96381e-08','2.42882e-08','-4.96421e-11','0','0','0','0','3.05618e-06','1.21834e-05','-1.20431e-05','6.18442e-08','4.65876e-08','2.42882e-08','4.71579e-05','-6.50222e-07','0','0','0','0','7.11268e-07','-2.01536e-06','1.89264e-06','1.74427e-08','-4.06479e-09','-4.96421e-11','-6.50222e-07','9.27937e-05','0','0','0','0','0','0','0','0','0','0','0','0','0','0','0','0','0','0','0','0','0','0','0','0','0','0','0','0','0','0','0','0','0','0','0','0','0','0','0','0','0','0','0','0','0','0','0','0','0','0','0','0']

reports.append(Report(579633152, ("DT", -2, 2, 3), "MBwhAst2sec03"))
reports[-1].posNum = 7862
reports[-1].negNum = 0
reports[-1].fittype = "6DOF"
reports[-1].add_parameters(ValErr(0.0439513, 0.0112834, 0), \
                           ValErr(-0.0870818, 0.0871894, 0), \
                           ValErr(0.059356, 0.083003, 0), \
                           ValErr(0.000201125, 0.000336955, 0), \
                           ValErr(-0.000230626, 0.000314815, 0), \
                           ValErr(-0.000517063, 0.000231287, 0), \
                           -22972, 7862, 7862, -nan)
reports[-1].sigmax = ValErr(0.89781, 0.00715985, 0)
reports[-1].sigmay = ValErr(1.21144, 0.00966111, 0)
reports[-1].sigmadxdz = ValErr(0, 0, 0)
reports[-1].sigmadydz = ValErr(0, 0, 0)
reports[-1].add_stats(0.031026, -0.00890763, -0.000401923, -0.00124115, 0.033361, -0.0301365, -0.000376603, -0.00113472, 0.033361, -0.0301365, -0.000376603, -0.00113472, 0.047496, -0.0381465, -0.000395289, -0.00113917, 0.047496, -0.0381465, -0.000395289, -0.00113917, 0.898074, 1.21168, 0.00372342, 0.0230974, 0.898074, 1.21168, 0.00372342, 0.0230974)
reports[-1].CovMatrix = ['0.000127316','-0.000327827','0.000315912','-5.51335e-07','-3.63263e-07','-6.87575e-07','4.85944e-08','-3.02967e-08','0','0','0','0','-0.000327827','0.00760199','-0.00713677','1.3155e-05','1.95276e-06','8.53832e-07','1.1415e-08','3.58817e-07','0','0','0','0','0.000315912','-0.00713677','0.0068895','-1.12906e-05','-1.94698e-06','-8.74635e-07','1.84842e-07','-4.56637e-07','0','0','0','0','-5.51335e-07','1.3155e-05','-1.12906e-05','1.13539e-07','9.84988e-11','-1.77375e-09','1.28844e-08','-1.38444e-08','0','0','0','0','-3.63263e-07','1.95276e-06','-1.94698e-06','9.84988e-11','9.91085e-08','5.1295e-08','-1.67662e-09','8.23449e-09','0','0','0','0','-6.87575e-07','8.53832e-07','-8.74635e-07','-1.77375e-09','5.1295e-08','5.34935e-08','-9.93783e-11','4.13714e-09','0','0','0','0','4.85944e-08','1.1415e-08','1.84842e-07','1.28844e-08','-1.67662e-09','-9.93783e-11','5.12636e-05','-2.14307e-09','0','0','0','0','-3.02967e-08','3.58817e-07','-4.56637e-07','-1.38444e-08','8.23449e-09','4.13714e-09','-2.14307e-09','9.33373e-05','0','0','0','0','0','0','0','0','0','0','0','0','0','0','0','0','0','0','0','0','0','0','0','0','0','0','0','0','0','0','0','0','0','0','0','0','0','0','0','0','0','0','0','0','0','0','0','0','0','0','0','0']

reports.append(Report(579895296, ("DT", -2, 2, 4), "MBwhAst2sec04"))
reports[-1].posNum = 9198
reports[-1].negNum = 0
reports[-1].fittype = "6DOF"
reports[-1].add_parameters(ValErr(0.0490845, 0.0101501, 0), \
                           ValErr(-0.151476, 0.0821303, 0), \
                           ValErr(0.163625, 0.0782366, 0), \
                           ValErr(0.000157858, 0.000299232, 0), \
                           ValErr(-0.000436832, 0.000280432, 0), \
                           ValErr(-0.000304187, 0.000200962, 0), \
                           -26953.2, 9198, 9198, -nan)
reports[-1].sigmax = ValErr(0.898837, 0.00662709, 0)
reports[-1].sigmay = ValErr(1.22032, 0.00899745, 0)
reports[-1].sigmadxdz = ValErr(0, 0, 0)
reports[-1].sigmadydz = ValErr(0, 0, 0)
reports[-1].add_stats(0.0546331, 0.021065, 0.000737099, 0.00245052, 0.0411492, 0.0137982, 0.000730646, 0.00226465, 0.0411492, 0.0137982, 0.000730646, 0.00226465, 0.0475707, 0.0234141, 0.000702142, 0.00225703, 0.0475707, 0.0234141, 0.000702142, 0.00225703, 0.899088, 1.22057, 0.00377273, 0.0244409, 0.899088, 1.22057, 0.00377273, 0.0244409)
