nan = None;  NAN = None
nan = 0
reports = []
class ValErr:
    def __init__(self, value, error, antisym):
        self.value, self.error, self.antisym = value, error, antisym

    def __repr__(self):
        if self.antisym == 0.:
            return "%g +- %g" % (self.value, self.error)
        else:
            return "%g +- %g ~ %g" % (self.value, self.error, self.antisym)

class Report:
    def __init__(self, chamberId, postal_address, name):
        self.chamberId, self.postal_address, self.name = chamberId, postal_address, name
        self.status = "NOFIT"
        self.fittype = None
        self.CovMatrix = None

    def add_parameters(self, deltax, deltay, deltaz, deltaphix, deltaphiy, deltaphiz, loglikelihood, numsegments, sumofweights, redchi2):
        self.status = "PASS"
        self.deltax, self.deltay, self.deltaz, self.deltaphix, self.deltaphiy, self.deltaphiz = deltax, deltay, deltaz, deltaphix, deltaphiy, deltaphiz
        self.loglikelihood, self.numsegments, self.sumofweights, self.redchi2 = loglikelihood, numsegments, sumofweights, redchi2

    def add_stats(self, median_x, median_y, median_dxdz, median_dydz, mean30_x, mean30_y, mean20_dxdz, mean50_dydz, mean15_x, mean15_y, mean10_dxdz, mean25_dydz, wmean30_x, wmean30_y, wmean20_dxdz, wmean50_dydz, wmean15_x, wmean15_y, wmean10_dxdz, wmean25_dydz, stdev30_x, stdev30_y, stdev20_dxdz, stdev50_dydz, stdev15_x, stdev15_y, stdev10_dxdz, stdev25_dydz):
        self.median_x, self.median_y, self.median_dxdz, self.median_dydz, self.mean30_x, self.mean30_y, self.mean20_dxdz, self.mean50_dydz, self.mean15_x, self.mean15_y, self.mean10_dxdz, self.mean25_dydz, self.wmean30_x, self.wmean30_y, self.wmean20_dxdz, self.wmean50_dydz, self.wmean15_x, self.wmean15_y, self.wmean10_dxdz, self.wmean25_dydz, self.stdev30_x, self.stdev30_y, self.stdev20_dxdz, self.stdev50_dydz, self.stdev15_x, self.stdev15_y, self.stdev10_dxdz, self.stdev25_dydz = median_x, median_y, median_dxdz, median_dydz, mean30_x, mean30_y, mean20_dxdz, mean50_dydz, mean15_x, mean15_y, mean10_dxdz, mean25_dydz, wmean30_x, wmean30_y, wmean20_dxdz, wmean50_dydz, wmean15_x, wmean15_y, wmean10_dxdz, wmean25_dydz, stdev30_x, stdev30_y, stdev20_dxdz, stdev50_dydz, stdev15_x, stdev15_y, stdev10_dxdz, stdev25_dydz

    def __repr__(self):
        return "<Report %s %s %s>" % (self.postal_address[0], " ".join(map(str, self.postal_address[1:])), self.status)

reports.append(Report(574914560, ("DT", -2, 1, 1), "MBwhAst1sec01"))
reports[-1].posNum = 1966
reports[-1].negNum = 0
reports[-1].fittype = "6DOF"
reports[-1].add_parameters(ValErr(-0.0237006, 0.0184778, 0), \
                           ValErr(-0.364093, 0.159897, 0), \
                           ValErr(0.218717, 0.128646, 0), \
                           ValErr(-0.00130673, 0.000436134, 0), \
                           ValErr(0.000346615, 0.000470667, 0), \
                           ValErr(6.68356e-05, 0.000294224, 0), \
                           -4844.58, 1966, 1966, -nan)
reports[-1].sigmax = ValErr(0.658222, 0.0104971, 0)
reports[-1].sigmay = ValErr(1.04549, 0.0166732, 0)
reports[-1].sigmadxdz = ValErr(0, 0, 0)
reports[-1].sigmadydz = ValErr(0, 0, 0)
reports[-1].add_stats(0.00613785, -0.101899, 2.11551e-05, -0.008682, -0.00475979, -0.0829832, 9.20833e-05, -0.00466604, -0.00475979, -0.0829832, 9.20833e-05, -0.00466604, 0.0225916, -0.0924182, -9.93707e-05, -0.00572649, 0.0225916, -0.0924182, -9.93707e-05, -0.00572649, 0.658723, 1.04725, 0.00337785, 0.044391, 0.658723, 1.04725, 0.00337785, 0.044391)
reports[-1].CovMatrix = ['0.000341428','0.00163193','-0.00133145','2.34112e-06','-2.35746e-07','-7.66222e-07','1.00207e-07','1.55222e-07','0','0','0','0','0.00163193','0.0255671','-0.0203341','3.67613e-05','-4.98269e-06','2.65049e-06','-1.90643e-06','6.02061e-06','0','0','0','0','-0.00133145','-0.0203341','0.0165497','-2.85104e-05','3.22363e-06','-2.06183e-06','1.29798e-06','-4.20613e-06','0','0','0','0','2.34112e-06','3.67613e-05','-2.85104e-05','1.90213e-07','-7.40063e-09','1.39592e-08','-9.47263e-09','2.52654e-08','0','0','0','0','-2.35746e-07','-4.98269e-06','3.22363e-06','-7.40063e-09','2.21527e-07','6.85723e-08','4.34644e-08','-5.92554e-08','0','0','0','0','-7.66222e-07','2.65049e-06','-2.06183e-06','1.39592e-08','6.85723e-08','8.6568e-08','6.91951e-09','-3.96605e-09','0','0','0','0','1.00207e-07','-1.90643e-06','1.29798e-06','-9.47263e-09','4.34644e-08','6.91951e-09','0.00011019','-1.37544e-08','0','0','0','0','1.55222e-07','6.02061e-06','-4.20613e-06','2.52654e-08','-5.92554e-08','-3.96605e-09','-1.37544e-08','0.000278','0','0','0','0','0','0','0','0','0','0','0','0','0','0','0','0','0','0','0','0','0','0','0','0','0','0','0','0','0','0','0','0','0','0','0','0','0','0','0','0','0','0','0','0','0','0','0','0','0','0','0','0']

reports.append(Report(575176704, ("DT", -2, 1, 2), "MBwhAst1sec02"))
reports[-1].posNum = 1181
reports[-1].negNum = 0
reports[-1].fittype = "6DOF"
reports[-1].add_parameters(ValErr(0.0161099, 0.02698, 0), \
                           ValErr(-0.169797, 0.212384, 0), \
                           ValErr(0.172119, 0.17154, 0), \
                           ValErr(0.000590568, 0.000565318, 0), \
                           ValErr(-0.000439161, 0.000645449, 0), \
                           ValErr(-0.000459565, 0.000411936, 0), \
                           -2900.52, 1181, 1181, -nan)
reports[-1].sigmax = ValErr(0.687034, 0.0141361, 0)
reports[-1].sigmay = ValErr(0.993501, 0.0204425, 0)
reports[-1].sigmadxdz = ValErr(0, 0, 0)
reports[-1].sigmadydz = ValErr(0, 0, 0)
reports[-1].add_stats(0.0144687, 0.0253474, -0.00112854, -0.00346962, 0.0195955, 0.0179613, -0.00110134, 0.00052471, 0.0195955, 0.0179613, -0.00110134, 0.00052471, 0.0260801, 0.0199739, -0.00112888, 0.000320016, 0.0260801, 0.0199739, -0.00112888, 0.000320016, 0.687703, 0.994988, 0.00354886, 0.0436803, 0.687703, 0.994988, 0.00354886, 0.0436803)
reports[-1].CovMatrix = ['0.000727918','0.00321938','-0.00262666','4.54405e-06','-2.53061e-06','-3.61029e-06','-6.01799e-07','1.3724e-06','0','0','0','0','0.00321938','0.045107','-0.0360283','6.68747e-05','-1.0106e-05','3.29146e-06','-8.03641e-06','1.74116e-05','0','0','0','0','-0.00262666','-0.0360283','0.029426','-4.96146e-05','7.91754e-06','-2.36689e-06','6.55458e-06','-1.35885e-05','0','0','0','0','4.54405e-06','6.68747e-05','-4.96146e-05','3.19584e-07','-2.38896e-08','2.06159e-08','-1.1237e-08','3.58511e-08','0','0','0','0','-2.53061e-06','-1.0106e-05','7.91754e-06','-2.38896e-08','4.16604e-07','1.39896e-07','2.19501e-08','-1.57538e-08','0','0','0','0','-3.61029e-06','3.29146e-06','-2.36689e-06','2.06159e-08','1.39896e-07','1.69691e-07','1.15093e-08','-5.76342e-09','0','0','0','0','-6.01799e-07','-8.03641e-06','6.55458e-06','-1.1237e-08','2.19501e-08','1.15093e-08','0.000199833','-3.7633e-09','0','0','0','0','1.3724e-06','1.74116e-05','-1.35885e-05','3.58511e-08','-1.57538e-08','-5.76342e-09','-3.7633e-09','0.000417904','0','0','0','0','0','0','0','0','0','0','0','0','0','0','0','0','0','0','0','0','0','0','0','0','0','0','0','0','0','0','0','0','0','0','0','0','0','0','0','0','0','0','0','0','0','0','0','0','0','0','0','0']

reports.append(Report(575438848, ("DT", -2, 1, 3), "MBwhAst1sec03"))
reports[-1].posNum = 924
reports[-1].negNum = 0
reports[-1].fittype = "6DOF"
reports[-1].add_parameters(ValErr(0.0125744, 0.0351513, 0), \
                           ValErr(-0.0807009, 0.245479, 0), \
                           ValErr(-0.0265329, 0.199168, 0), \
                           ValErr(-0.00102716, 0.000664327, 0), \
                           ValErr(-0.00129608, 0.00073915, 0), \
                           ValErr(-0.000880999, 0.000463108, 0), \
                           -2308.89, 924, 924, -nan)
reports[-1].sigmax = ValErr(0.681542, 0.0158543, 0)
reports[-1].sigmay = ValErr(1.04532, 0.0243162, 0)
reports[-1].sigmadxdz = ValErr(0, 0, 0)
reports[-1].sigmadydz = ValErr(0, 0, 0)
reports[-1].add_stats(-0.018639, -0.0665957, 0.000991524, -0.00210469, -0.00391713, -0.0743537, 0.00100699, 0.00207476, -0.00391713, -0.0743537, 0.00100699, 0.00207476, -0.00811007, -0.0749139, 0.00102216, 4.1677e-05, -0.00811007, -0.0749139, 0.00102216, 4.1677e-05, 0.682732, 1.04733, 0.00346759, 0.0401547, 0.682732, 1.04733, 0.00346759, 0.0401547)
reports[-1].CovMatrix = ['0.00123561','0.00601017','-0.00489863','8.16766e-06','-3.58951e-06','-5.0717e-06','2.03392e-06','-2.13125e-06','0','0','0','0','0.00601017','0.0602598','-0.0482529','8.77112e-05','-1.46218e-05','-1.54952e-06','1.9833e-05','-2.17168e-05','0','0','0','0','-0.00489863','-0.0482529','0.0396678','-6.41949e-05','1.84656e-05','2.1254e-06','-1.55518e-05','1.79691e-05','0','0','0','0','8.16766e-06','8.77112e-05','-6.41949e-05','4.4133e-07','2.09031e-08','3.78563e-08','4.96476e-08','-4.51225e-08','0','0','0','0','-3.58951e-06','-1.46218e-05','1.84656e-05','2.09031e-08','5.46342e-07','1.74195e-07','1.93045e-08','-9.9976e-10','0','0','0','0','-5.0717e-06','-1.54952e-06','2.1254e-06','3.78563e-08','1.74195e-07','2.14469e-07','1.36102e-08','-6.08455e-09','0','0','0','0','2.03392e-06','1.9833e-05','-1.55518e-05','4.96476e-08','1.93045e-08','1.36102e-08','0.000251362','-8.58678e-09','0','0','0','0','-2.13125e-06','-2.17168e-05','1.79691e-05','-4.51225e-08','-9.9976e-10','-6.08455e-09','-8.58678e-09','0.000591289','0','0','0','0','0','0','0','0','0','0','0','0','0','0','0','0','0','0','0','0','0','0','0','0','0','0','0','0','0','0','0','0','0','0','0','0','0','0','0','0','0','0','0','0','0','0','0','0','0','0','0','0']

reports.append(Report(575700992, ("DT", -2, 1, 4), "MBwhAst1sec04"))
reports[-1].posNum = 1869
reports[-1].negNum = 0
reports[-1].fittype = "6DOF"
reports[-1].add_parameters(ValErr(0.0154571, 0.0202852, 0), \
                           ValErr(0.126617, 0.169155, 0), \
                           ValErr(-0.0715939, 0.135997, 0), \
                           ValErr(0.000639845, 0.000434958, 0), \
                           ValErr(-0.000704898, 0.000488784, 0), \
                           ValErr(-8.14822e-05, 0.000305699, 0), \
                           -4607.16, 1869, 1869, -nan)
reports[-1].sigmax = ValErr(0.678433, 0.0110967, 0)
reports[-1].sigmay = ValErr(1.01524, 0.0166054, 0)
reports[-1].sigmadxdz = ValErr(0, 0, 0)
reports[-1].sigmadydz = ValErr(0, 0, 0)
reports[-1].add_stats(0.0342264, 0.0290412, -0.000371336, -0.00467031, 0.0107036, 0.0305348, -0.000382043, -0.000461372, 0.0107036, 0.0305348, -0.000382043, -0.000461372, -0.00294989, 0.0555563, -0.000304248, -0.000385637, -0.00294989, 0.0555563, -0.000304248, -0.000385637, 0.678529, 1.01644, 0.003476, 0.0470009, 0.678529, 1.01644, 0.003476, 0.0470009)
reports[-1].CovMatrix = ['0.000411491','0.00203737','-0.00165604','2.82934e-06','-7.66289e-07','-1.33127e-06','2.38649e-07','-2.3817e-08','0','0','0','0','0.00203737','0.0286136','-0.0227726','4.00124e-05','-1.00916e-05','-3.16826e-06','-7.22002e-07','3.95015e-06','0','0','0','0','-0.00165604','-0.0227726','0.0184951','-3.10826e-05','8.15521e-06','2.72893e-06','6.98291e-07','-3.0686e-06','0','0','0','0','2.82934e-06','4.00124e-05','-3.10826e-05','1.89189e-07','7.94784e-09','7.10117e-09','1.29097e-08','-8.82242e-09','0','0','0','0','-7.66289e-07','-1.00916e-05','8.15521e-06','7.94784e-09','2.3891e-07','7.68618e-08','1.56253e-08','-1.24706e-08','0','0','0','0','-1.33127e-06','-3.16826e-06','2.72893e-06','7.10117e-09','7.68618e-08','9.3452e-08','-5.21632e-09','1.433e-08','0','0','0','0','2.38649e-07','-7.22002e-07','6.98291e-07','1.29097e-08','1.56253e-08','-5.21632e-09','0.000123137','-4.98866e-09','0','0','0','0','-2.3817e-08','3.95015e-06','-3.0686e-06','-8.82242e-09','-1.24706e-08','1.433e-08','-4.98866e-09','0.000275741','0','0','0','0','0','0','0','0','0','0','0','0','0','0','0','0','0','0','0','0','0','0','0','0','0','0','0','0','0','0','0','0','0','0','0','0','0','0','0','0','0','0','0','0','0','0','0','0','0','0','0','0']

reports.append(Report(575963136, ("DT", -2, 1, 5), "MBwhAst1sec05"))
reports[-1].posNum = 1683
reports[-1].negNum = 0
reports[-1].fittype = "6DOF"
reports[-1].add_parameters(ValErr(0.00343927, 0.023589, 0), \
                           ValErr(0.106839, 0.186086, 0), \
                           ValErr(-0.0514219, 0.149962, 0), \
                           ValErr(0.000358082, 0.000494268, 0), \
                           ValErr(-0.000331679, 0.000555509, 0), \
                           ValErr(-0.000181814, 0.000340725, 0), \
                           -4220.28, 1683, 1683, -nan)
reports[-1].sigmax = ValErr(0.685954, 0.0118233, 0)
reports[-1].sigmay = ValErr(1.04776, 0.0180596, 0)
reports[-1].sigmadxdz = ValErr(0, 0, 0)
reports[-1].sigmadydz = ValErr(0, 0, 0)
reports[-1].add_stats(0.0112619, 0.0332038, 0.000677752, -0.00617403, -0.00472778, 0.0384706, 0.00076202, -0.0010977, -0.00472778, 0.0384706, 0.00076202, -0.0010977, 0.00949714, 0.0259565, 0.000720527, -0.000588567, 0.00949714, 0.0259565, 0.000720527, -0.000588567, 0.686027, 1.04798, 0.00350468, 0.0456741, 0.686027, 1.04798, 0.00350468, 0.0456741)
reports[-1].CovMatrix = ['0.000556439','0.00281475','-0.00228944','3.90642e-06','-1.61055e-06','-2.36189e-06','9.76124e-07','-1.04593e-06','0','0','0','0','0.00281475','0.034628','-0.0276083','4.98542e-05','-1.12822e-05','-2.87614e-06','8.87331e-06','-9.42954e-06','0','0','0','0','-0.00228944','-0.0276083','0.0224885','-3.74871e-05','1.01281e-05','2.65121e-06','-7.35594e-06','8.35703e-06','0','0','0','0','3.90642e-06','4.98542e-05','-3.74871e-05','2.44301e-07','1.07575e-08','1.24704e-08','6.46119e-09','5.0869e-09','0','0','0','0','-1.61055e-06','-1.12822e-05','1.01281e-05','1.07575e-08','3.0859e-07','9.46608e-08','-2.42007e-08','5.05706e-08','0','0','0','0','-2.36189e-06','-2.87614e-06','2.65121e-06','1.24704e-08','9.46608e-08','1.16094e-07','-9.17491e-09','2.13757e-08','0','0','0','0','9.76124e-07','8.87331e-06','-7.35594e-06','6.46119e-09','-2.42007e-08','-9.17491e-09','0.000139791','-6.3749e-09','0','0','0','0','-1.04593e-06','-9.42954e-06','8.35703e-06','5.0869e-09','5.05706e-08','2.13757e-08','-6.3749e-09','0.000326152','0','0','0','0','0','0','0','0','0','0','0','0','0','0','0','0','0','0','0','0','0','0','0','0','0','0','0','0','0','0','0','0','0','0','0','0','0','0','0','0','0','0','0','0','0','0','0','0','0','0','0','0']

reports.append(Report(576225280, ("DT", -2, 1, 6), "MBwhAst1sec06"))
reports[-1].posNum = 1463
reports[-1].negNum = 0
reports[-1].fittype = "6DOF"
reports[-1].add_parameters(ValErr(0.0314469, 0.0278519, 0), \
                           ValErr(0.115194, 0.198213, 0), \
                           ValErr(-0.0855876, 0.160914, 0), \
                           ValErr(-0.000331006, 0.000541414, 0), \
                           ValErr(-6.46293e-05, 0.000581161, 0), \
                           ValErr(-0.000344831, 0.000409517, 0), \
                           -3576.51, 1463, 1463, -nan)
reports[-1].sigmax = ValErr(0.699196, 0.0129264, 0)
reports[-1].sigmay = ValErr(0.965204, 0.0178441, 0)
reports[-1].sigmadxdz = ValErr(0, 0, 0)
reports[-1].sigmadydz = ValErr(0, 0, 0)
reports[-1].add_stats(0.0333614, 0.0269596, 3.8936e-05, -0.00587177, 0.0132881, 0.0252653, 0.000220514, -0.00124213, 0.0132881, 0.0252653, 0.000220514, -0.00124213, 0.0254056, -0.00661638, 0.000200813, -0.00088814, 0.0254056, -0.00661638, 0.000200813, -0.00088814, 0.699283, 0.965784, 0.00359519, 0.0433805, 0.699283, 0.965784, 0.00359519, 0.0433805)
reports[-1].CovMatrix = ['0.000775726','0.00347768','-0.00284953','4.69294e-06','-4.17045e-06','-5.31532e-06','1.07154e-06','-1.06933e-06','0','0','0','0','0.00347768','0.0392883','-0.0315362','5.76748e-05','-1.66382e-05','-8.74092e-06','1.92998e-07','4.32335e-06','0','0','0','0','-0.00284953','-0.0315362','0.0258933','-4.12873e-05','1.53898e-05','7.76631e-06','2.72171e-07','-3.46921e-06','0','0','0','0','4.69294e-06','5.76748e-05','-4.12873e-05','2.93129e-07','1.71392e-08','8.26651e-09','1.13404e-08','3.25907e-09','0','0','0','0','-4.17045e-06','-1.66382e-05','1.53898e-05','1.71392e-08','3.37748e-07','1.39518e-07','2.72162e-08','-2.25851e-08','0','0','0','0','-5.31532e-06','-8.74092e-06','7.76631e-06','8.26651e-09','1.39518e-07','1.67704e-07','-2.39688e-08','4.17133e-08','0','0','0','0','1.07154e-06','1.92998e-07','2.72171e-07','1.13404e-08','2.72162e-08','-2.39688e-08','0.000167093','-1.81409e-08','0','0','0','0','-1.06933e-06','4.32335e-06','-3.46921e-06','3.25907e-09','-2.25851e-08','4.17133e-08','-1.81409e-08','0.000318417','0','0','0','0','0','0','0','0','0','0','0','0','0','0','0','0','0','0','0','0','0','0','0','0','0','0','0','0','0','0','0','0','0','0','0','0','0','0','0','0','0','0','0','0','0','0','0','0','0','0','0','0']

reports.append(Report(576487424, ("DT", -2, 1, 7), "MBwhAst1sec07"))
reports[-1].posNum = 2219
reports[-1].negNum = 0
reports[-1].fittype = "6DOF"
reports[-1].add_parameters(ValErr(0.0116096, 0.0186073, 0), \
                           ValErr(0.247463, 0.157105, 0), \
                           ValErr(-0.167208, 0.126753, 0), \
                           ValErr(0.00020551, 0.000422904, 0), \
                           ValErr(-0.00185558, 0.000472683, 0), \
                           ValErr(-0.000216261, 0.00029002, 0), \
                           -5442.56, 2219, 2219, -nan)
reports[-1].sigmax = ValErr(0.6617, 0.00992592, 0)
reports[-1].sigmay = ValErr(1.02816, 0.0154369, 0)
reports[-1].sigmadxdz = ValErr(0, 0, 0)
reports[-1].sigmadydz = ValErr(0, 0, 0)
reports[-1].add_stats(0.00745577, 0.0381667, -0.00325265, -0.00367066, 0.00100523, 0.0403275, -0.0032067, 0.000735527, 0.00100523, 0.0403275, -0.0032067, 0.000735527, -0.000285358, 0.0417981, -0.00325731, 0.000541292, -0.000285358, 0.0417981, -0.00325731, 0.000541292, 0.662049, 1.03183, 0.00340706, 0.0437057, 0.662049, 1.03183, 0.00340706, 0.0437057)
reports[-1].CovMatrix = ['0.000346233','0.00178583','-0.00145615','2.48419e-06','-7.32311e-07','-1.13506e-06','-5.02842e-07','-3.10659e-07','0','0','0','0','0.00178583','0.0246821','-0.0197095','3.50131e-05','-8.21804e-06','-9.49374e-07','-6.16218e-06','-8.08049e-06','0','0','0','0','-0.00145615','-0.0197095','0.0160663','-2.69997e-05','6.59784e-06','9.25589e-07','5.4836e-06','6.09672e-06','0','0','0','0','2.48419e-06','3.50131e-05','-2.69997e-05','1.78848e-07','1.89742e-09','9.99031e-09','-8.75032e-10','-3.6327e-08','0','0','0','0','-7.32311e-07','-8.21804e-06','6.59784e-06','1.89742e-09','2.23429e-07','6.90767e-08','2.06716e-08','-6.93043e-09','0','0','0','0','-1.13506e-06','-9.49374e-07','9.25589e-07','9.99031e-09','6.90767e-08','8.41117e-08','1.20445e-08','-8.68526e-09','0','0','0','0','-5.02842e-07','-6.16218e-06','5.4836e-06','-8.75032e-10','2.06716e-08','1.20445e-08','9.85245e-05','2.1504e-07','0','0','0','0','-3.10659e-07','-8.08049e-06','6.09672e-06','-3.6327e-08','-6.93043e-09','-8.68526e-09','2.1504e-07','0.000238299','0','0','0','0','0','0','0','0','0','0','0','0','0','0','0','0','0','0','0','0','0','0','0','0','0','0','0','0','0','0','0','0','0','0','0','0','0','0','0','0','0','0','0','0','0','0','0','0','0','0','0','0']

reports.append(Report(576749568, ("DT", -2, 1, 8), "MBwhAst1sec08"))
reports[-1].posNum = 1856
reports[-1].negNum = 0
reports[-1].fittype = "6DOF"
reports[-1].add_parameters(ValErr(0.0267133, 0.0207979, 0), \
                           ValErr(-0.0705264, 0.173754, 0), \
                           ValErr(0.0324726, 0.140357, 0), \
                           ValErr(-0.000852333, 0.000461069, 0), \
                           ValErr(0.000376921, 0.000507198, 0), \
                           ValErr(0.000504354, 0.00031848, 0), \
                           -4576.94, 1856, 1856, -nan)
reports[-1].sigmax = ValErr(0.67502, 0.0110793, 0)
reports[-1].sigmay = ValErr(1.02138, 0.0167642, 0)
reports[-1].sigmadxdz = ValErr(0, 0, 0)
reports[-1].sigmadydz = ValErr(0, 0, 0)
reports[-1].add_stats(0.0708194, -0.011929, 0.000937798, 0.00330244, 0.0380719, -0.0178667, 0.000969436, 0.0081317, 0.0380719, -0.0178667, 0.000969436, 0.0081317, 0.0413195, -0.0220576, 0.000936489, 0.00695444, 0.0413195, -0.0220576, 0.000936489, 0.00695444, 0.675632, 1.02249, 0.00358233, 0.0413221, 0.675632, 1.02249, 0.00358233, 0.0413221)
reports[-1].CovMatrix = ['0.000432553','0.0021869','-0.00178471','3.05367e-06','-1.04134e-06','-1.71256e-06','1.04175e-07','1.88305e-07','0','0','0','0','0.0021869','0.0301905','-0.0241423','4.32353e-05','-9.81381e-06','-3.23215e-06','4.67264e-07','2.47759e-06','0','0','0','0','-0.00178471','-0.0241423','0.0197','-3.31876e-05','8.29155e-06','2.85633e-06','-3.38931e-07','-1.72843e-06','0','0','0','0','3.05367e-06','4.32353e-05','-3.31876e-05','2.12585e-07','1.19389e-08','9.33934e-09','3.85867e-09','6.16856e-09','0','0','0','0','-1.04134e-06','-9.81381e-06','8.29155e-06','1.19389e-08','2.5725e-07','8.31767e-08','1.32051e-08','-8.41396e-09','0','0','0','0','-1.71256e-06','-3.23215e-06','2.85633e-06','9.33934e-09','8.31767e-08','1.0143e-07','6.80066e-09','-3.72248e-09','0','0','0','0','1.04175e-07','4.67264e-07','-3.38931e-07','3.85867e-09','1.32051e-08','6.80066e-09','0.000122752','-3.61905e-10','0','0','0','0','1.88305e-07','2.47759e-06','-1.72843e-06','6.16856e-09','-8.41396e-09','-3.72248e-09','-3.61905e-10','0.000281041','0','0','0','0','0','0','0','0','0','0','0','0','0','0','0','0','0','0','0','0','0','0','0','0','0','0','0','0','0','0','0','0','0','0','0','0','0','0','0','0','0','0','0','0','0','0','0','0','0','0','0','0']

reports.append(Report(577011712, ("DT", -2, 1, 9), "MBwhAst1sec09"))
reports[-1].posNum = 925
reports[-1].negNum = 0
reports[-1].fittype = "6DOF"
reports[-1].add_parameters(ValErr(0.00771137, 0.0255329, 0), \
                           ValErr(0.24942, 0.24451, 0), \
                           ValErr(-0.162922, 0.196953, 0), \
                           ValErr(0.000147153, 0.000608469, 0), \
                           ValErr(-0.00126922, 0.000669137, 0), \
                           ValErr(-0.000209589, 0.000410119, 0), \
                           -2274.64, 925, 925, -nan)
reports[-1].sigmax = ValErr(0.672309, 0.0156321, 0)
reports[-1].sigmay = ValErr(1.01839, 0.0236789, 0)
reports[-1].sigmadxdz = ValErr(0, 0, 0)
reports[-1].sigmadydz = ValErr(0, 0, 0)
reports[-1].add_stats(0.0106759, 0.046501, 1.62065e-05, 0.000683122, 0.00104633, 0.0340537, 3.76162e-05, 0.00435619, 0.00104633, 0.0340537, 3.76162e-05, 0.00435619, -0.0103579, 0.0169883, 0.000120265, 0.00655433, -0.0103579, 0.0169883, 0.000120265, 0.00655433, 0.672417, 1.02079, 0.00349511, 0.045379, 0.672417, 1.02079, 0.00349511, 0.045379)
reports[-1].CovMatrix = ['0.000651928','0.00298421','-0.00244434','4.4448e-06','8.28276e-07','-8.73836e-08','2.46734e-07','3.17469e-07','0','0','0','0','0.00298421','0.0597851','-0.0476724','8.6231e-05','-4.90755e-06','1.22507e-05','5.96614e-06','-2.65407e-06','0','0','0','0','-0.00244434','-0.0476724','0.0387904','-6.92097e-05','-9.61206e-08','-9.99003e-06','-3.69901e-06','8.23093e-07','0','0','0','0','4.4448e-06','8.6231e-05','-6.92097e-05','3.70235e-07','-2.4618e-08','3.09301e-08','9.30032e-08','-1.22675e-07','0','0','0','0','8.28276e-07','-4.90755e-06','-9.61206e-08','-2.4618e-08','4.47744e-07','1.34248e-07','-8.12638e-08','1.41736e-07','0','0','0','0','-8.73836e-08','1.22507e-05','-9.99003e-06','3.09301e-08','1.34248e-07','1.68198e-07','1.83798e-09','1.13733e-08','0','0','0','0','2.46734e-07','5.96614e-06','-3.69901e-06','9.30032e-08','-8.12638e-08','1.83798e-09','0.000244365','-6.68298e-08','0','0','0','0','3.17469e-07','-2.65407e-06','8.23093e-07','-1.22675e-07','1.41736e-07','1.13733e-08','-6.68298e-08','0.000560703','0','0','0','0','0','0','0','0','0','0','0','0','0','0','0','0','0','0','0','0','0','0','0','0','0','0','0','0','0','0','0','0','0','0','0','0','0','0','0','0','0','0','0','0','0','0','0','0','0','0','0','0']

reports.append(Report(577273856, ("DT", -2, 1, 10), "MBwhAst1sec10"))
reports[-1].posNum = 979
reports[-1].negNum = 0
reports[-1].fittype = "6DOF"
reports[-1].add_parameters(ValErr(0.0334406, 0.0282708, 0), \
                           ValErr(0.453013, 0.252494, 0), \
                           ValErr(-0.357112, 0.203743, 0), \
                           ValErr(0.000570826, 0.000620074, 0), \
                           ValErr(0.000102615, 0.000688728, 0), \
                           ValErr(-9.90277e-05, 0.000416814, 0), \
                           -2499.31, 979, 979, -nan)
reports[-1].sigmax = ValErr(0.709072, 0.0158947, 0)
reports[-1].sigmay = ValErr(1.0606, 0.0242494, 0)
reports[-1].sigmadxdz = ValErr(0, 0, 0)
reports[-1].sigmadydz = ValErr(0, 0, 0)
reports[-1].add_stats(0.0207554, 0.000722379, 0.000370365, 0.00112972, 0.00436283, 0.0159322, 0.000323547, 0.00394233, 0.00436283, 0.0159322, 0.000323547, 0.00394233, 0.0194706, 0.0127266, 0.000216665, 0.00348786, 0.0194706, 0.0127266, 0.000216665, 0.00348786, 0.710249, 1.06071, 0.00372822, 0.043462, 0.710249, 1.06071, 0.00372822, 0.043462)
reports[-1].CovMatrix = ['0.000799236','0.0041397','-0.00338152','6.24985e-06','1.91575e-06','1.54604e-06','-4.19888e-06','7.24642e-07','0','0','0','0','0.0041397','0.0637534','-0.0509643','9.07846e-05','-8.08819e-06','1.00637e-05','-8.7129e-05','-3.24441e-06','0','0','0','0','-0.00338152','-0.0509643','0.0415114','-7.55762e-05','4.56226e-06','-8.36056e-06','7.24679e-05','-3.44909e-06','0','0','0','0','6.24985e-06','9.07846e-05','-7.55762e-05','3.84492e-07','-2.13687e-08','3.2253e-08','-2.9275e-07','2.44814e-07','0','0','0','0','1.91575e-06','-8.08819e-06','4.56226e-06','-2.13687e-08','4.74346e-07','1.36558e-07','-1.32953e-07','1.67286e-07','0','0','0','0','1.54604e-06','1.00637e-05','-8.36056e-06','3.2253e-08','1.36558e-07','1.73734e-07','-1.42026e-08','-6.94764e-09','0','0','0','0','-4.19888e-06','-8.7129e-05','7.24679e-05','-2.9275e-07','-1.32953e-07','-1.42026e-08','0.000252644','-2.41429e-06','0','0','0','0','7.24642e-07','-3.24441e-06','-3.44909e-06','2.44814e-07','1.67286e-07','-6.94764e-09','-2.41429e-06','0.000588045','0','0','0','0','0','0','0','0','0','0','0','0','0','0','0','0','0','0','0','0','0','0','0','0','0','0','0','0','0','0','0','0','0','0','0','0','0','0','0','0','0','0','0','0','0','0','0','0','0','0','0','0']

reports.append(Report(577536000, ("DT", -2, 1, 11), "MBwhAst1sec11"))
reports[-1].posNum = 1047
reports[-1].negNum = 0
reports[-1].fittype = "6DOF"
reports[-1].add_parameters(ValErr(-0.0431106, 0.0299059, 0), \
                           ValErr(-0.0423125, 0.260586, 0), \
                           ValErr(2.90926e-05, 0.21085, 0), \
                           ValErr(-0.00057174, 0.000614395, 0), \
                           ValErr(-0.000105108, 0.00070908, 0), \
                           ValErr(7.54561e-05, 0.0004163, 0), \
                           -2661.37, 1047, 1047, -nan)
reports[-1].sigmax = ValErr(0.719751, 0.015729, 0)
reports[-1].sigmay = ValErr(1.03341, 0.0225833, 0)
reports[-1].sigmadxdz = ValErr(0, 0, 0)
reports[-1].sigmadydz = ValErr(0, 0, 0)
reports[-1].add_stats(-0.00284998, 0.00567851, 0.000240435, -0.00411338, -0.041732, -0.040185, 0.000316016, 0.00194855, -0.041732, -0.040185, 0.000316016, 0.00194855, -0.0393976, -0.0720378, 0.000316398, 0.00143813, -0.0393976, -0.0720378, 0.000316398, 0.00143813, 0.719822, 1.03407, 0.00367835, 0.0431611, 0.719822, 1.03407, 0.00367835, 0.0431611)
reports[-1].CovMatrix = ['0.00089436','0.00509514','-0.00415455','7.51182e-06','-4.80332e-07','-1.00836e-06','1.65974e-06','-1.50076e-06','0','0','0','0','0.00509514','0.067905','-0.054529','9.86577e-05','-1.77293e-05','-1.24499e-06','1.93611e-05','-2.06296e-05','0','0','0','0','-0.00415455','-0.054529','0.0444579','-7.97085e-05','1.44651e-05','1.11675e-06','-1.57275e-05','1.72322e-05','0','0','0','0','7.51182e-06','9.86577e-05','-7.97085e-05','3.77481e-07','5.72239e-09','2.014e-08','4.66225e-08','-4.62618e-08','0','0','0','0','-4.80332e-07','-1.77293e-05','1.44651e-05','5.72239e-09','5.02795e-07','1.38814e-07','3.84135e-08','-3.41427e-08','0','0','0','0','-1.00836e-06','-1.24499e-06','1.11675e-06','2.014e-08','1.38814e-07','1.73305e-07','3.114e-08','-3.23382e-08','0','0','0','0','1.65974e-06','1.93611e-05','-1.57275e-05','4.66225e-08','3.84135e-08','3.114e-08','0.000247405','-1.33369e-08','0','0','0','0','-1.50076e-06','-2.06296e-05','1.72322e-05','-4.62618e-08','-3.41427e-08','-3.23382e-08','-1.33369e-08','0.000510016','0','0','0','0','0','0','0','0','0','0','0','0','0','0','0','0','0','0','0','0','0','0','0','0','0','0','0','0','0','0','0','0','0','0','0','0','0','0','0','0','0','0','0','0','0','0','0','0','0','0','0','0']

reports.append(Report(577798144, ("DT", -2, 1, 12), "MBwhAst1sec12"))
reports[-1].posNum = 1856
reports[-1].negNum = 0
reports[-1].fittype = "6DOF"
reports[-1].add_parameters(ValErr(0.0304886, 0.0206609, 0), \
                           ValErr(0.287056, 0.184886, 0), \
                           ValErr(-0.174595, 0.149419, 0), \
                           ValErr(0.000526648, 0.000465579, 0), \
                           ValErr(-0.000164072, 0.000525374, 0), \
                           ValErr(5.21155e-06, 0.000333305, 0), \
                           -4642.49, 1856, 1856, -nan)
reports[-1].sigmax = ValErr(0.704714, 0.0115979, 0)
reports[-1].sigmay = ValErr(1.01352, 0.0166405, 0)
reports[-1].sigmadxdz = ValErr(0, 0, 0)
reports[-1].sigmadydz = ValErr(0, 0, 0)
reports[-1].add_stats(0.0211942, 0.0477105, -0.000877733, -0.00238725, 0.0178292, 0.066921, -0.000947355, 0.00259583, 0.0178292, 0.066921, -0.000947355, 0.00259583, 0.0113809, 0.052148, -0.000931225, 0.00200662, 0.0113809, 0.052148, -0.000931225, 0.00200662, 0.704926, 1.0137, 0.0035348, 0.0432409, 0.704926, 1.0137, 0.0035348, 0.0432409)
reports[-1].CovMatrix = ['0.000426873','0.00201634','-0.0016516','2.84832e-06','-1.2267e-06','-1.92765e-06','-6.90212e-07','-1.14797e-06','0','0','0','0','0.00201634','0.0341828','-0.0273686','4.9352e-05','-8.6876e-06','6.59116e-07','-2.13232e-06','-2.37928e-05','0','0','0','0','-0.0016516','-0.0273686','0.0223261','-3.79107e-05','5.32076e-06','-3.16228e-07','1.84397e-06','1.89296e-05','0','0','0','0','2.84832e-06','4.9352e-05','-3.79107e-05','2.16764e-07','1.18239e-09','1.16291e-08','7.54575e-09','-2.56077e-08','0','0','0','0','-1.2267e-06','-8.6876e-06','5.32076e-06','1.18239e-09','2.76018e-07','9.0702e-08','-1.61768e-10','1.08615e-08','0','0','0','0','-1.92765e-06','6.59116e-07','-3.16228e-07','1.16291e-08','9.0702e-08','1.11092e-07','7.44197e-10','-2.01098e-09','0','0','0','0','-6.90212e-07','-2.13232e-06','1.84397e-06','7.54575e-09','-1.61768e-10','7.44197e-10','0.000134513','-1.73602e-07','0','0','0','0','-1.14797e-06','-2.37928e-05','1.89296e-05','-2.56077e-08','1.08615e-08','-2.01098e-09','-1.73602e-07','0.000276909','0','0','0','0','0','0','0','0','0','0','0','0','0','0','0','0','0','0','0','0','0','0','0','0','0','0','0','0','0','0','0','0','0','0','0','0','0','0','0','0','0','0','0','0','0','0','0','0','0','0','0','0']

reports.append(Report(579108864, ("DT", -2, 2, 1), "MBwhAst2sec01"))
reports[-1].posNum = 2888
reports[-1].negNum = 0
reports[-1].fittype = "6DOF"
reports[-1].add_parameters(ValErr(0.0121325, 0.0178907, 0), \
                           ValErr(-0.0975399, 0.146804, 0), \
                           ValErr(0.112941, 0.140348, 0), \
                           ValErr(-0.000168646, 0.000526697, 0), \
                           ValErr(-0.000981604, 0.000510188, 0), \
                           ValErr(-0.000350132, 0.000358612, 0), \
                           -8465.1, 2888, 2888, -nan)
reports[-1].sigmax = ValErr(0.90215, 0.0118705, 0)
reports[-1].sigmay = ValErr(1.21681, 0.0160106, 0)
reports[-1].sigmadxdz = ValErr(0, 0, 0)
reports[-1].sigmadydz = ValErr(0, 0, 0)
reports[-1].add_stats(-0.0101641, 0.0416041, -0.00136883, -0.000857926, 0.00947825, 0.0213749, -0.00141223, -0.00113967, 0.00947825, 0.0213749, -0.00141223, -0.00113967, 0.00704787, -0.00548051, -0.00136416, -0.000969396, 0.00704787, -0.00548051, -0.00136416, -0.000969396, 0.902429, 1.21735, 0.00367151, 0.0244515, 0.902429, 1.21735, 0.00367151, 0.0244515)
reports[-1].CovMatrix = ['0.000320078','-0.000690043','0.000671262','-1.17589e-06','-2.37506e-07','-1.11449e-06','3.30322e-07','-2.90231e-07','0','0','0','0','-0.000690043','0.0215516','-0.0203433','3.66139e-05','3.88124e-06','6.01998e-07','-4.60441e-06','7.23927e-06','0','0','0','0','0.000671262','-0.0203433','0.0196975','-3.31107e-05','-3.24338e-06','-6.53705e-07','4.60776e-06','-6.81602e-06','0','0','0','0','-1.17589e-06','3.66139e-05','-3.31107e-05','2.7741e-07','3.07208e-09','-5.07119e-09','2.28234e-09','5.37462e-09','0','0','0','0','-2.37506e-07','3.88124e-06','-3.24338e-06','3.07208e-09','2.60292e-07','1.23708e-07','1.791e-08','-8.1047e-09','0','0','0','0','-1.11449e-06','6.01998e-07','-6.53705e-07','-5.07119e-09','1.23708e-07','1.28603e-07','7.26825e-09','2.79266e-10','0','0','0','0','3.30322e-07','-4.60441e-06','4.60776e-06','2.28234e-09','1.791e-08','7.26825e-09','0.000140909','-2.61719e-09','0','0','0','0','-2.90231e-07','7.23927e-06','-6.81602e-06','5.37462e-09','-8.1047e-09','2.79266e-10','-2.61719e-09','0.000256342','0','0','0','0','0','0','0','0','0','0','0','0','0','0','0','0','0','0','0','0','0','0','0','0','0','0','0','0','0','0','0','0','0','0','0','0','0','0','0','0','0','0','0','0','0','0','0','0','0','0','0','0']

reports.append(Report(579371008, ("DT", -2, 2, 2), "MBwhAst2sec02"))
reports[-1].posNum = 2431
reports[-1].negNum = 0
reports[-1].fittype = "6DOF"
reports[-1].add_parameters(ValErr(0.0288501, 0.0200666, 0), \
                           ValErr(-0.111751, 0.152581, 0), \
                           ValErr(0.0583704, 0.145967, 0), \
                           ValErr(0.000871466, 0.000585736, 0), \
                           ValErr(-0.000584413, 0.000544297, 0), \
                           ValErr(-0.000423122, 0.000389201, 0), \
                           -7013.24, 2431, 2431, -nan)
reports[-1].sigmax = ValErr(0.870112, 0.0124788, 0)
reports[-1].sigmay = ValErr(1.20463, 0.0172764, 0)
reports[-1].sigmadxdz = ValErr(0, 0, 0)
reports[-1].sigmadydz = ValErr(0, 0, 0)
reports[-1].add_stats(0.0175083, -0.125294, -0.00121187, 0.0129256, 0.0222669, -0.0677302, -0.00129664, 0.0135121, 0.0222669, -0.0677302, -0.00129664, 0.0135121, 0.0363433, -0.0705547, -0.00129205, 0.0134421, 0.0363433, -0.0705547, -0.00129205, 0.0134421, 0.870235, 1.20553, 0.00370414, 0.027703, 0.870235, 1.20553, 0.00370414, 0.027703)
reports[-1].CovMatrix = ['0.00040267','-0.00114175','0.00110475','-1.83959e-06','-1.12322e-06','-2.18731e-06','7.30942e-08','1.02118e-08','0','0','0','0','-0.00114175','0.023281','-0.0219468','3.98321e-05','6.45452e-06','3.9469e-06','5.86153e-07','3.13891e-07','0','0','0','0','0.00110475','-0.0219468','0.0213065','-3.41073e-05','-7.25025e-06','-4.14804e-06','-4.01159e-07','-7.93455e-08','0','0','0','0','-1.83959e-06','3.98321e-05','-3.41073e-05','3.43087e-07','-2.30056e-08','-1.17339e-08','7.22491e-09','-3.28795e-10','0','0','0','0','-1.12322e-06','6.45452e-06','-7.25025e-06','-2.30056e-08','2.96259e-07','1.44453e-07','-3.03201e-08','5.83143e-08','0','0','0','0','-2.18731e-06','3.9469e-06','-4.14804e-06','-1.17339e-08','1.44453e-07','1.51477e-07','-6.49246e-09','1.99942e-08','0','0','0','0','7.30942e-08','5.86153e-07','-4.01159e-07','7.22491e-09','-3.03201e-08','-6.49246e-09','0.000155721','-6.82802e-09','0','0','0','0','1.02118e-08','3.13891e-07','-7.93455e-08','-3.28795e-10','5.83143e-08','1.99942e-08','-6.82802e-09','0.000298478','0','0','0','0','0','0','0','0','0','0','0','0','0','0','0','0','0','0','0','0','0','0','0','0','0','0','0','0','0','0','0','0','0','0','0','0','0','0','0','0','0','0','0','0','0','0','0','0','0','0','0','0']

reports.append(Report(579633152, ("DT", -2, 2, 3), "MBwhAst2sec03"))
reports[-1].posNum = 2327
reports[-1].negNum = 0
reports[-1].fittype = "6DOF"
reports[-1].add_parameters(ValErr(0.0307738, 0.021164, 0), \
                           ValErr(-0.253276, 0.16303, 0), \
                           ValErr(0.199462, 0.155323, 0), \
                           ValErr(-0.000526319, 0.000623779, 0), \
                           ValErr(-0.000368395, 0.000584668, 0), \
                           ValErr(0.000239631, 0.000425213, 0), \
                           -6830.97, 2327, 2327, -nan)
reports[-1].sigmax = ValErr(0.904051, 0.0132346, 0)
reports[-1].sigmay = ValErr(1.2196, 0.0179308, 0)
reports[-1].sigmadxdz = ValErr(0, 0, 0)
reports[-1].sigmadydz = ValErr(0, 0, 0)
reports[-1].add_stats(0.0455208, -0.0422832, -0.000444786, -0.00011354, 0.0285218, -0.0441974, -0.000418359, 3.35238e-05, 0.0285218, -0.0441974, -0.000418359, 3.35238e-05, 0.0157242, -0.0553984, -0.000368799, 1.48432e-05, 0.0157242, -0.0553984, -0.000368799, 1.48432e-05, 0.904558, 1.21997, 0.00382951, 0.0223245, 0.904558, 1.21997, 0.00382951, 0.0223245)
reports[-1].CovMatrix = ['0.000447916','-0.00121538','0.00117178','-2.03054e-06','-1.48124e-06','-2.60478e-06','-1.66295e-07','-2.27543e-07','0','0','0','0','-0.00121538','0.0265788','-0.0249734','4.62545e-05','8.15748e-06','4.65503e-06','1.47786e-05','-1.10121e-06','0','0','0','0','0.00117178','-0.0249734','0.0241253','-3.95394e-05','-8.45448e-06','-4.71663e-06','-1.65217e-05','3.83147e-06','0','0','0','0','-2.03054e-06','4.62545e-05','-3.95394e-05','3.89101e-07','-5.66336e-09','-4.22422e-09','1.72415e-08','4.27108e-08','0','0','0','0','-1.48124e-06','8.15748e-06','-8.45448e-06','-5.66336e-09','3.41837e-07','1.73816e-07','-2.40915e-08','7.60232e-09','0','0','0','0','-2.60478e-06','4.65503e-06','-4.71663e-06','-4.22422e-09','1.73816e-07','1.80806e-07','-1.74088e-08','2.70775e-08','0','0','0','0','-1.66295e-07','1.47786e-05','-1.65217e-05','1.72415e-08','-2.40915e-08','-1.74088e-08','0.000175156','4.7501e-07','0','0','0','0','-2.27543e-07','-1.10121e-06','3.83147e-06','4.27108e-08','7.60232e-09','2.70775e-08','4.7501e-07','0.000321516','0','0','0','0','0','0','0','0','0','0','0','0','0','0','0','0','0','0','0','0','0','0','0','0','0','0','0','0','0','0','0','0','0','0','0','0','0','0','0','0','0','0','0','0','0','0','0','0','0','0','0','0']

reports.append(Report(579895296, ("DT", -2, 2, 4), "MBwhAst2sec04"))
reports[-1].posNum = 2944
reports[-1].negNum = 0
reports[-1].fittype = "6DOF"
reports[-1].add_parameters(ValErr(0.0680147, 0.0175143, 0), \
                           ValErr(-0.35832, 0.142395, 0), \
                           ValErr(0.329181, 0.135617, 0), \
                           ValErr(9.79993e-05, 0.000531371, 0), \
                           ValErr(7.01603e-06, 0.000497925, 0), \
                           ValErr(-0.000240457, 0.000350832, 0), \
                           -8533.06, 2944, 2944, -nan)
reports[-1].sigmax = ValErr(0.874419, 0.0113959, 0)
reports[-1].sigmay = ValErr(1.21505, 0.0158352, 0)
reports[-1].sigmadxdz = ValErr(0, 0, 0)
reports[-1].sigmadydz = ValErr(0, 0, 0)
reports[-1].add_stats(0.0739465, 0.0161322, 0.000735951, 0.00231013, 0.0509938, -0.0244865, 0.000713064, 0.00229136, 0.0509938, -0.0244865, 0.000713064, 0.00229136, 0.0538662, -0.0435885, 0.000697423, 0.00215879, 0.0538662, -0.0435885, 0.000697423, 0.00215879, 0.875064, 1.21592, 0.00362289, 0.0247336, 0.875064, 1.21592, 0.00362289, 0.0247336)
