nan = None;  NAN = None
nan = 0
reports = []
class ValErr:
    def __init__(self, value, error, antisym):
        self.value, self.error, self.antisym = value, error, antisym

    def __repr__(self):
        if self.antisym == 0.:
            return "%g +- %g" % (self.value, self.error)
        else:
            return "%g +- %g ~ %g" % (self.value, self.error, self.antisym)

class Report:
    def __init__(self, chamberId, postal_address, name):
        self.chamberId, self.postal_address, self.name = chamberId, postal_address, name
        self.status = "NOFIT"
        self.fittype = None
        self.CovMatrix = None

    def add_parameters(self, deltax, deltay, deltaz, deltaphix, deltaphiy, deltaphiz, loglikelihood, numsegments, sumofweights, redchi2):
        self.status = "PASS"
        self.deltax, self.deltay, self.deltaz, self.deltaphix, self.deltaphiy, self.deltaphiz = deltax, deltay, deltaz, deltaphix, deltaphiy, deltaphiz
        self.loglikelihood, self.numsegments, self.sumofweights, self.redchi2 = loglikelihood, numsegments, sumofweights, redchi2

    def add_stats(self, median_x, median_y, median_dxdz, median_dydz, mean30_x, mean30_y, mean20_dxdz, mean50_dydz, mean15_x, mean15_y, mean10_dxdz, mean25_dydz, wmean30_x, wmean30_y, wmean20_dxdz, wmean50_dydz, wmean15_x, wmean15_y, wmean10_dxdz, wmean25_dydz, stdev30_x, stdev30_y, stdev20_dxdz, stdev50_dydz, stdev15_x, stdev15_y, stdev10_dxdz, stdev25_dydz):
        self.median_x, self.median_y, self.median_dxdz, self.median_dydz, self.mean30_x, self.mean30_y, self.mean20_dxdz, self.mean50_dydz, self.mean15_x, self.mean15_y, self.mean10_dxdz, self.mean25_dydz, self.wmean30_x, self.wmean30_y, self.wmean20_dxdz, self.wmean50_dydz, self.wmean15_x, self.wmean15_y, self.wmean10_dxdz, self.wmean25_dydz, self.stdev30_x, self.stdev30_y, self.stdev20_dxdz, self.stdev50_dydz, self.stdev15_x, self.stdev15_y, self.stdev10_dxdz, self.stdev25_dydz = median_x, median_y, median_dxdz, median_dydz, mean30_x, mean30_y, mean20_dxdz, mean50_dydz, mean15_x, mean15_y, mean10_dxdz, mean25_dydz, wmean30_x, wmean30_y, wmean20_dxdz, wmean50_dydz, wmean15_x, wmean15_y, wmean10_dxdz, wmean25_dydz, stdev30_x, stdev30_y, stdev20_dxdz, stdev50_dydz, stdev15_x, stdev15_y, stdev10_dxdz, stdev25_dydz

    def __repr__(self):
        return "<Report %s %s %s>" % (self.postal_address[0], " ".join(map(str, self.postal_address[1:])), self.status)

reports.append(Report(574914560, ("DT", -2, 1, 1), "MBwhAst1sec01"))
reports[-1].posNum = 13033
reports[-1].negNum = 0
reports[-1].fittype = "6DOF"
reports[-1].add_parameters(ValErr(-0.0843218, 0.0076677, 0), \
                           ValErr(0.143498, 0.0633807, 0), \
                           ValErr(0.0581646, 0.0513757, 0), \
                           ValErr(-4.77939e-05, 0.000175208, 0), \
                           ValErr(0.000440659, 0.00018624, 0), \
                           ValErr(8.20472e-05, 0.000124544, 0), \
                           -31881.5, 13033, 13033, -nan)
reports[-1].sigmax = ValErr(0.67585, 0.00418614, 0)
reports[-1].sigmay = ValErr(1.00012, 0.00619467, 0)
reports[-1].sigmadxdz = ValErr(0, 0, 0)
reports[-1].sigmadydz = ValErr(0, 0, 0)
reports[-1].add_stats(-0.081068, 0.22287, 7.94883e-05, -0.00228646, -0.0798461, 0.214385, 8.47834e-05, -0.00167019, -0.0798461, 0.214385, 8.47834e-05, -0.00167019, -0.0751847, 0.225203, 4.90059e-05, -0.00177905, -0.0751847, 0.225203, 4.90059e-05, -0.00177905, 0.675873, 1.00036, 0.00348021, 0.0314821, 0.675873, 1.00036, 0.00348021, 0.0314821)
reports[-1].CovMatrix = ['5.87936e-05','0.000280844','-0.000230097','4.04475e-07','-1.12999e-07','-2.03772e-07','4.97224e-08','-2.59576e-08','0','0','0','0','0.000280844','0.00401712','-0.00322238','5.91348e-06','-7.90449e-07','2.28216e-07','3.47476e-07','-5.54383e-08','0','0','0','0','-0.000230097','-0.00322238','0.00263946','-4.53392e-06','6.12048e-07','-1.63836e-07','-2.98073e-07','1.1214e-07','0','0','0','0','4.04475e-07','5.91348e-06','-4.53392e-06','3.06978e-08','-6.04431e-10','2.06506e-09','-3.06216e-10','2.07612e-09','0','0','0','0','-1.12999e-07','-7.90449e-07','6.12048e-07','-6.04431e-10','3.46854e-08','1.24666e-08','1.44382e-09','-6.24457e-10','0','0','0','0','-2.03772e-07','2.28216e-07','-1.63836e-07','2.06506e-09','1.24666e-08','1.55112e-08','7.627e-11','9.26665e-10','0','0','0','0','4.97224e-08','3.47476e-07','-2.98073e-07','-3.06216e-10','1.44382e-09','7.627e-11','1.75238e-05','-1.64411e-10','0','0','0','0','-2.59576e-08','-5.54383e-08','1.1214e-07','2.07612e-09','-6.24457e-10','9.26665e-10','-1.64411e-10','3.8374e-05','0','0','0','0','0','0','0','0','0','0','0','0','0','0','0','0','0','0','0','0','0','0','0','0','0','0','0','0','0','0','0','0','0','0','0','0','0','0','0','0','0','0','0','0','0','0','0','0','0','0','0','0']

reports.append(Report(575176704, ("DT", -2, 1, 2), "MBwhAst1sec02"))
reports[-1].posNum = 8428
reports[-1].negNum = 0
reports[-1].fittype = "6DOF"
reports[-1].add_parameters(ValErr(-0.000375962, 0.00934881, 0), \
                           ValErr(-0.161345, 0.0773237, 0), \
                           ValErr(0.0882409, 0.062584, 0), \
                           ValErr(0.00013359, 0.000209074, 0), \
                           ValErr(0.000143409, 0.000232498, 0), \
                           ValErr(-0.000193965, 0.000148232, 0), \
                           -20393.1, 8428, 8428, -nan)
reports[-1].sigmax = ValErr(0.663359, 0.00510942, 0)
reports[-1].sigmay = ValErr(0.992269, 0.00764277, 0)
reports[-1].sigmadxdz = ValErr(0, 0, 0)
reports[-1].sigmadydz = ValErr(0, 0, 0)
reports[-1].add_stats(0.0110838, -0.0694265, 0.000954541, -0.00288975, 0.00156446, -0.058242, 0.000976702, -0.00149483, 0.00156446, -0.058242, 0.000976702, -0.00149483, 0.00816036, -0.0518065, 0.000953934, -0.00158973, 0.00816036, -0.0518065, 0.000953934, -0.00158973, 0.663474, 0.992607, 0.0033968, 0.0332925, 0.663474, 0.992607, 0.0033968, 0.0332925)
reports[-1].CovMatrix = ['8.74002e-05','0.00039554','-0.000324144','5.54984e-07','-2.51373e-07','-3.95879e-07','3.85102e-08','6.57382e-09','0','0','0','0','0.00039554','0.00597896','-0.00478539','8.68483e-06','-1.53972e-06','1.79574e-07','2.22246e-07','3.49974e-07','0','0','0','0','-0.000324144','-0.00478539','0.00391676','-6.53911e-06','1.13193e-06','-1.06901e-07','-1.66821e-07','-2.32576e-07','0','0','0','0','5.54984e-07','8.68483e-06','-6.53911e-06','4.37117e-08','-1.38592e-09','2.45021e-09','1.57757e-09','1.09954e-10','0','0','0','0','-2.51373e-07','-1.53972e-06','1.13193e-06','-1.38592e-09','5.40553e-08','1.80352e-08','2.69385e-09','-1.8772e-09','0','0','0','0','-3.95879e-07','1.79574e-07','-1.06901e-07','2.45021e-09','1.80352e-08','2.19726e-08','8.31863e-10','1.79279e-10','0','0','0','0','3.85102e-08','2.22246e-07','-1.66821e-07','1.57757e-09','2.69385e-09','8.31863e-10','2.61062e-05','-1.01536e-10','0','0','0','0','6.57382e-09','3.49974e-07','-2.32576e-07','1.09954e-10','-1.8772e-09','1.79279e-10','-1.01536e-10','5.84121e-05','0','0','0','0','0','0','0','0','0','0','0','0','0','0','0','0','0','0','0','0','0','0','0','0','0','0','0','0','0','0','0','0','0','0','0','0','0','0','0','0','0','0','0','0','0','0','0','0','0','0','0','0']

reports.append(Report(575438848, ("DT", -2, 1, 3), "MBwhAst1sec03"))
reports[-1].posNum = 9538
reports[-1].negNum = 0
reports[-1].fittype = "6DOF"
reports[-1].add_parameters(ValErr(-0.0196058, 0.00953168, 0), \
                           ValErr(0.0436756, 0.0723672, 0), \
                           ValErr(-0.12814, 0.0587695, 0), \
                           ValErr(-4.83897e-05, 0.000199672, 0), \
                           ValErr(0.000337537, 0.000212327, 0), \
                           ValErr(-0.000106451, 0.000145617, 0), \
                           -23261.5, 9538, 9538, -nan)
reports[-1].sigmax = ValErr(0.678471, 0.00491233, 0)
reports[-1].sigmay = ValErr(0.988925, 0.00716013, 0)
reports[-1].sigmadxdz = ValErr(0, 0, 0)
reports[-1].sigmadydz = ValErr(0, 0, 0)
reports[-1].add_stats(-0.0386839, -0.110458, 0.000117483, -0.00244858, -0.0362672, -0.108057, 0.000121753, -0.00154587, -0.0362672, -0.108057, 0.000121753, -0.00154587, -0.036994, -0.105683, 0.000141027, -0.00137066, -0.036994, -0.105683, 0.000141027, -0.00137066, 0.678675, 0.989369, 0.00347103, 0.0326036, 0.678675, 0.989369, 0.00347103, 0.0326036)
reports[-1].CovMatrix = ['9.08529e-05','0.000419893','-0.000344132','5.83887e-07','-2.66834e-07','-4.0479e-07','5.08393e-08','-8.76634e-09','0','0','0','0','0.000419893','0.00523702','-0.00420482','7.61105e-06','-1.29584e-06','-1.06981e-07','1.52719e-07','4.0544e-07','0','0','0','0','-0.000344132','-0.00420482','0.00345386','-5.6945e-06','1.18941e-06','1.3725e-07','-1.13755e-07','-2.72349e-07','0','0','0','0','5.83887e-07','7.61105e-06','-5.6945e-06','3.98691e-08','4.53625e-10','2.5239e-09','8.34299e-10','1.1196e-09','0','0','0','0','-2.66834e-07','-1.29584e-06','1.18941e-06','4.53625e-10','4.50825e-08','1.72905e-08','-6.34223e-10','3.07284e-09','0','0','0','0','-4.0479e-07','-1.06981e-07','1.3725e-07','2.5239e-09','1.72905e-08','2.12042e-08','-6.64878e-10','2.35157e-09','0','0','0','0','5.08393e-08','1.52719e-07','-1.13755e-07','8.34299e-10','-6.34223e-10','-6.64878e-10','2.4131e-05','-5.8315e-11','0','0','0','0','-8.76634e-09','4.0544e-07','-2.72349e-07','1.1196e-09','3.07284e-09','2.35157e-09','-5.8315e-11','5.12675e-05','0','0','0','0','0','0','0','0','0','0','0','0','0','0','0','0','0','0','0','0','0','0','0','0','0','0','0','0','0','0','0','0','0','0','0','0','0','0','0','0','0','0','0','0','0','0','0','0','0','0','0','0']

reports.append(Report(575700992, ("DT", -2, 1, 4), "MBwhAst1sec04"))
reports[-1].posNum = 13425
reports[-1].negNum = 0
reports[-1].fittype = "6DOF"
reports[-1].add_parameters(ValErr(-0.0977732, 0.00739655, 0), \
                           ValErr(0.0939686, 0.0637179, 0), \
                           ValErr(-0.0517444, 0.05156, 0), \
                           ValErr(9.97299e-05, 0.000170817, 0), \
                           ValErr(-8.86452e-05, 0.000185079, 0), \
                           ValErr(0.000366515, 0.000119961, 0), \
                           -32820.6, 13425, 13425, -nan)
reports[-1].sigmax = ValErr(0.672401, 0.00410353, 0)
reports[-1].sigmay = ValErr(1.00377, 0.00612578, 0)
reports[-1].sigmadxdz = ValErr(0, 0, 0)
reports[-1].sigmadydz = ValErr(0, 0, 0)
reports[-1].add_stats(-0.0984988, 0.0309862, 0.000528527, -0.00334774, -0.0962044, 0.0289568, 0.000544414, -0.00232267, -0.0962044, 0.0289568, 0.000544414, -0.00232267, -0.097441, 0.0218895, 0.000563562, -0.00209852, -0.097441, 0.0218895, 0.000563562, -0.00209852, 0.672642, 1.004, 0.00341174, 0.034544, 0.672642, 1.004, 0.00341174, 0.034544)
reports[-1].CovMatrix = ['5.47089e-05','0.000271615','-0.00022226','3.92238e-07','-7.77013e-08','-1.50728e-07','5.29589e-08','-3.17087e-08','0','0','0','0','0.000271615','0.00405997','-0.00325309','5.91169e-06','-8.65828e-07','2.48978e-07','5.30107e-07','-3.47757e-07','0','0','0','0','-0.00022226','-0.00325309','0.00265844','-4.60205e-06','6.22663e-07','-1.87524e-07','-4.23093e-07','3.09501e-07','0','0','0','0','3.92238e-07','5.91169e-06','-4.60205e-06','2.91784e-08','-9.97598e-10','1.84577e-09','1.82349e-09','-1.23242e-09','0','0','0','0','-7.77013e-08','-8.65828e-07','6.22663e-07','-9.97598e-10','3.42541e-08','1.15788e-08','5.99114e-10','5.35805e-10','0','0','0','0','-1.50728e-07','2.48978e-07','-1.87524e-07','1.84577e-09','1.15788e-08','1.43906e-08','3.72401e-10','4.28214e-10','0','0','0','0','5.29589e-08','5.30107e-07','-4.23093e-07','1.82349e-09','5.99114e-10','3.72401e-10','1.6839e-05','-7.46964e-11','0','0','0','0','-3.17087e-08','-3.47757e-07','3.09501e-07','-1.23242e-09','5.35805e-10','4.28214e-10','-7.46964e-11','3.75253e-05','0','0','0','0','0','0','0','0','0','0','0','0','0','0','0','0','0','0','0','0','0','0','0','0','0','0','0','0','0','0','0','0','0','0','0','0','0','0','0','0','0','0','0','0','0','0','0','0','0','0','0','0']

reports.append(Report(575963136, ("DT", -2, 1, 5), "MBwhAst1sec05"))
reports[-1].posNum = 12008
reports[-1].negNum = 0
reports[-1].fittype = "6DOF"
reports[-1].add_parameters(ValErr(0.0310847, 0.00820406, 0), \
                           ValErr(0.0779082, 0.0665577, 0), \
                           ValErr(-0.0933314, 0.0540379, 0), \
                           ValErr(-0.000443141, 0.000178793, 0), \
                           ValErr(-0.000237075, 0.000195957, 0), \
                           ValErr(-0.000392027, 0.000125879, 0), \
                           -29205.6, 12008, 12008, -nan)
reports[-1].sigmax = ValErr(0.668989, 0.00431688, 0)
reports[-1].sigmay = ValErr(0.996294, 0.00642896, 0)
reports[-1].sigmadxdz = ValErr(0, 0, 0)
reports[-1].sigmadydz = ValErr(0, 0, 0)
reports[-1].add_stats(0.0218444, -0.0167794, -9.20636e-05, -0.000789919, 0.0171586, -0.0263142, -0.000102133, -0.000925694, 0.0171586, -0.0263142, -0.000102133, -0.000925694, 0.0170377, -0.0227299, -0.000113916, -0.00111858, 0.0170377, -0.0227299, -0.000113916, -0.00111858, 0.669304, 0.996912, 0.00343255, 0.0337627, 0.669304, 0.996912, 0.00343255, 0.0337627)
reports[-1].CovMatrix = ['6.73066e-05','0.000337818','-0.000276802','4.81501e-07','-1.39098e-07','-2.23955e-07','-3.02522e-08','1.00693e-07','0','0','0','0','0.000337818','0.00442993','-0.00356041','6.4427e-06','-1.14816e-06','-2.44204e-09','-6.28513e-07','1.43968e-06','0','0','0','0','-0.000276802','-0.00356041','0.00292009','-4.97347e-06','9.87732e-07','2.83425e-08','5.30044e-07','-1.15013e-06','0','0','0','0','4.81501e-07','6.4427e-06','-4.97347e-06','3.19668e-08','-1.68687e-10','1.95726e-09','2.24676e-10','1.41491e-09','0','0','0','0','-1.39098e-07','-1.14816e-06','9.87732e-07','-1.68687e-10','3.83991e-08','1.28247e-08','-1.72274e-10','1.92169e-09','0','0','0','0','-2.23955e-07','-2.44204e-09','2.83425e-08','1.95726e-09','1.28247e-08','1.58456e-08','1.76735e-11','1.01653e-09','0','0','0','0','-3.02522e-08','-6.28513e-07','5.30044e-07','2.24676e-10','-1.72274e-10','1.76735e-11','1.86355e-05','-2.5962e-10','0','0','0','0','1.00693e-07','1.43968e-06','-1.15013e-06','1.41491e-09','1.92169e-09','1.01653e-09','-2.5962e-10','4.13315e-05','0','0','0','0','0','0','0','0','0','0','0','0','0','0','0','0','0','0','0','0','0','0','0','0','0','0','0','0','0','0','0','0','0','0','0','0','0','0','0','0','0','0','0','0','0','0','0','0','0','0','0','0']

reports.append(Report(576225280, ("DT", -2, 1, 6), "MBwhAst1sec06"))
reports[-1].posNum = 10016
reports[-1].negNum = 0
reports[-1].fittype = "6DOF"
reports[-1].add_parameters(ValErr(0.00193689, 0.00944266, 0), \
                           ValErr(-0.0699575, 0.0711835, 0), \
                           ValErr(0.0892021, 0.0577447, 0), \
                           ValErr(0.000259528, 0.000195817, 0), \
                           ValErr(-0.000179404, 0.000211486, 0), \
                           ValErr(5.27863e-05, 0.000140921, 0), \
                           -24339.1, 10016, 10016, -nan)
reports[-1].sigmax = ValErr(0.670548, 0.00473768, 0)
reports[-1].sigmay = ValErr(0.991827, 0.00700766, 0)
reports[-1].sigmadxdz = ValErr(0, 0, 0)
reports[-1].sigmadydz = ValErr(0, 0, 0)
reports[-1].add_stats(0.00948906, 0.0391702, -1.21441e-05, -0.00368767, 0.0125614, 0.0306893, -5.10507e-05, -0.00261227, 0.0125614, 0.0306893, -5.10507e-05, -0.00261227, 0.0155923, 0.0257573, -6.27198e-05, -0.00280998, 0.0155923, 0.0257573, -6.27198e-05, -0.00280998, 0.670657, 0.99218, 0.00343888, 0.0324601, 0.670657, 0.99218, 0.00343888, 0.0324601)
reports[-1].CovMatrix = ['8.91639e-05','0.000423368','-0.000346336','5.86788e-07','-2.69625e-07','-3.97017e-07','7.50854e-08','-4.55758e-08','0','0','0','0','0.000423368','0.0050671','-0.00406381','7.35455e-06','-1.34363e-06','-1.55648e-07','4.7604e-07','-7.82101e-08','0','0','0','0','-0.000346336','-0.00406381','0.00333445','-5.48262e-06','1.27008e-06','1.75609e-07','-3.66853e-07','1.07024e-07','0','0','0','0','5.86788e-07','7.35455e-06','-5.48262e-06','3.83442e-08','2.47402e-10','2.3743e-09','1.16703e-09','5.9519e-10','0','0','0','0','-2.69625e-07','-1.34363e-06','1.27008e-06','2.47402e-10','4.47265e-08','1.61445e-08','3.3834e-09','-2.98502e-09','0','0','0','0','-3.97017e-07','-1.55648e-07','1.75609e-07','2.3743e-09','1.61445e-08','1.98586e-08','2.8092e-10','8.42823e-10','0','0','0','0','7.50854e-08','4.7604e-07','-3.66853e-07','1.16703e-09','3.3834e-09','2.8092e-10','2.24456e-05','-3.76398e-10','0','0','0','0','-4.55758e-08','-7.82101e-08','1.07024e-07','5.9519e-10','-2.98502e-09','8.42823e-10','-3.76398e-10','4.91074e-05','0','0','0','0','0','0','0','0','0','0','0','0','0','0','0','0','0','0','0','0','0','0','0','0','0','0','0','0','0','0','0','0','0','0','0','0','0','0','0','0','0','0','0','0','0','0','0','0','0','0','0','0']

reports.append(Report(576487424, ("DT", -2, 1, 7), "MBwhAst1sec07"))
reports[-1].posNum = 14000
reports[-1].negNum = 0
reports[-1].fittype = "6DOF"
reports[-1].add_parameters(ValErr(-0.043188, 0.00739654, 0), \
                           ValErr(-0.0376742, 0.0618828, 0), \
                           ValErr(0.189454, 0.0501697, 0), \
                           ValErr(-0.000164988, 0.00017125, 0), \
                           ValErr(0.000660882, 0.000184222, 0), \
                           ValErr(-2.56677e-05, 0.000121698, 0), \
                           -34222.1, 14000, 14000, -nan)
reports[-1].sigmax = ValErr(0.673265, 0.00402355, 0)
reports[-1].sigmay = ValErr(1.00218, 0.00598916, 0)
reports[-1].sigmadxdz = ValErr(0, 0, 0)
reports[-1].sigmadydz = ValErr(0, 0, 0)
reports[-1].add_stats(-0.0337901, 0.20395, 0.000178901, -0.0015485, -0.030189, 0.192645, 0.000169822, -0.00209233, -0.030189, 0.192645, 0.000169822, -0.00209233, -0.0286203, 0.192738, 0.000168389, -0.00227015, -0.0286203, 0.192738, 0.000168389, -0.00227015, 0.673531, 1.00293, 0.00347039, 0.0320401, 0.673531, 1.00293, 0.00347039, 0.0320401)
reports[-1].CovMatrix = ['5.47088e-05','0.000265914','-0.000217922','3.79526e-07','-1.1817e-07','-2.00007e-07','3.57894e-08','-9.50238e-09','0','0','0','0','0.000265914','0.00382948','-0.00307293','5.59708e-06','-8.6537e-07','1.35134e-07','2.67663e-07','2.7094e-08','0','0','0','0','-0.000217922','-0.00307293','0.002517','-4.28834e-06','6.67932e-07','-8.79075e-08','-1.95457e-07','-1.39602e-08','0','0','0','0','3.79526e-07','5.59708e-06','-4.28834e-06','2.93267e-08','-4.47421e-10','1.8628e-09','2.0809e-09','-1.56427e-09','0','0','0','0','-1.1817e-07','-8.6537e-07','6.67932e-07','-4.47421e-10','3.39377e-08','1.20403e-08','-2.05934e-10','1.74566e-09','0','0','0','0','-2.00007e-07','1.35134e-07','-8.79075e-08','1.8628e-09','1.20403e-08','1.48105e-08','4.71459e-11','9.00915e-10','0','0','0','0','3.57894e-08','2.67663e-07','-1.95457e-07','2.0809e-09','-2.05934e-10','4.71459e-11','1.6189e-05','-1.36916e-10','0','0','0','0','-9.50238e-09','2.7094e-08','-1.39602e-08','-1.56427e-09','1.74566e-09','9.00915e-10','-1.36916e-10','3.58701e-05','0','0','0','0','0','0','0','0','0','0','0','0','0','0','0','0','0','0','0','0','0','0','0','0','0','0','0','0','0','0','0','0','0','0','0','0','0','0','0','0','0','0','0','0','0','0','0','0','0','0','0','0']

reports.append(Report(576749568, ("DT", -2, 1, 8), "MBwhAst1sec08"))
reports[-1].posNum = 12411
reports[-1].negNum = 0
reports[-1].fittype = "6DOF"
reports[-1].add_parameters(ValErr(0.0386649, 0.00777185, 0), \
                           ValErr(0.114321, 0.0651064, 0), \
                           ValErr(-0.0699752, 0.052872, 0), \
                           ValErr(0.000112929, 0.000177439, 0), \
                           ValErr(6.11927e-05, 0.000193849, 0), \
                           ValErr(-0.000208216, 0.00012471, 0), \
                           -30305.5, 12411, 12411, -nan)
reports[-1].sigmax = ValErr(0.668845, 0.00423512, 0)
reports[-1].sigmay = ValErr(1.00617, 0.00638445, 0)
reports[-1].sigmadxdz = ValErr(0, 0, 0)
reports[-1].sigmadydz = ValErr(0, 0, 0)
reports[-1].add_stats(0.0284595, 0.0394583, 0.000893365, -0.00133818, 0.0285374, 0.0297811, 0.000886959, -0.00112716, 0.0285374, 0.0297811, 0.000886959, -0.00112716, 0.0306073, 0.0356675, 0.000869407, -0.00115252, 0.0306073, 0.0356675, 0.000869407, -0.00115252, 0.668975, 1.00625, 0.0034068, 0.0337194, 0.668975, 1.00625, 0.0034068, 0.0337194)
reports[-1].CovMatrix = ['6.04016e-05','0.000292429','-0.000240179','4.12233e-07','-1.29279e-07','-2.24373e-07','5.46277e-08','-2.92175e-08','0','0','0','0','0.000292429','0.00423884','-0.00340766','6.12726e-06','-1.09238e-06','-1.08792e-08','1.03863e-06','-3.53411e-07','0','0','0','0','-0.000240179','-0.00340766','0.00279545','-4.70658e-06','8.55904e-07','3.61073e-08','-3.82037e-07','1.09051e-07','0','0','0','0','4.12233e-07','6.12726e-06','-4.70658e-06','3.14847e-08','3.01567e-10','1.85064e-09','8.02021e-10','-8.97769e-10','0','0','0','0','-1.29279e-07','-1.09238e-06','8.55904e-07','3.01567e-10','3.75774e-08','1.26761e-08','-4.39209e-10','-6.92164e-10','0','0','0','0','-2.24373e-07','-1.08792e-08','3.61073e-08','1.85064e-09','1.26761e-08','1.55526e-08','-1.63358e-10','-5.81582e-10','0','0','0','0','5.46277e-08','1.03863e-06','-3.82037e-07','8.02021e-10','-4.39209e-10','-1.63358e-10','1.79363e-05','3.8693e-08','0','0','0','0','-2.92175e-08','-3.53411e-07','1.09051e-07','-8.97769e-10','-6.92164e-10','-5.81582e-10','3.8693e-08','4.07612e-05','0','0','0','0','0','0','0','0','0','0','0','0','0','0','0','0','0','0','0','0','0','0','0','0','0','0','0','0','0','0','0','0','0','0','0','0','0','0','0','0','0','0','0','0','0','0','0','0','0','0','0','0']

reports.append(Report(577011712, ("DT", -2, 1, 9), "MBwhAst1sec09"))
reports[-1].posNum = 8016
reports[-1].negNum = 0
reports[-1].fittype = "6DOF"
reports[-1].add_parameters(ValErr(-0.0215388, 0.00943119, 0), \
                           ValErr(0.0708221, 0.079327, 0), \
                           ValErr(-0.0982436, 0.0643084, 0), \
                           ValErr(0.000139124, 0.000215895, 0), \
                           ValErr(0.000111986, 0.000231881, 0), \
                           ValErr(0.000142352, 0.000152809, 0), \
                           -19484.8, 8016, 8016, -nan)
reports[-1].sigmax = ValErr(0.669784, 0.00528984, 0)
reports[-1].sigmay = ValErr(0.993678, 0.00784789, 0)
reports[-1].sigmadxdz = ValErr(0, 0, 0)
reports[-1].sigmadydz = ValErr(0, 0, 0)
reports[-1].add_stats(-0.0210395, -0.0358375, 2.06989e-05, -0.00288033, -0.0279587, -0.0484768, 3.54315e-05, -0.0020544, -0.0279587, -0.0484768, 3.54315e-05, -0.0020544, -0.0270012, -0.039928, 3.91673e-05, -0.00232817, -0.0270012, -0.039928, 3.91673e-05, -0.00232817, 0.669923, 0.993666, 0.00343103, 0.0333003, 0.669923, 0.993666, 0.00343103, 0.0333003)
reports[-1].CovMatrix = ['8.89473e-05','0.000414044','-0.000339647','6.0298e-07','-1.16664e-07','-2.52199e-07','2.60108e-08','3.70275e-08','0','0','0','0','0.000414044','0.00629277','-0.0050475','9.28585e-06','-8.49405e-07','8.94962e-07','-2.99965e-07','1.1844e-06','0','0','0','0','-0.000339647','-0.0050475','0.00413558','-7.17041e-06','5.35528e-07','-7.07453e-07','2.53119e-07','-9.12827e-07','0','0','0','0','6.0298e-07','9.28585e-06','-7.17041e-06','4.66107e-08','-2.44972e-09','3.64044e-09','1.03559e-09','9.07969e-10','0','0','0','0','-1.16664e-07','-8.49405e-07','5.35528e-07','-2.44972e-09','5.37689e-08','1.87074e-08','3.14715e-09','-2.38217e-09','0','0','0','0','-2.52199e-07','8.94962e-07','-7.07453e-07','3.64044e-09','1.87074e-08','2.33505e-08','1.16244e-11','1.63625e-09','0','0','0','0','2.60108e-08','-2.99965e-07','2.53119e-07','1.03559e-09','3.14715e-09','1.16244e-11','2.79824e-05','-3.87757e-10','0','0','0','0','3.70275e-08','1.1844e-06','-9.12827e-07','9.07969e-10','-2.38217e-09','1.63625e-09','-3.87757e-10','6.15896e-05','0','0','0','0','0','0','0','0','0','0','0','0','0','0','0','0','0','0','0','0','0','0','0','0','0','0','0','0','0','0','0','0','0','0','0','0','0','0','0','0','0','0','0','0','0','0','0','0','0','0','0','0']

reports.append(Report(577273856, ("DT", -2, 1, 10), "MBwhAst1sec10"))
reports[-1].posNum = 8683
reports[-1].negNum = 0
reports[-1].fittype = "6DOF"
reports[-1].add_parameters(ValErr(0.0389826, 0.00890311, 0), \
                           ValErr(0.091069, 0.0786404, 0), \
                           ValErr(0.00015877, 0.0638774, 0), \
                           ValErr(-7.47831e-05, 0.000201187, 0), \
                           ValErr(-6.9691e-05, 0.000223613, 0), \
                           ValErr(0.00012629, 0.000137012, 0), \
                           -20964.9, 8683, 8683, -nan)
reports[-1].sigmax = ValErr(0.659953, 0.00500804, 0)
reports[-1].sigmay = ValErr(0.992222, 0.00752941, 0)
reports[-1].sigmadxdz = ValErr(0, 0, 0)
reports[-1].sigmadydz = ValErr(0, 0, 0)
reports[-1].add_stats(0.0306206, 0.0999184, 0.000104844, -0.00160334, 0.0406813, 0.0909102, 5.43483e-05, 0.000205978, 0.0406813, 0.0909102, 5.43483e-05, 0.000205978, 0.0472754, 0.089104, 1.62169e-05, 0.000247743, 0.0472754, 0.089104, 1.62169e-05, 0.000247743, 0.659988, 0.99228, 0.00337263, 0.0329989, 0.659988, 0.99228, 0.00337263, 0.0329989)
reports[-1].CovMatrix = ['7.92654e-05','0.000408386','-0.000335436','6.04214e-07','1.40011e-08','-6.82685e-08','7.5572e-09','6.81284e-08','0','0','0','0','0.000408386','0.00618431','-0.00497625','9.0219e-06','-9.13554e-07','8.03397e-07','-1.77748e-07','9.54943e-07','0','0','0','0','-0.000335436','-0.00497625','0.00408032','-7.25136e-06','5.93953e-07','-6.51699e-07','1.63684e-07','-7.58941e-07','0','0','0','0','6.04214e-07','9.0219e-06','-7.25136e-06','4.04762e-08','-1.86834e-09','3.23795e-09','2.14748e-09','-1.18228e-09','0','0','0','0','1.40011e-08','-9.13554e-07','5.93953e-07','-1.86834e-09','5.00028e-08','1.50642e-08','-1.21159e-09','3.90016e-09','0','0','0','0','-6.82685e-08','8.03397e-07','-6.51699e-07','3.23795e-09','1.50642e-08','1.87722e-08','2.97171e-10','9.83979e-10','0','0','0','0','7.5572e-09','-1.77748e-07','1.63684e-07','2.14748e-09','-1.21159e-09','2.97171e-10','2.50805e-05','-3.51185e-10','0','0','0','0','6.81284e-08','9.54943e-07','-7.58941e-07','-1.18228e-09','3.90016e-09','9.83979e-10','-3.51185e-10','5.66922e-05','0','0','0','0','0','0','0','0','0','0','0','0','0','0','0','0','0','0','0','0','0','0','0','0','0','0','0','0','0','0','0','0','0','0','0','0','0','0','0','0','0','0','0','0','0','0','0','0','0','0','0','0']

reports.append(Report(577536000, ("DT", -2, 1, 11), "MBwhAst1sec11"))
reports[-1].posNum = 8993
reports[-1].negNum = 0
reports[-1].fittype = "6DOF"
reports[-1].add_parameters(ValErr(0.0667111, 0.00945224, 0), \
                           ValErr(-0.00617762, 0.0797582, 0), \
                           ValErr(0.0537058, 0.0646724, 0), \
                           ValErr(0.000238679, 0.000204007, 0), \
                           ValErr(-0.000776346, 0.000226289, 0), \
                           ValErr(-0.000140867, 0.000142917, 0), \
                           -22044.2, 8993, 8993, -nan)
reports[-1].sigmax = ValErr(0.678181, 0.00505685, 0)
reports[-1].sigmay = ValErr(1.00172, 0.00746936, 0)
reports[-1].sigmadxdz = ValErr(0, 0, 0)
reports[-1].sigmadydz = ValErr(0, 0, 0)
reports[-1].add_stats(0.0802813, 0.0672138, -0.000692878, -0.00261041, 0.0740245, 0.0592317, -0.000712347, -0.0023763, 0.0740245, 0.0592317, -0.000712347, -0.0023763, 0.0780579, 0.0579785, -0.000728652, -0.00256307, 0.0780579, 0.0579785, -0.000728652, -0.00256307, 0.67824, 1.00263, 0.00346227, 0.0339367, 0.67824, 1.00263, 0.00346227, 0.0339367)
reports[-1].CovMatrix = ['8.93448e-05','0.000480417','-0.000392702','7.01205e-07','-3.81806e-09','-6.68334e-08','2.02934e-08','5.87844e-08','0','0','0','0','0.000480417','0.00636137','-0.0051124','9.13288e-06','-1.29104e-06','3.95742e-07','6.55596e-08','5.92635e-07','0','0','0','0','-0.000392702','-0.0051124','0.00418252','-7.36302e-06','1.12066e-06','-3.15091e-07','-5.37061e-08','-4.29503e-07','0','0','0','0','7.01205e-07','9.13288e-06','-7.36302e-06','4.16189e-08','-6.02829e-10','3.24544e-09','9.83785e-10','6.61057e-10','0','0','0','0','-3.81806e-09','-1.29104e-06','1.12066e-06','-6.02829e-10','5.12067e-08','1.63369e-08','-1.64803e-09','4.75742e-09','0','0','0','0','-6.68334e-08','3.95742e-07','-3.15091e-07','3.24544e-09','1.63369e-08','2.04252e-08','6.34663e-10','5.7245e-10','0','0','0','0','2.02934e-08','6.55596e-08','-5.37061e-08','9.83785e-10','-1.64803e-09','6.34663e-10','2.55718e-05','-2.31855e-10','0','0','0','0','5.87844e-08','5.92635e-07','-4.29503e-07','6.61057e-10','4.75742e-09','5.7245e-10','-2.31855e-10','5.57914e-05','0','0','0','0','0','0','0','0','0','0','0','0','0','0','0','0','0','0','0','0','0','0','0','0','0','0','0','0','0','0','0','0','0','0','0','0','0','0','0','0','0','0','0','0','0','0','0','0','0','0','0','0']

reports.append(Report(577798144, ("DT", -2, 1, 12), "MBwhAst1sec12"))
reports[-1].posNum = 11715
reports[-1].negNum = 0
reports[-1].fittype = "6DOF"
reports[-1].add_parameters(ValErr(-0.0168022, 0.0082185, 0), \
                           ValErr(0.0356311, 0.0684776, 0), \
                           ValErr(0.08006, 0.0555747, 0), \
                           ValErr(-5.63553e-05, 0.000182492, 0), \
                           ValErr(0.00032187, 0.000198707, 0), \
                           ValErr(0.000198862, 0.000129372, 0), \
                           -28632, 11715, 11715, -nan)
reports[-1].sigmax = ValErr(0.676228, 0.00441782, 0)
reports[-1].sigmay = ValErr(0.997406, 0.00651617, 0)
reports[-1].sigmadxdz = ValErr(0, 0, 0)
reports[-1].sigmadydz = ValErr(0, 0, 0)
reports[-1].add_stats(-0.00170493, 0.134962, 0.000760855, -0.00363792, -0.00742612, 0.132112, 0.000752563, -0.00174606, -0.00742612, 0.132112, 0.000752563, -0.00174606, -0.000315394, 0.137723, 0.00072771, -0.00178572, -0.000315394, 0.137723, 0.00072771, -0.00178572, 0.676354, 0.997441, 0.003475, 0.0320812, 0.676354, 0.997441, 0.003475, 0.0320812)
reports[-1].CovMatrix = ['6.75437e-05','0.000332598','-0.000272624','4.76152e-07','-1.45544e-07','-2.39025e-07','5.87981e-08','-3.17948e-08','0','0','0','0','0.000332598','0.00468918','-0.00376802','6.86345e-06','-1.00155e-06','2.0349e-07','4.60597e-07','-1.40351e-07','0','0','0','0','-0.000272624','-0.00376802','0.00308855','-5.28259e-06','7.98253e-07','-1.40341e-07','-3.9743e-07','1.98039e-07','0','0','0','0','4.76152e-07','6.86345e-06','-5.28259e-06','3.33033e-08','-6.07789e-10','2.15637e-09','-6.29776e-10','2.76871e-09','0','0','0','0','-1.45544e-07','-1.00155e-06','7.98253e-07','-6.07789e-10','3.94843e-08','1.35662e-08','1.14854e-09','-2.08508e-11','0','0','0','0','-2.39025e-07','2.0349e-07','-1.40341e-07','2.15637e-09','1.35662e-08','1.67372e-08','6.15785e-11','1.01518e-09','0','0','0','0','5.87981e-08','4.60597e-07','-3.9743e-07','-6.29776e-10','1.14854e-09','6.15785e-11','1.95172e-05','-2.19746e-10','0','0','0','0','-3.17948e-08','-1.40351e-07','1.98039e-07','2.76871e-09','-2.08508e-11','1.01518e-09','-2.19746e-10','4.24605e-05','0','0','0','0','0','0','0','0','0','0','0','0','0','0','0','0','0','0','0','0','0','0','0','0','0','0','0','0','0','0','0','0','0','0','0','0','0','0','0','0','0','0','0','0','0','0','0','0','0','0','0','0']

reports.append(Report(579108864, ("DT", -2, 2, 1), "MBwhAst2sec01"))
reports[-1].posNum = 16005
reports[-1].negNum = 0
reports[-1].fittype = "6DOF"
reports[-1].add_parameters(ValErr(-0.100668, 0.00754227, 0), \
                           ValErr(0.132601, 0.0595302, 0), \
                           ValErr(-0.0531291, 0.0570972, 0), \
                           ValErr(0.000190926, 0.000218057, 0), \
                           ValErr(0.000225355, 0.000207488, 0), \
                           ValErr(-9.76941e-05, 0.000145798, 0), \
                           -46616.6, 16005, 16005, -nan)
reports[-1].sigmax = ValErr(0.885566, 0.0049497, 0)
reports[-1].sigmay = ValErr(1.21687, 0.00680148, 0)
reports[-1].sigmadxdz = ValErr(0, 0, 0)
reports[-1].sigmadydz = ValErr(0, 0, 0)
reports[-1].add_stats(-0.0999784, 0.072997, 0.000201305, 1.34002e-05, -0.10093, 0.0775454, 0.000220998, -0.000750865, -0.10093, 0.0775454, 0.000220998, -0.000750865, -0.103099, 0.0816336, 0.000234799, -0.000609121, -0.103099, 0.0816336, 0.000234799, -0.000609121, 0.88559, 1.21705, 0.00369117, 0.0261716, 0.88559, 1.21705, 0.00369117, 0.0261716)
reports[-1].CovMatrix = ['5.68858e-05','-0.000147607','0.000143273','-2.5661e-07','5.56765e-08','-9.5119e-08','3.30743e-08','-9.49038e-09','0','0','0','0','-0.000147607','0.00354384','-0.00335348','5.99875e-06','6.60328e-07','1.54797e-07','5.15573e-08','6.05564e-08','0','0','0','0','0.000143273','-0.00335348','0.00326009','-5.5804e-06','-6.69845e-07','-1.60188e-07','-6.28227e-08','1.81652e-08','0','0','0','0','-2.5661e-07','5.99875e-06','-5.5804e-06','4.75487e-08','-2.66905e-10','-1.40057e-09','-1.74469e-09','3.63119e-09','0','0','0','0','5.56765e-08','6.60328e-07','-6.69845e-07','-2.66905e-10','4.30512e-08','2.03146e-08','-1.18926e-10','2.87049e-09','0','0','0','0','-9.5119e-08','1.54797e-07','-1.60188e-07','-1.40057e-09','2.03146e-08','2.12571e-08','-6.28792e-10','2.62875e-09','0','0','0','0','3.30743e-08','5.15573e-08','-6.28227e-08','-1.74469e-09','-1.18926e-10','-6.28792e-10','2.44996e-05','-2.65876e-10','0','0','0','0','-9.49038e-09','6.05564e-08','1.81652e-08','3.63119e-09','2.87049e-09','2.62875e-09','-2.65876e-10','4.62602e-05','0','0','0','0','0','0','0','0','0','0','0','0','0','0','0','0','0','0','0','0','0','0','0','0','0','0','0','0','0','0','0','0','0','0','0','0','0','0','0','0','0','0','0','0','0','0','0','0','0','0','0','0']

reports.append(Report(579371008, ("DT", -2, 2, 2), "MBwhAst2sec02"))
reports[-1].posNum = 14455
reports[-1].negNum = 0
reports[-1].fittype = "6DOF"
reports[-1].add_parameters(ValErr(0.0460671, 0.0081191, 0), \
                           ValErr(-0.0831966, 0.0622255, 0), \
                           ValErr(-0.0135116, 0.0596596, 0), \
                           ValErr(4.98362e-05, 0.000232713, 0), \
                           ValErr(0.000403632, 0.000218234, 0), \
                           ValErr(0.000223951, 0.000157624, 0), \
                           -41996.8, 14455, 14455, -nan)
reports[-1].sigmax = ValErr(0.888766, 0.00522715, 0)
reports[-1].sigmay = ValErr(1.2037, 0.00707941, 0)
reports[-1].sigmadxdz = ValErr(0, 0, 0)
reports[-1].sigmadydz = ValErr(0, 0, 0)
reports[-1].add_stats(0.0529492, -0.095389, 6.85076e-05, -0.000516487, 0.0465289, -0.0965125, 7.42813e-05, -0.00142473, 0.0465289, -0.0965125, 7.42813e-05, -0.00142473, 0.0506499, -0.0997376, 6.37314e-05, -0.00143422, 0.0506499, -0.0997376, 6.37314e-05, -0.00143422, 0.888827, 1.20375, 0.00368843, 0.0255451, 0.888827, 1.20375, 0.00368843, 0.0255451)
reports[-1].CovMatrix = ['6.59197e-05','-0.000186486','0.000180315','-3.22113e-07','4.11357e-09','-1.62355e-07','1.01075e-08','2.13416e-08','0','0','0','0','-0.000186486','0.00387202','-0.00366214','6.57549e-06','1.05481e-06','5.94996e-07','2.47678e-07','-1.73754e-07','0','0','0','0','0.000180315','-0.00366214','0.00355927','-6.01879e-06','-1.16206e-06','-5.98748e-07','-2.52466e-07','2.48784e-07','0','0','0','0','-3.22113e-07','6.57549e-06','-6.01879e-06','5.41554e-08','-1.75468e-09','-1.32746e-09','-1.14388e-09','2.91724e-09','0','0','0','0','4.11357e-09','1.05481e-06','-1.16206e-06','-1.75468e-09','4.76263e-08','2.37142e-08','1.10599e-09','1.41767e-09','0','0','0','0','-1.62355e-07','5.94996e-07','-5.98748e-07','-1.32746e-09','2.37142e-08','2.48452e-08','1.46132e-09','5.1306e-11','0','0','0','0','1.01075e-08','2.47678e-07','-2.52466e-07','-1.14388e-09','1.10599e-09','1.46132e-09','2.73231e-05','-1.45163e-10','0','0','0','0','2.13416e-08','-1.73754e-07','2.48784e-07','2.91724e-09','1.41767e-09','5.1306e-11','-1.45163e-10','5.01182e-05','0','0','0','0','0','0','0','0','0','0','0','0','0','0','0','0','0','0','0','0','0','0','0','0','0','0','0','0','0','0','0','0','0','0','0','0','0','0','0','0','0','0','0','0','0','0','0','0','0','0','0','0']

reports.append(Report(579633152, ("DT", -2, 2, 3), "MBwhAst2sec03"))
reports[-1].posNum = 12943
reports[-1].negNum = 0
reports[-1].fittype = "6DOF"
reports[-1].add_parameters(ValErr(-0.0692209, 0.00848057, 0), \
                           ValErr(-0.11211, 0.0665013, 0), \
                           ValErr(0.0150159, 0.0637489, 0), \
                           ValErr(0.00027169, 0.000247663, 0), \
                           ValErr(0.000168688, 0.000237226, 0), \
                           ValErr(7.51798e-06, 0.000167591, 0), \
                           -37631.3, 12943, 12943, -nan)
reports[-1].sigmax = ValErr(0.889301, 0.00552736, 0)
reports[-1].sigmay = ValErr(1.20552, 0.00749277, 0)
reports[-1].sigmadxdz = ValErr(0, 0, 0)
reports[-1].sigmadydz = ValErr(0, 0, 0)
reports[-1].add_stats(-0.0563553, -0.107689, 0.000236501, 0.000281973, -0.0706869, -0.100321, 0.000247099, -0.000763766, -0.0706869, -0.100321, 0.000247099, -0.000763766, -0.0685392, -0.0936844, 0.000250377, -0.000906911, -0.0685392, -0.0936844, 0.000250377, -0.000906911, 0.889289, 1.20566, 0.00370885, 0.0255319, 0.889289, 1.20566, 0.00370885, 0.0255319)
reports[-1].CovMatrix = ['7.19201e-05','-0.000172832','0.00016793','-2.96835e-07','-7.36706e-08','-2.6555e-07','2.01391e-08','4.86461e-09','0','0','0','0','-0.000172832','0.00442242','-0.00418175','7.64601e-06','7.97456e-07','1.15685e-07','5.50126e-07','-5.5597e-07','0','0','0','0','0.00016793','-0.00418175','0.00406392','-6.85226e-06','-7.59357e-07','-1.30204e-07','-5.0375e-07','5.8316e-07','0','0','0','0','-2.96835e-07','7.64601e-06','-6.85226e-06','6.13369e-08','7.70726e-10','-1.43071e-09','3.48e-09','-2.87859e-09','0','0','0','0','-7.36706e-08','7.97456e-07','-7.59357e-07','7.70726e-10','5.62762e-08','2.70658e-08','3.15124e-10','3.00736e-09','0','0','0','0','-2.6555e-07','1.15685e-07','-1.30204e-07','-1.43071e-09','2.70658e-08','2.80867e-08','-3.20551e-10','2.62381e-09','0','0','0','0','2.01391e-08','5.50126e-07','-5.0375e-07','3.48e-09','3.15124e-10','-3.20551e-10','3.05517e-05','-1.85482e-10','0','0','0','0','4.86461e-09','-5.5597e-07','5.8316e-07','-2.87859e-09','3.00736e-09','2.62381e-09','-1.85482e-10','5.61417e-05','0','0','0','0','0','0','0','0','0','0','0','0','0','0','0','0','0','0','0','0','0','0','0','0','0','0','0','0','0','0','0','0','0','0','0','0','0','0','0','0','0','0','0','0','0','0','0','0','0','0','0','0']

reports.append(Report(579895296, ("DT", -2, 2, 4), "MBwhAst2sec04"))
reports[-1].posNum = 15582
reports[-1].negNum = 0
reports[-1].fittype = "6DOF"
reports[-1].add_parameters(ValErr(0.00465159, 0.00764788, 0), \
                           ValErr(-0.0740747, 0.0611416, 0), \
                           ValErr(0.107407, 0.0586019, 0), \
                           ValErr(8.73246e-05, 0.000227243, 0), \
                           ValErr(4.19146e-07, 0.00021388, 0), \
                           ValErr(-6.70657e-06, 0.00015168, 0), \
                           -45567.8, 15582, 15582, -nan)
reports[-1].sigmax = ValErr(0.891493, 0.00503952, 0)
reports[-1].sigmay = ValErr(1.22307, 0.00693394, 0)
reports[-1].sigmadxdz = ValErr(0, 0, 0)
reports[-1].sigmadydz = ValErr(0, 0, 0)
reports[-1].add_stats(-0.000957244, 0.0261559, 0.000130925, 2.81823e-05, 0.000209486, 0.0345892, 0.000121309, -0.000742492, 0.000209486, 0.0345892, 0.000121309, -0.000742492, -0.00363815, 0.0375397, 0.000124133, -0.000714112, -0.00363815, 0.0375397, 0.000124133, -0.000714112, 0.891589, 1.22314, 0.0037252, 0.0254221, 0.891589, 1.22314, 0.0037252, 0.0254221)
