nan = None;  NAN = None
nan = 0
reports = []
class ValErr:
    def __init__(self, value, error, antisym):
        self.value, self.error, self.antisym = value, error, antisym

    def __repr__(self):
        if self.antisym == 0.:
            return "%g +- %g" % (self.value, self.error)
        else:
            return "%g +- %g ~ %g" % (self.value, self.error, self.antisym)

class Report:
    def __init__(self, chamberId, postal_address, name):
        self.chamberId, self.postal_address, self.name = chamberId, postal_address, name
        self.status = "NOFIT"
        self.fittype = None
        self.CovMatrix = None

    def add_parameters(self, deltax, deltay, deltaz, deltaphix, deltaphiy, deltaphiz, loglikelihood, numsegments, sumofweights, redchi2):
        self.status = "PASS"
        self.deltax, self.deltay, self.deltaz, self.deltaphix, self.deltaphiy, self.deltaphiz = deltax, deltay, deltaz, deltaphix, deltaphiy, deltaphiz
        self.loglikelihood, self.numsegments, self.sumofweights, self.redchi2 = loglikelihood, numsegments, sumofweights, redchi2

    def add_stats(self, median_x, median_y, median_dxdz, median_dydz, mean30_x, mean30_y, mean20_dxdz, mean50_dydz, mean15_x, mean15_y, mean10_dxdz, mean25_dydz, wmean30_x, wmean30_y, wmean20_dxdz, wmean50_dydz, wmean15_x, wmean15_y, wmean10_dxdz, wmean25_dydz, stdev30_x, stdev30_y, stdev20_dxdz, stdev50_dydz, stdev15_x, stdev15_y, stdev10_dxdz, stdev25_dydz):
        self.median_x, self.median_y, self.median_dxdz, self.median_dydz, self.mean30_x, self.mean30_y, self.mean20_dxdz, self.mean50_dydz, self.mean15_x, self.mean15_y, self.mean10_dxdz, self.mean25_dydz, self.wmean30_x, self.wmean30_y, self.wmean20_dxdz, self.wmean50_dydz, self.wmean15_x, self.wmean15_y, self.wmean10_dxdz, self.wmean25_dydz, self.stdev30_x, self.stdev30_y, self.stdev20_dxdz, self.stdev50_dydz, self.stdev15_x, self.stdev15_y, self.stdev10_dxdz, self.stdev25_dydz = median_x, median_y, median_dxdz, median_dydz, mean30_x, mean30_y, mean20_dxdz, mean50_dydz, mean15_x, mean15_y, mean10_dxdz, mean25_dydz, wmean30_x, wmean30_y, wmean20_dxdz, wmean50_dydz, wmean15_x, wmean15_y, wmean10_dxdz, wmean25_dydz, stdev30_x, stdev30_y, stdev20_dxdz, stdev50_dydz, stdev15_x, stdev15_y, stdev10_dxdz, stdev25_dydz

    def __repr__(self):
        return "<Report %s %s %s>" % (self.postal_address[0], " ".join(map(str, self.postal_address[1:])), self.status)

reports.append(Report(574914560, ("DT", -2, 1, 1), "MBwhAst1sec01"))
reports[-1].posNum = 20061
reports[-1].negNum = 0
reports[-1].fittype = "6DOF"
reports[-1].add_parameters(ValErr(-0.0861104, 0.00623022, 0), \
                           ValErr(0.144321, 0.0506483, 0), \
                           ValErr(0.0474425, 0.0410689, 0), \
                           ValErr(0.000104055, 0.000140215, 0), \
                           ValErr(-0.000211054, 0.000148951, 0), \
                           ValErr(-0.000112464, 0.000100316, 0), \
                           -48875, 20061, 20061, -nan)
reports[-1].sigmax = ValErr(0.673955, 0.00336466, 0)
reports[-1].sigmay = ValErr(0.99306, 0.00495775, 0)
reports[-1].sigmadxdz = ValErr(0, 0, 0)
reports[-1].sigmadydz = ValErr(0, 0, 0)
reports[-1].add_stats(-0.0894794, 0.210117, 8.98936e-05, -0.00245123, -0.083047, 0.199081, 0.000116003, -0.00140873, -0.083047, 0.199081, 0.000116003, -0.00140873, -0.0807462, 0.200675, 0.000104916, -0.00146113, -0.0807462, 0.200675, 0.000104916, -0.00146113, 0.673997, 0.993151, 0.00345472, 0.0318287, 0.673997, 0.993151, 0.00345472, 0.0318287)
reports[-1].CovMatrix = ['3.88157e-05','0.000186093','-0.000152408','2.676e-07','-7.51688e-08','-1.31945e-07','1.00391e-08','1.66337e-08','0','0','0','0','0.000186093','0.00256525','-0.00205838','3.77027e-06','-5.09352e-07','1.41818e-07','-3.21017e-08','3.43089e-07','0','0','0','0','-0.000152408','-0.00205838','0.00168665','-2.88942e-06','4.16033e-07','-1.01167e-07','3.81499e-08','-2.67865e-07','0','0','0','0','2.676e-07','3.77027e-06','-2.88942e-06','1.96603e-08','-3.89701e-10','1.35163e-09','8.25488e-10','-1.72196e-10','0','0','0','0','-7.51688e-08','-5.09352e-07','4.16033e-07','-3.89701e-10','2.21864e-08','8.09915e-09','9.62058e-10','-4.29343e-10','0','0','0','0','-1.31945e-07','1.41818e-07','-1.01167e-07','1.35163e-09','8.09915e-09','1.00634e-08','2.75102e-10','2.69059e-10','0','0','0','0','1.00391e-08','-3.21017e-08','3.81499e-08','8.25488e-10','9.62058e-10','2.75102e-10','1.1321e-05','-6.74509e-11','0','0','0','0','1.66337e-08','3.43089e-07','-2.67865e-07','-1.72196e-10','-4.29343e-10','2.69059e-10','-6.74509e-11','2.45793e-05','0','0','0','0','0','0','0','0','0','0','0','0','0','0','0','0','0','0','0','0','0','0','0','0','0','0','0','0','0','0','0','0','0','0','0','0','0','0','0','0','0','0','0','0','0','0','0','0','0','0','0','0']

reports.append(Report(575176704, ("DT", -2, 1, 2), "MBwhAst1sec02"))
reports[-1].posNum = 13045
reports[-1].negNum = 0
reports[-1].fittype = "6DOF"
reports[-1].add_parameters(ValErr(0.0187116, 0.00763843, 0), \
                           ValErr(-0.0553077, 0.0633588, 0), \
                           ValErr(-0.0236193, 0.0512956, 0), \
                           ValErr(-0.000335652, 0.000168589, 0), \
                           ValErr(0.000357358, 0.000188158, 0), \
                           ValErr(1.86264e-05, 0.000119698, 0), \
                           -31875.6, 13045, 13045, -nan)
reports[-1].sigmax = ValErr(0.673983, 0.00417266, 0)
reports[-1].sigmay = ValErr(1.00018, 0.00619218, 0)
reports[-1].sigmadxdz = ValErr(0, 0, 0)
reports[-1].sigmadydz = ValErr(0, 0, 0)
reports[-1].add_stats(0.0147533, -0.0835497, 0.000895133, -0.00245786, 0.0161189, -0.075196, 0.000913613, -0.00158999, 0.0161189, -0.075196, 0.000913613, -0.00158999, 0.00962177, -0.0767126, 0.000931, -0.00170563, 0.00962177, -0.0767126, 0.000931, -0.00170563, 0.673978, 1.00064, 0.00347289, 0.0331857, 0.673978, 1.00064, 0.00347289, 0.0331857)
reports[-1].CovMatrix = ['5.83457e-05','0.000269002','-0.000220455','3.76848e-07','-1.64683e-07','-2.58499e-07','3.48492e-08','-8.57256e-09','0','0','0','0','0.000269002','0.00401434','-0.00321519','5.80666e-06','-1.14744e-06','-4.76959e-08','5.33143e-08','3.66536e-07','0','0','0','0','-0.000220455','-0.00321519','0.00263124','-4.40659e-06','8.70176e-07','6.59872e-08','-4.72471e-08','-2.45825e-07','0','0','0','0','3.76848e-07','5.80666e-06','-4.40659e-06','2.84222e-08','-4.09405e-10','1.40914e-09','2.18167e-10','1.2703e-09','0','0','0','0','-1.64683e-07','-1.14744e-06','8.70176e-07','-4.09405e-10','3.54036e-08','1.17749e-08','1.49619e-09','-7.74718e-10','0','0','0','0','-2.58499e-07','-4.76959e-08','6.59872e-08','1.40914e-09','1.17749e-08','1.43275e-08','-2.32343e-10','1.26663e-09','0','0','0','0','3.48492e-08','5.33143e-08','-4.72471e-08','2.18167e-10','1.49619e-09','-2.32343e-10','1.74111e-05','-1.26159e-10','0','0','0','0','-8.57256e-09','3.66536e-07','-2.45825e-07','1.2703e-09','-7.74718e-10','1.26663e-09','-1.26159e-10','3.83431e-05','0','0','0','0','0','0','0','0','0','0','0','0','0','0','0','0','0','0','0','0','0','0','0','0','0','0','0','0','0','0','0','0','0','0','0','0','0','0','0','0','0','0','0','0','0','0','0','0','0','0','0','0']

reports.append(Report(575438848, ("DT", -2, 1, 3), "MBwhAst1sec03"))
reports[-1].posNum = 14557
reports[-1].negNum = 0
reports[-1].fittype = "6DOF"
reports[-1].add_parameters(ValErr(-0.037793, 0.00755084, 0), \
                           ValErr(-0.126436, 0.0579194, 0), \
                           ValErr(0.0265186, 0.0470149, 0), \
                           ValErr(-0.000161456, 0.000161405, 0), \
                           ValErr(5.07027e-05, 0.000171204, 0), \
                           ValErr(-8.97131e-05, 0.00011507, 0), \
                           -35435, 14557, 14557, -nan)
reports[-1].sigmax = ValErr(0.66778, 0.00391361, 0)
reports[-1].sigmay = ValErr(1.00014, 0.00586157, 0)
reports[-1].sigmadxdz = ValErr(0, 0, 0)
reports[-1].sigmadydz = ValErr(0, 0, 0)
reports[-1].add_stats(-0.0314522, -0.0902867, 0.00010258, -0.00322994, -0.0371742, -0.0920117, 0.000139045, -0.00204311, -0.0371742, -0.0920117, 0.000139045, -0.00204311, -0.0366305, -0.0884182, 0.000129212, -0.00193509, -0.0366305, -0.0884182, 0.000129212, -0.00193509, 0.667813, 1.00017, 0.00342954, 0.0326578, 0.667813, 1.00017, 0.00342954, 0.0326578)
reports[-1].CovMatrix = ['5.70152e-05','0.000266047','-0.000218007','3.72164e-07','-1.50454e-07','-2.3729e-07','2.28602e-08','8.83192e-09','0','0','0','0','0.000266047','0.00335466','-0.00269126','4.88377e-06','-8.01099e-07','7.13235e-09','1.58208e-07','1.71853e-07','0','0','0','0','-0.000218007','-0.00269126','0.0022104','-3.66233e-06','7.27531e-07','2.27872e-08','-1.14635e-07','-1.13504e-07','0','0','0','0','3.72164e-07','4.88377e-06','-3.66233e-06','2.60516e-08','-1.2623e-10','1.68653e-09','1.15387e-09','-2.03423e-10','0','0','0','0','-1.50454e-07','-8.01099e-07','7.27531e-07','-1.2623e-10','2.93108e-08','1.07368e-08','-4.8457e-10','2.10802e-09','0','0','0','0','-2.3729e-07','7.13235e-09','2.27872e-08','1.68653e-09','1.07368e-08','1.32412e-08','1.96573e-10','5.91678e-10','0','0','0','0','2.28602e-08','1.58208e-07','-1.14635e-07','1.15387e-09','-4.8457e-10','1.96573e-10','1.53164e-05','-5.56756e-11','0','0','0','0','8.83192e-09','1.71853e-07','-1.13504e-07','-2.03423e-10','2.10802e-09','5.91678e-10','-5.56756e-11','3.43581e-05','0','0','0','0','0','0','0','0','0','0','0','0','0','0','0','0','0','0','0','0','0','0','0','0','0','0','0','0','0','0','0','0','0','0','0','0','0','0','0','0','0','0','0','0','0','0','0','0','0','0','0','0']

reports.append(Report(575700992, ("DT", -2, 1, 4), "MBwhAst1sec04"))
reports[-1].posNum = 20608
reports[-1].negNum = 0
reports[-1].fittype = "6DOF"
reports[-1].add_parameters(ValErr(-0.097822, 0.00595875, 0), \
                           ValErr(0.0567043, 0.051206, 0), \
                           ValErr(-0.0309627, 0.0414275, 0), \
                           ValErr(-1.36374e-05, 0.000137338, 0), \
                           ValErr(-0.000209868, 0.00014962, 0), \
                           ValErr(0.000313483, 9.7346e-05, 0), \
                           -50388, 20608, 20608, -nan)
reports[-1].sigmax = ValErr(0.674391, 0.00332184, 0)
reports[-1].sigmay = ValErr(1.00114, 0.00493131, 0)
reports[-1].sigmadxdz = ValErr(0, 0, 0)
reports[-1].sigmadydz = ValErr(0, 0, 0)
reports[-1].add_stats(-0.0934424, 0.0181185, 0.000505546, -0.0029172, -0.0945065, 0.0175743, 0.000514985, -0.00233494, -0.0945065, 0.0175743, 0.000514985, -0.00233494, -0.0956602, 0.0173541, 0.000513469, -0.00246571, -0.0956602, 0.0173541, 0.000513469, -0.00246571, 0.674587, 1.00145, 0.00345367, 0.0346733, 0.674587, 1.00145, 0.00345367, 0.0346733)
reports[-1].CovMatrix = ['3.55067e-05','0.00017361','-0.000142076','2.49512e-07','-5.19225e-08','-1.02232e-07','1.62061e-08','6.21255e-09','0','0','0','0','0.00017361','0.00262205','-0.00210039','3.80625e-06','-5.37419e-07','1.64052e-07','4.23846e-09','2.79548e-07','0','0','0','0','-0.000142076','-0.00210039','0.00171624','-2.95723e-06','3.79243e-07','-1.23096e-07','-5.28607e-09','-1.99428e-07','0','0','0','0','2.49512e-07','3.80625e-06','-2.95723e-06','1.88618e-08','-4.92057e-10','1.22822e-09','-7.23213e-11','1.07716e-09','0','0','0','0','-5.19225e-08','-5.37419e-07','3.79243e-07','-4.92057e-10','2.2386e-08','7.66533e-09','5.08976e-11','8.62978e-10','0','0','0','0','-1.02232e-07','1.64052e-07','-1.23096e-07','1.22822e-09','7.66533e-09','9.47624e-09','-2.36424e-10','9.98336e-10','0','0','0','0','1.62061e-08','4.23846e-09','-5.28607e-09','-7.23213e-11','5.08976e-11','-2.36424e-10','1.10346e-05','-2.45011e-11','0','0','0','0','6.21255e-09','2.79548e-07','-1.99428e-07','1.07716e-09','8.62978e-10','9.98336e-10','-2.45011e-11','2.43178e-05','0','0','0','0','0','0','0','0','0','0','0','0','0','0','0','0','0','0','0','0','0','0','0','0','0','0','0','0','0','0','0','0','0','0','0','0','0','0','0','0','0','0','0','0','0','0','0','0','0','0','0','0']

reports.append(Report(575963136, ("DT", -2, 1, 5), "MBwhAst1sec05"))
reports[-1].posNum = 18089
reports[-1].negNum = 0
reports[-1].fittype = "6DOF"
reports[-1].add_parameters(ValErr(0.0179526, 0.00669201, 0), \
                           ValErr(-0.045029, 0.054317, 0), \
                           ValErr(-0.00235552, 0.0441056, 0), \
                           ValErr(-0.000150654, 0.000144174, 0), \
                           ValErr(0.000244278, 0.000158495, 0), \
                           ValErr(-7.62116e-05, 0.000101532, 0), \
                           -43992.4, 18089, 18089, -nan)
reports[-1].sigmax = ValErr(0.67081, 0.00352679, 0)
reports[-1].sigmay = ValErr(0.993412, 0.00522288, 0)
reports[-1].sigmadxdz = ValErr(0, 0, 0)
reports[-1].sigmadydz = ValErr(0, 0, 0)
reports[-1].add_stats(0.0107641, -0.0412364, -0.000106504, -0.00064783, 0.0154441, -0.0459439, -0.000135729, -0.000868217, 0.0154441, -0.0459439, -0.000135729, -0.000868217, 0.0156105, -0.0532336, -0.000149944, -0.00114996, 0.0156105, -0.0532336, -0.000149944, -0.00114996, 0.67082, 0.993596, 0.0034316, 0.0341407, 0.67082, 0.993596, 0.0034316, 0.0341407)
reports[-1].CovMatrix = ['4.4783e-05','0.000225762','-0.000184977','3.22668e-07','-8.78232e-08','-1.42809e-07','4.5407e-08','-2.99393e-08','0','0','0','0','0.000225762','0.00295033','-0.00237195','4.28663e-06','-7.90119e-07','-4.03895e-08','3.9608e-07','-2.54948e-07','0','0','0','0','-0.000184977','-0.00237195','0.00194531','-3.32531e-06','6.84106e-07','4.99865e-08','-3.30884e-07','2.52104e-07','0','0','0','0','3.22668e-07','4.28663e-06','-3.32531e-06','2.07861e-08','6.06674e-11','1.23038e-09','1.22844e-10','9.61203e-10','0','0','0','0','-8.78232e-08','-7.90119e-07','6.84106e-07','6.06674e-11','2.51208e-08','8.33356e-09','-7.2825e-10','2.18103e-09','0','0','0','0','-1.42809e-07','-4.03895e-08','4.99865e-08','1.23038e-09','8.33356e-09','1.03087e-08','-2.49969e-10','1.05182e-09','0','0','0','0','4.5407e-08','3.9608e-07','-3.30884e-07','1.22844e-10','-7.2825e-10','-2.49969e-10','1.24382e-05','-1.30126e-10','0','0','0','0','-2.99393e-08','-2.54948e-07','2.52104e-07','9.61203e-10','2.18103e-09','1.05182e-09','-1.30126e-10','2.72785e-05','0','0','0','0','0','0','0','0','0','0','0','0','0','0','0','0','0','0','0','0','0','0','0','0','0','0','0','0','0','0','0','0','0','0','0','0','0','0','0','0','0','0','0','0','0','0','0','0','0','0','0','0']

reports.append(Report(576225280, ("DT", -2, 1, 6), "MBwhAst1sec06"))
reports[-1].posNum = 15663
reports[-1].negNum = 0
reports[-1].fittype = "6DOF"
reports[-1].add_parameters(ValErr(0.0150357, 0.00768703, 0), \
                           ValErr(-0.0741984, 0.0575503, 0), \
                           ValErr(0.109964, 0.0467057, 0), \
                           ValErr(0.000382011, 0.000155749, 0), \
                           ValErr(0.000133211, 0.000168847, 0), \
                           ValErr(-6.55592e-05, 0.000113859, 0), \
                           -38056.7, 15663, 15663, -nan)
reports[-1].sigmax = ValErr(0.677743, 0.00382924, 0)
reports[-1].sigmay = ValErr(0.981011, 0.00554273, 0)
reports[-1].sigmadxdz = ValErr(0, 0, 0)
reports[-1].sigmadydz = ValErr(0, 0, 0)
reports[-1].add_stats(0.0229002, 0.0499897, -0.00011772, -0.00349152, 0.0230524, 0.0458211, -0.0001126, -0.0026432, 0.0230524, 0.0458211, -0.0001126, -0.0026432, 0.0256553, 0.0376402, -0.000119562, -0.00279795, 0.0256553, 0.0376402, -0.000119562, -0.00279795, 0.677797, 0.981722, 0.00345497, 0.0328798, 0.677797, 0.981722, 0.00345497, 0.0328798)
reports[-1].CovMatrix = ['5.90904e-05','0.000280802','-0.000229695','3.89663e-07','-1.81108e-07','-2.62094e-07','6.67548e-09','3.33147e-08','0','0','0','0','0.000280802','0.00331203','-0.00265854','4.81994e-06','-8.31867e-07','-8.14309e-08','-1.68277e-07','6.52288e-07','0','0','0','0','-0.000229695','-0.00265854','0.00218142','-3.60402e-06','7.99261e-07','9.84681e-08','1.61496e-07','-5.19684e-07','0','0','0','0','3.89663e-07','4.81994e-06','-3.60402e-06','2.42577e-08','2.1387e-10','1.58104e-09','8.3286e-10','2.60209e-10','0','0','0','0','-1.81108e-07','-8.31867e-07','7.99261e-07','2.1387e-10','2.85094e-08','1.05494e-08','4.7734e-10','6.25683e-10','0','0','0','0','-2.62094e-07','-8.14309e-08','9.84681e-08','1.58104e-09','1.05494e-08','1.29638e-08','-1.16841e-10','9.86808e-10','0','0','0','0','6.67548e-09','-1.68277e-07','1.61496e-07','8.3286e-10','4.7734e-10','-1.16841e-10','1.46631e-05','-9.34931e-11','0','0','0','0','3.33147e-08','6.52288e-07','-5.19684e-07','2.60209e-10','6.25683e-10','9.86808e-10','-9.34931e-11','3.07219e-05','0','0','0','0','0','0','0','0','0','0','0','0','0','0','0','0','0','0','0','0','0','0','0','0','0','0','0','0','0','0','0','0','0','0','0','0','0','0','0','0','0','0','0','0','0','0','0','0','0','0','0','0']

reports.append(Report(576487424, ("DT", -2, 1, 7), "MBwhAst1sec07"))
reports[-1].posNum = 21056
reports[-1].negNum = 0
reports[-1].fittype = "6DOF"
reports[-1].add_parameters(ValErr(-0.0485437, 0.00600386, 0), \
                           ValErr(0.0566714, 0.0500138, 0), \
                           ValErr(0.117849, 0.0405381, 0), \
                           ValErr(2.68516e-05, 0.000138812, 0), \
                           ValErr(0.000262037, 0.000148944, 0), \
                           ValErr(-2.71219e-05, 9.88235e-05, 0), \
                           -51227.1, 21056, 21056, -nan)
reports[-1].sigmax = ValErr(0.669605, 0.00326301, 0)
reports[-1].sigmay = ValErr(0.996097, 0.00485402, 0)
reports[-1].sigmadxdz = ValErr(0, 0, 0)
reports[-1].sigmadydz = ValErr(0, 0, 0)
reports[-1].add_stats(-0.0401087, 0.20424, 0.000256922, -0.00102418, -0.040043, 0.197483, 0.000232749, -0.00165293, -0.040043, 0.197483, 0.000232749, -0.00165293, -0.0420074, 0.195888, 0.000239229, -0.00173525, -0.0420074, 0.195888, 0.000239229, -0.00173525, 0.669736, 0.996292, 0.0034157, 0.0324412, 0.669736, 0.996292, 0.0034157, 0.0324412)
reports[-1].CovMatrix = ['3.60463e-05','0.000175762','-0.000143968','2.51979e-07','-7.09125e-08','-1.23095e-07','3.35372e-08','-2.05054e-08','0','0','0','0','0.000175762','0.00250138','-0.00200676','3.66123e-06','-5.24545e-07','1.32629e-07','2.99983e-07','-1.65206e-07','0','0','0','0','-0.000143968','-0.00200676','0.00164333','-2.81037e-06','4.07055e-07','-9.46575e-08','-2.57e-07','1.80529e-07','0','0','0','0','2.51979e-07','3.66123e-06','-2.81037e-06','1.92688e-08','-4.02402e-10','1.28801e-09','-3.97569e-10','1.58977e-09','0','0','0','0','-7.09125e-08','-5.24545e-07','4.07055e-07','-4.02402e-10','2.21844e-08','7.93459e-09','2.86578e-10','5.22382e-10','0','0','0','0','-1.23095e-07','1.32629e-07','-9.46575e-08','1.28801e-09','7.93459e-09','9.76608e-09','5.36579e-11','5.66871e-10','0','0','0','0','3.35372e-08','2.99983e-07','-2.57e-07','-3.97569e-10','2.86578e-10','5.36579e-11','1.06472e-05','-1.31925e-10','0','0','0','0','-2.05054e-08','-1.65206e-07','1.80529e-07','1.58977e-09','5.22382e-10','5.66871e-10','-1.31925e-10','2.35615e-05','0','0','0','0','0','0','0','0','0','0','0','0','0','0','0','0','0','0','0','0','0','0','0','0','0','0','0','0','0','0','0','0','0','0','0','0','0','0','0','0','0','0','0','0','0','0','0','0','0','0','0','0']

reports.append(Report(576749568, ("DT", -2, 1, 8), "MBwhAst1sec08"))
reports[-1].posNum = 19000
reports[-1].negNum = 0
reports[-1].fittype = "6DOF"
reports[-1].add_parameters(ValErr(0.0242623, 0.00629702, 0), \
                           ValErr(0.00566101, 0.0527894, 0), \
                           ValErr(0.00432783, 0.0428107, 0), \
                           ValErr(-0.000556664, 0.000143515, 0), \
                           ValErr(0.000369335, 0.000155753, 0), \
                           ValErr(3.14947e-05, 0.000101657, 0), \
                           -46125, 19000, 19000, -nan)
reports[-1].sigmax = ValErr(0.667439, 0.00342388, 0)
reports[-1].sigmay = ValErr(0.994078, 0.00509952, 0)
reports[-1].sigmadxdz = ValErr(0, 0, 0)
reports[-1].sigmadydz = ValErr(0, 0, 0)
reports[-1].add_stats(0.0230768, 0.0254238, 0.000883353, -0.00180258, 0.0243085, 0.0208132, 0.000881795, -0.0010375, 0.0243085, 0.0208132, 0.000881795, -0.0010375, 0.0251516, 0.0205522, 0.000876761, -0.00121841, 0.0251516, 0.0205522, 0.000876761, -0.00121841, 0.667458, 0.994765, 0.00342398, 0.0334183, 0.667458, 0.994765, 0.00342398, 0.0334183)
reports[-1].CovMatrix = ['3.96525e-05','0.000193536','-0.000158679','2.73454e-07','-9.18786e-08','-1.521e-07','2.30296e-08','-3.22255e-09','0','0','0','0','0.000193536','0.00278672','-0.00223704','4.03049e-06','-7.55646e-07','-6.00928e-08','1.66914e-07','4.93502e-08','0','0','0','0','-0.000158679','-0.00223704','0.00183275','-3.09694e-06','5.99093e-07','6.71737e-08','-1.37596e-07','-7.49873e-09','0','0','0','0','2.73454e-07','4.03049e-06','-3.09694e-06','2.05964e-08','2.12543e-10','1.13132e-09','1.58735e-10','8.57579e-10','0','0','0','0','-9.18786e-08','-7.55646e-07','5.99093e-07','2.12543e-10','2.42589e-08','8.44406e-09','-4.14069e-11','1.1037e-09','0','0','0','0','-1.521e-07','-6.00928e-08','6.71737e-08','1.13132e-09','8.44406e-09','1.0334e-08','7.21754e-11','5.62383e-10','0','0','0','0','2.30296e-08','1.66914e-07','-1.37596e-07','1.58735e-10','-4.14069e-11','7.21754e-11','1.1723e-05','-1.62586e-12','0','0','0','0','-3.22255e-09','4.93502e-08','-7.49873e-09','8.57579e-10','1.1037e-09','5.62383e-10','-1.62586e-12','2.60051e-05','0','0','0','0','0','0','0','0','0','0','0','0','0','0','0','0','0','0','0','0','0','0','0','0','0','0','0','0','0','0','0','0','0','0','0','0','0','0','0','0','0','0','0','0','0','0','0','0','0','0','0','0']

reports.append(Report(577011712, ("DT", -2, 1, 9), "MBwhAst1sec09"))
reports[-1].posNum = 12444
reports[-1].negNum = 0
reports[-1].fittype = "6DOF"
reports[-1].add_parameters(ValErr(-0.0428604, 0.00751599, 0), \
                           ValErr(-0.0684809, 0.0637021, 0), \
                           ValErr(-0.00126161, 0.0516431, 0), \
                           ValErr(0.000164071, 0.000172566, 0), \
                           ValErr(6.99205e-05, 0.000185239, 0), \
                           ValErr(0.000194829, 0.00012266, 0), \
                           -30253.1, 12444, 12444, -nan)
reports[-1].sigmax = ValErr(0.671039, 0.00425356, 0)
reports[-1].sigmay = ValErr(0.992219, 0.00628946, 0)
reports[-1].sigmadxdz = ValErr(0, 0, 0)
reports[-1].sigmadydz = ValErr(0, 0, 0)
reports[-1].add_stats(-0.0395985, -0.0723687, 5.09558e-05, -0.00292283, -0.0403535, -0.0727246, 7.60572e-05, -0.00175381, -0.0403535, -0.0727246, 7.60572e-05, -0.00175381, -0.0409266, -0.0759634, 8.21134e-05, -0.00182893, -0.0409266, -0.0759634, 8.21134e-05, -0.00182893, 0.671095, 0.992282, 0.00342888, 0.0334132, 0.671095, 0.992282, 0.00342888, 0.0334132)
reports[-1].CovMatrix = ['5.64901e-05','0.000262194','-0.00021515','3.81462e-07','-6.36853e-08','-1.49144e-07','1.51009e-08','2.63419e-08','0','0','0','0','0.000262194','0.00405796','-0.00325535','5.96702e-06','-5.17848e-07','6.02581e-07','-1.2328e-08','4.91597e-07','0','0','0','0','-0.00021515','-0.00325535','0.00266701','-4.62584e-06','3.07097e-07','-4.78636e-07','2.27514e-08','-3.78617e-07','0','0','0','0','3.81462e-07','5.96702e-06','-4.62584e-06','2.97791e-08','-1.57702e-09','2.36972e-09','7.80302e-10','3.97487e-10','0','0','0','0','-6.36853e-08','-5.17848e-07','3.07097e-07','-1.57702e-09','3.43133e-08','1.20615e-08','-7.10731e-10','2.52254e-09','0','0','0','0','-1.49144e-07','6.02581e-07','-4.78636e-07','2.36972e-09','1.20615e-08','1.50455e-08','2.97496e-11','1.03309e-09','0','0','0','0','1.51009e-08','-1.2328e-08','2.27514e-08','7.80302e-10','-7.10731e-10','2.97496e-11','1.80928e-05','-6.17635e-11','0','0','0','0','2.63419e-08','4.91597e-07','-3.78617e-07','3.97487e-10','2.52254e-09','1.03309e-09','-6.17635e-11','3.95574e-05','0','0','0','0','0','0','0','0','0','0','0','0','0','0','0','0','0','0','0','0','0','0','0','0','0','0','0','0','0','0','0','0','0','0','0','0','0','0','0','0','0','0','0','0','0','0','0','0','0','0','0','0']

reports.append(Report(577273856, ("DT", -2, 1, 10), "MBwhAst1sec10"))
reports[-1].posNum = 13645
reports[-1].negNum = 0
reports[-1].fittype = "6DOF"
reports[-1].add_parameters(ValErr(0.037349, 0.00716867, 0), \
                           ValErr(0.08606, 0.0634705, 0), \
                           ValErr(0.0203641, 0.0515569, 0), \
                           ValErr(1.38673e-05, 0.000161382, 0), \
                           ValErr(-6.43671e-05, 0.000178332, 0), \
                           ValErr(9.15839e-05, 0.000111581, 0), \
                           -33338.5, 13645, 13645, -nan)
reports[-1].sigmax = ValErr(0.67641, 0.00409676, 0)
reports[-1].sigmay = ValErr(0.996364, 0.00603681, 0)
reports[-1].sigmadxdz = ValErr(0, 0, 0)
reports[-1].sigmadydz = ValErr(0, 0, 0)
reports[-1].add_stats(0.0501018, 0.108158, 7.77681e-05, -0.00222573, 0.0401119, 0.109831, 7.87107e-05, -0.000542425, 0.0401119, 0.109831, 7.87107e-05, -0.000542425, 0.037486, 0.118288, 8.2826e-05, -0.000480117, 0.037486, 0.118288, 8.2826e-05, -0.000480117, 0.676442, 0.996383, 0.00346087, 0.0334529, 0.676442, 0.996383, 0.00346087, 0.0334529)
reports[-1].CovMatrix = ['5.13898e-05','0.000258621','-0.000212489','3.83356e-07','1.41631e-08','-4.09144e-08','-3.27992e-09','-4.27212e-08','0','0','0','0','0.000258621','0.00402851','-0.00324212','5.87096e-06','-6.20641e-07','4.6134e-07','-2.3202e-07','-3.22751e-07','0','0','0','0','-0.000212489','-0.00324212','0.00265811','-4.73284e-06','3.9302e-07','-3.75132e-07','2.04409e-07','2.13422e-07','0','0','0','0','3.83356e-07','5.87096e-06','-4.73284e-06','2.60441e-08','-1.16111e-09','1.92111e-09','-7.84867e-11','-2.78433e-10','0','0','0','0','1.41631e-08','-6.20641e-07','3.9302e-07','-1.16111e-09','3.18022e-08','9.9791e-09','3.30723e-10','8.50356e-10','0','0','0','0','-4.09144e-08','4.6134e-07','-3.75132e-07','1.92111e-09','9.9791e-09','1.24503e-08','8.90218e-11','-1.18973e-09','0','0','0','0','-3.27992e-09','-2.3202e-07','2.04409e-07','-7.84867e-11','3.30723e-10','8.90218e-11','1.67835e-05','-2.79971e-08','0','0','0','0','-4.27212e-08','-3.22751e-07','2.13422e-07','-2.78433e-10','8.50356e-10','-1.18973e-09','-2.79971e-08','3.64431e-05','0','0','0','0','0','0','0','0','0','0','0','0','0','0','0','0','0','0','0','0','0','0','0','0','0','0','0','0','0','0','0','0','0','0','0','0','0','0','0','0','0','0','0','0','0','0','0','0','0','0','0','0']

reports.append(Report(577536000, ("DT", -2, 1, 11), "MBwhAst1sec11"))
reports[-1].posNum = 14285
reports[-1].negNum = 0
reports[-1].fittype = "6DOF"
reports[-1].add_parameters(ValErr(0.0420256, 0.00743874, 0), \
                           ValErr(0.071675, 0.0632137, 0), \
                           ValErr(0.00252621, 0.0512613, 0), \
                           ValErr(0.000375807, 0.000160157, 0), \
                           ValErr(-0.00026442, 0.000179566, 0), \
                           ValErr(-1.95453e-05, 0.000111876, 0), \
                           -34924.3, 14285, 14285, -nan)
reports[-1].sigmax = ValErr(0.676427, 0.00400194, 0)
reports[-1].sigmay = ValErr(0.997879, 0.00590371, 0)
reports[-1].sigmadxdz = ValErr(0, 0, 0)
reports[-1].sigmadydz = ValErr(0, 0, 0)
reports[-1].add_stats(0.0406551, 0.0809282, -0.000566126, -0.00260623, 0.0429803, 0.0729734, -0.000556509, -0.0022983, 0.0429803, 0.0729734, -0.000556509, -0.0022983, 0.0459383, 0.0732704, -0.000561567, -0.00242794, 0.0459383, 0.0732704, -0.000561567, -0.00242794, 0.676416, 0.998278, 0.0034604, 0.0343814, 0.676416, 0.998278, 0.0034604, 0.0343814)
reports[-1].CovMatrix = ['5.53348e-05','0.000296646','-0.000242573','4.31488e-07','-1.77542e-08','-6.19221e-08','4.89288e-08','-1.85974e-08','0','0','0','0','0.000296646','0.00399598','-0.00321181','5.73107e-06','-9.33626e-07','1.04059e-07','3.35344e-07','-7.16386e-08','0','0','0','0','-0.000242573','-0.00321181','0.00262772','-4.61096e-06','7.90197e-07','-7.82848e-08','-2.64584e-07','7.90498e-08','0','0','0','0','4.31488e-07','5.73107e-06','-4.61096e-06','2.56502e-08','-3.14754e-10','1.67533e-09','2.30431e-09','-2.09052e-09','0','0','0','0','-1.77542e-08','-9.33626e-07','7.90197e-07','-3.14754e-10','3.22438e-08','1.00775e-08','2.06107e-09','-1.61623e-09','0','0','0','0','-6.19221e-08','1.04059e-07','-7.82848e-08','1.67533e-09','1.00775e-08','1.25163e-08','4.71868e-10','2.06079e-10','0','0','0','0','4.89288e-08','3.35344e-07','-2.64584e-07','2.30431e-09','2.06107e-09','4.71868e-10','1.60155e-05','-3.39869e-10','0','0','0','0','-1.85974e-08','-7.16386e-08','7.90498e-08','-2.09052e-09','-1.61623e-09','2.06079e-10','-3.39869e-10','3.48538e-05','0','0','0','0','0','0','0','0','0','0','0','0','0','0','0','0','0','0','0','0','0','0','0','0','0','0','0','0','0','0','0','0','0','0','0','0','0','0','0','0','0','0','0','0','0','0','0','0','0','0','0','0']

reports.append(Report(577798144, ("DT", -2, 1, 12), "MBwhAst1sec12"))
reports[-1].posNum = 18158
reports[-1].negNum = 0
reports[-1].fittype = "6DOF"
reports[-1].add_parameters(ValErr(0.00580423, 0.00658261, 0), \
                           ValErr(0.1755, 0.0551911, 0), \
                           ValErr(-0.043513, 0.044787, 0), \
                           ValErr(4.36157e-05, 0.000146816, 0), \
                           ValErr(0.000191073, 0.000160195, 0), \
                           ValErr(0.00018554, 0.000103735, 0), \
                           -44372.8, 18158, 18158, -nan)
reports[-1].sigmax = ValErr(0.675724, 0.00354585, 0)
reports[-1].sigmay = ValErr(0.997804, 0.00523598, 0)
reports[-1].sigmadxdz = ValErr(0, 0, 0)
reports[-1].sigmadydz = ValErr(0, 0, 0)
reports[-1].add_stats(0.00643479, 0.115996, 0.000740054, -0.00262443, 0.00468971, 0.123064, 0.000703951, -0.000945137, 0.00468971, 0.123064, 0.000703951, -0.000945137, 0.00240149, 0.120771, 0.00071316, -0.000986648, 0.00240149, 0.120771, 0.00071316, -0.000986648, 0.675809, 0.997797, 0.00343992, 0.0320405, 0.675809, 0.997797, 0.00343992, 0.0320405)
reports[-1].CovMatrix = ['4.33307e-05','0.000213131','-0.000174717','3.05555e-07','-9.53329e-08','-1.5747e-07','2.72691e-08','-5.18895e-09','0','0','0','0','0.000213131','0.00304605','-0.00244748','4.46855e-06','-6.39564e-07','1.33521e-07','9.91349e-08','2.03475e-07','0','0','0','0','-0.000174717','-0.00244748','0.00200588','-3.4364e-06','4.9878e-07','-9.26201e-08','-8.18842e-08','-1.3177e-07','0','0','0','0','3.05555e-07','4.46855e-06','-3.4364e-06','2.15549e-08','-4.73215e-10','1.35665e-09','1.41277e-10','9.73828e-10','0','0','0','0','-9.53329e-08','-6.39564e-07','4.9878e-07','-4.73215e-10','2.56625e-08','8.71967e-09','1.30532e-10','8.7698e-10','0','0','0','0','-1.5747e-07','1.33521e-07','-9.26201e-08','1.35665e-09','8.71967e-09','1.07609e-08','-3.01902e-10','1.15336e-09','0','0','0','0','2.72691e-08','9.91349e-08','-8.18842e-08','1.41277e-10','1.30532e-10','-3.01902e-10','1.25731e-05','-2.58113e-11','0','0','0','0','-5.18895e-09','2.03475e-07','-1.3177e-07','9.73828e-10','8.7698e-10','1.15336e-09','-2.58113e-11','2.74155e-05','0','0','0','0','0','0','0','0','0','0','0','0','0','0','0','0','0','0','0','0','0','0','0','0','0','0','0','0','0','0','0','0','0','0','0','0','0','0','0','0','0','0','0','0','0','0','0','0','0','0','0','0']

reports.append(Report(579108864, ("DT", -2, 2, 1), "MBwhAst2sec01"))
reports[-1].posNum = 24228
reports[-1].negNum = 0
reports[-1].fittype = "6DOF"
reports[-1].add_parameters(ValErr(-0.100912, 0.00618468, 0), \
                           ValErr(0.0645444, 0.0490221, 0), \
                           ValErr(0.00200298, 0.0470299, 0), \
                           ValErr(-0.000117767, 0.000177525, 0), \
                           ValErr(0.000387087, 0.000169598, 0), \
                           ValErr(-2.16171e-05, 0.000118898, 0), \
                           -70884.4, 24228, 24228, -nan)
reports[-1].sigmax = ValErr(0.894387, 0.00406305, 0)
reports[-1].sigmay = ValErr(1.22075, 0.00554566, 0)
reports[-1].sigmadxdz = ValErr(0, 0, 0)
reports[-1].sigmadydz = ValErr(0, 0, 0)
reports[-1].add_stats(-0.110991, 0.0699953, 0.000223929, 0.000165679, -0.104043, 0.067665, 0.000232153, -0.000716845, -0.104043, 0.067665, 0.000232153, -0.000716845, -0.102121, 0.066382, 0.000226732, -0.000723319, -0.102121, 0.066382, 0.000226732, -0.000723319, 0.894396, 1.22101, 0.00373882, 0.0261348, 0.894396, 1.22101, 0.00373882, 0.0261348)
reports[-1].CovMatrix = ['3.82503e-05','-9.91347e-05','9.62406e-05','-1.72756e-07','3.61907e-08','-6.48082e-08','1.88004e-08','-1.70642e-09','0','0','0','0','-9.91347e-05','0.00240317','-0.00227527','4.07208e-06','4.84393e-07','1.53305e-07','-3.67944e-08','1.43784e-07','0','0','0','0','9.62406e-05','-0.00227527','0.00221181','-3.7969e-06','-4.8938e-07','-1.55861e-07','3.36709e-08','-9.73775e-08','0','0','0','0','-1.72756e-07','4.07208e-06','-3.7969e-06','3.15153e-08','-2.73253e-10','-7.93028e-10','-3.9359e-10','1.35889e-09','0','0','0','0','3.61907e-08','4.84393e-07','-4.8938e-07','-2.73253e-10','2.87634e-08','1.3489e-08','2.56271e-10','1.44438e-09','0','0','0','0','-6.48082e-08','1.53305e-07','-1.55861e-07','-7.93028e-10','1.3489e-08','1.41367e-08','3.80461e-10','6.53386e-10','0','0','0','0','1.88004e-08','-3.67944e-08','3.36709e-08','-3.9359e-10','2.56271e-10','3.80461e-10','1.65084e-05','-4.48335e-12','0','0','0','0','-1.70642e-09','1.43784e-07','-9.73775e-08','1.35889e-09','1.44438e-09','6.53386e-10','-4.48335e-12','3.07544e-05','0','0','0','0','0','0','0','0','0','0','0','0','0','0','0','0','0','0','0','0','0','0','0','0','0','0','0','0','0','0','0','0','0','0','0','0','0','0','0','0','0','0','0','0','0','0','0','0','0','0','0','0']

reports.append(Report(579371008, ("DT", -2, 2, 2), "MBwhAst2sec02"))
reports[-1].posNum = 22245
reports[-1].negNum = 0
reports[-1].fittype = "6DOF"
reports[-1].add_parameters(ValErr(0.0540922, 0.0065607, 0), \
                           ValErr(-0.0872761, 0.0506621, 0), \
                           ValErr(-0.0100879, 0.0485715, 0), \
                           ValErr(-0.000101247, 0.000188741, 0), \
                           ValErr(-0.000320893, 0.000176365, 0), \
                           ValErr(-0.000175701, 0.000127234, 0), \
                           -64848.1, 22245, 22245, -nan)
reports[-1].sigmax = ValErr(0.893087, 0.00423412, 0)
reports[-1].sigmay = ValErr(1.2097, 0.0057352, 0)
reports[-1].sigmadxdz = ValErr(0, 0, 0)
reports[-1].sigmadydz = ValErr(0, 0, 0)
reports[-1].add_stats(0.056509, -0.104338, 8.55081e-05, -0.000427221, 0.0548611, -0.097366, 7.48899e-05, -0.00138936, 0.0548611, -0.097366, 7.48899e-05, -0.00138936, 0.0512923, -0.0957025, 8.46687e-05, -0.00146025, 0.0512923, -0.0957025, 8.46687e-05, -0.00146025, 0.893128, 1.20976, 0.00372095, 0.0258914, 0.893128, 1.20976, 0.00372095, 0.0258914)
reports[-1].CovMatrix = ['4.30428e-05','-0.000121821','0.000117808','-2.1213e-07','9.3255e-09','-1.00008e-07','1.14958e-08','7.86331e-09','0','0','0','0','-0.000121821','0.00256665','-0.00242794','4.3719e-06','7.34599e-07','4.4262e-07','9.96958e-09','9.92717e-08','0','0','0','0','0.000117808','-0.00242794','0.00235919','-4.02048e-06','-8.01122e-07','-4.43714e-07','-1.32231e-09','-6.70092e-08','0','0','0','0','-2.1213e-07','4.3719e-06','-4.02048e-06','3.56232e-08','-1.3726e-09','-7.78302e-10','5.9573e-10','7.28137e-11','0','0','0','0','9.3255e-09','7.34599e-07','-8.01122e-07','-1.3726e-09','3.11045e-08','1.54097e-08','-5.50527e-10','2.6432e-09','0','0','0','0','-1.00008e-07','4.4262e-07','-4.43714e-07','-7.78302e-10','1.54097e-08','1.61885e-08','4.44099e-10','7.17789e-10','0','0','0','0','1.14958e-08','9.96958e-09','-1.32231e-09','5.9573e-10','-5.50527e-10','4.44099e-10','1.79278e-05','-9.28519e-11','0','0','0','0','7.86331e-09','9.92717e-08','-6.70092e-08','7.28137e-11','2.6432e-09','7.17789e-10','-9.28519e-11','3.28925e-05','0','0','0','0','0','0','0','0','0','0','0','0','0','0','0','0','0','0','0','0','0','0','0','0','0','0','0','0','0','0','0','0','0','0','0','0','0','0','0','0','0','0','0','0','0','0','0','0','0','0','0','0']

reports.append(Report(579633152, ("DT", -2, 2, 3), "MBwhAst2sec03"))
reports[-1].posNum = 19908
reports[-1].negNum = 0
reports[-1].fittype = "6DOF"
reports[-1].add_parameters(ValErr(-0.0742077, 0.00677816, 0), \
                           ValErr(-0.160187, 0.0531573, 0), \
                           ValErr(0.0564817, 0.0509681, 0), \
                           ValErr(-0.000315141, 0.000198071, 0), \
                           ValErr(2.99483e-05, 0.00019016, 0), \
                           ValErr(-4.47667e-05, 0.00013396, 0), \
                           -57493.7, 19908, 19908, -nan)
reports[-1].sigmax = ValErr(0.87981, 0.00440921, 0)
reports[-1].sigmay = ValErr(1.195, 0.00598881, 0)
reports[-1].sigmadxdz = ValErr(0, 0, 0)
reports[-1].sigmadydz = ValErr(0, 0, 0)
reports[-1].add_stats(-0.073309, -0.105714, 0.000256397, -0.000366222, -0.0776804, -0.0994036, 0.000293636, -0.000967465, -0.0776804, -0.0994036, 0.000293636, -0.000967465, -0.0746143, -0.10386, 0.000289905, -0.000969405, -0.0746143, -0.10386, 0.000289905, -0.000969405, 0.879841, 1.19505, 0.00371113, 0.0254385, 0.879841, 1.19505, 0.00371113, 0.0254385)
reports[-1].CovMatrix = ['4.59435e-05','-0.000110086','0.000107','-1.88266e-07','-5.69458e-08','-1.79855e-07','3.81951e-08','-3.23769e-08','0','0','0','0','-0.000110086','0.0028257','-0.00267231','4.88067e-06','5.26225e-07','9.13848e-08','-2.20366e-07','4.24994e-07','0','0','0','0','0.000107','-0.00267231','0.00259775','-4.35816e-06','-5.02056e-07','-1.01257e-07','2.1606e-07','-3.61158e-07','0','0','0','0','-1.88266e-07','4.88067e-06','-4.35816e-06','3.9232e-08','3.90056e-10','-9.12801e-10','-2.44028e-10','1.51718e-09','0','0','0','0','-5.69458e-08','5.26225e-07','-5.02056e-07','3.90056e-10','3.61607e-08','1.73278e-08','2.67125e-10','1.8209e-09','0','0','0','0','-1.79855e-07','9.13848e-08','-1.01257e-07','-9.12801e-10','1.73278e-08','1.79452e-08','-2.79066e-10','1.7671e-09','0','0','0','0','3.81951e-08','-2.20366e-07','2.1606e-07','-2.44028e-10','2.67125e-10','-2.79066e-10','1.94411e-05','-5.20396e-11','0','0','0','0','-3.23769e-08','4.24994e-07','-3.61158e-07','1.51718e-09','1.8209e-09','1.7671e-09','-5.20396e-11','3.58658e-05','0','0','0','0','0','0','0','0','0','0','0','0','0','0','0','0','0','0','0','0','0','0','0','0','0','0','0','0','0','0','0','0','0','0','0','0','0','0','0','0','0','0','0','0','0','0','0','0','0','0','0','0']

reports.append(Report(579895296, ("DT", -2, 2, 4), "MBwhAst2sec04"))
reports[-1].posNum = 23618
reports[-1].negNum = 0
reports[-1].fittype = "6DOF"
reports[-1].add_parameters(ValErr(0.00547357, 0.00618875, 0), \
                           ValErr(-0.0297552, 0.0495022, 0), \
                           ValErr(0.0684877, 0.0474383, 0), \
                           ValErr(1.15472e-05, 0.000182851, 0), \
                           ValErr(0.000254073, 0.000172536, 0), \
                           ValErr(2.41529e-05, 0.000123241, 0), \
                           -68709, 23618, 23618, -nan)
reports[-1].sigmax = ValErr(0.889703, 0.00408846, 0)
reports[-1].sigmay = ValErr(1.20704, 0.00554814, 0)
reports[-1].sigmadxdz = ValErr(0, 0, 0)
reports[-1].sigmadydz = ValErr(0, 0, 0)
reports[-1].add_stats(-0.00183487, 0.0509491, 8.6008e-05, -0.00128114, 0.00118399, 0.039671, 0.000103108, -0.00162965, 0.00118399, 0.039671, 0.000103108, -0.00162965, 0.00129979, 0.0457093, 0.000106808, -0.00176535, 0.00129979, 0.0457093, 0.000106808, -0.00176535, 0.889743, 1.20714, 0.00372754, 0.0253219, 0.889743, 1.20714, 0.00372754, 0.0253219)
