nan = None;  NAN = None
nan = 0
reports = []
class ValErr:
    def __init__(self, value, error, antisym):
        self.value, self.error, self.antisym = value, error, antisym

    def __repr__(self):
        if self.antisym == 0.:
            return "%g +- %g" % (self.value, self.error)
        else:
            return "%g +- %g ~ %g" % (self.value, self.error, self.antisym)

class Report:
    def __init__(self, chamberId, postal_address, name):
        self.chamberId, self.postal_address, self.name = chamberId, postal_address, name
        self.status = "NOFIT"
        self.fittype = None
        self.CovMatrix = None

    def add_parameters(self, deltax, deltay, deltaz, deltaphix, deltaphiy, deltaphiz, loglikelihood, numsegments, sumofweights, redchi2):
        self.status = "PASS"
        self.deltax, self.deltay, self.deltaz, self.deltaphix, self.deltaphiy, self.deltaphiz = deltax, deltay, deltaz, deltaphix, deltaphiy, deltaphiz
        self.loglikelihood, self.numsegments, self.sumofweights, self.redchi2 = loglikelihood, numsegments, sumofweights, redchi2

    def add_stats(self, median_x, median_y, median_dxdz, median_dydz, mean30_x, mean30_y, mean20_dxdz, mean50_dydz, mean15_x, mean15_y, mean10_dxdz, mean25_dydz, wmean30_x, wmean30_y, wmean20_dxdz, wmean50_dydz, wmean15_x, wmean15_y, wmean10_dxdz, wmean25_dydz, stdev30_x, stdev30_y, stdev20_dxdz, stdev50_dydz, stdev15_x, stdev15_y, stdev10_dxdz, stdev25_dydz):
        self.median_x, self.median_y, self.median_dxdz, self.median_dydz, self.mean30_x, self.mean30_y, self.mean20_dxdz, self.mean50_dydz, self.mean15_x, self.mean15_y, self.mean10_dxdz, self.mean25_dydz, self.wmean30_x, self.wmean30_y, self.wmean20_dxdz, self.wmean50_dydz, self.wmean15_x, self.wmean15_y, self.wmean10_dxdz, self.wmean25_dydz, self.stdev30_x, self.stdev30_y, self.stdev20_dxdz, self.stdev50_dydz, self.stdev15_x, self.stdev15_y, self.stdev10_dxdz, self.stdev25_dydz = median_x, median_y, median_dxdz, median_dydz, mean30_x, mean30_y, mean20_dxdz, mean50_dydz, mean15_x, mean15_y, mean10_dxdz, mean25_dydz, wmean30_x, wmean30_y, wmean20_dxdz, wmean50_dydz, wmean15_x, wmean15_y, wmean10_dxdz, wmean25_dydz, stdev30_x, stdev30_y, stdev20_dxdz, stdev50_dydz, stdev15_x, stdev15_y, stdev10_dxdz, stdev25_dydz

    def __repr__(self):
        return "<Report %s %s %s>" % (self.postal_address[0], " ".join(map(str, self.postal_address[1:])), self.status)

reports.append(Report(574914560, ("DT", -2, 1, 1), "MBwhAst1sec01"))
reports[-1].posNum = 2268
reports[-1].negNum = 0
reports[-1].fittype = "6DOF"
reports[-1].add_parameters(ValErr(-0.0840913, 0.0128914, 0), \
                           ValErr(0.152202, 0.0302656, 0), \
                           ValErr(0.0448567, 0.0232914, 0), \
                           ValErr(-0.000248095, 0.000360537, 0), \
                           ValErr(-0.000370139, 0.00040285, 0), \
                           ValErr(-0.000269326, 0.000226925, 0), \
                           -5510.68, 2268, 2268, -nan)
reports[-1].sigmax = ValErr(0.654641, 0.00922741, 0)
reports[-1].sigmay = ValErr(1.01566, 0.0149683, 0)
reports[-1].sigmadxdz = ValErr(0, 0, 0)
reports[-1].sigmadydz = ValErr(0, 0, 0)
reports[-1].add_stats(-0.0866468, 0.182629, 0.000147111, -0.00199985, -0.0828251, 0.209687, 0.000137265, -0.00201796, -0.0828251, 0.209687, 0.000137265, -0.00201796, -0.0680819, 0.205988, 5.80689e-05, -0.00153798, -0.0680819, 0.205988, 5.80689e-05, -0.00153798, 0.654795, 1.01573, 0.00339707, 0.0318345, 0.654795, 1.01573, 0.00339707, 0.0318345)
reports[-1].CovMatrix = ['0.000166188','-7.35178e-05','4.68269e-05','6.10074e-08','7.81723e-07','-1.6359e-07','-1.32251e-05','1.28277e-06','0','0','0','0','-7.35178e-05','0.000916009','-0.000506251','1.47384e-06','-3.42163e-07','1.10213e-06','4.32695e-05','-6.96163e-06','0','0','0','0','4.68269e-05','-0.000506251','0.00054249','4.62437e-07','3.33691e-07','-6.59165e-07','-3.64562e-05','4.42514e-06','0','0','0','0','6.10074e-08','1.47384e-06','4.62437e-07','1.29987e-07','-4.39707e-09','4.99364e-09','1.83744e-07','-9.19891e-09','0','0','0','0','7.81723e-07','-3.42163e-07','3.33691e-07','-4.39707e-09','1.62288e-07','3.36294e-08','5.61699e-07','-4.4358e-08','0','0','0','0','-1.6359e-07','1.10213e-06','-6.59165e-07','4.99364e-09','3.36294e-08','5.1495e-08','5.42181e-07','-1.74741e-08','0','0','0','0','-1.32251e-05','4.32695e-05','-3.64562e-05','1.83744e-07','5.61699e-07','5.42181e-07','8.51454e-05','5.34633e-07','0','0','0','0','1.28277e-06','-6.96163e-06','4.42514e-06','-9.19891e-09','-4.4358e-08','-1.74741e-08','5.34633e-07','0.000224053','0','0','0','0','0','0','0','0','0','0','0','0','0','0','0','0','0','0','0','0','0','0','0','0','0','0','0','0','0','0','0','0','0','0','0','0','0','0','0','0','0','0','0','0','0','0','0','0','0','0','0','0']

reports.append(Report(575176704, ("DT", -2, 1, 2), "MBwhAst1sec02"))
reports[-1].posNum = 1409
reports[-1].negNum = 0
reports[-1].fittype = "6DOF"
reports[-1].add_parameters(ValErr(0.0641991, 0.0232085, 0), \
                           ValErr(0.0369661, 0.184696, 0), \
                           ValErr(-0.0337475, 0.149482, 0), \
                           ValErr(0.000720335, 0.000519605, 0), \
                           ValErr(-0.000336323, 0.000572547, 0), \
                           ValErr(-0.000260732, 0.000371916, 0), \
                           -3424.33, 1409, 1409, -nan)
reports[-1].sigmax = ValErr(0.664731, 0.0125223, 0)
reports[-1].sigmay = ValErr(1.00082, 0.0188535, 0)
reports[-1].sigmadxdz = ValErr(0, 0, 0)
reports[-1].sigmadydz = ValErr(0, 0, 0)
reports[-1].add_stats(0.0540153, -0.0088798, 0.000751556, -0.00332944, 0.0550724, -0.0209939, 0.000772554, -0.00197721, 0.0550724, -0.0209939, 0.000772554, -0.00197721, 0.0532827, -0.000175059, 0.000785152, -0.00106154, 0.0532827, -0.000175059, 0.000785152, -0.00106154, 0.664984, 1.00147, 0.00343464, 0.034067, 0.664984, 1.00147, 0.00343464, 0.034067)
reports[-1].CovMatrix = ['0.000538633','0.00228483','-0.0018755','3.12679e-06','-2.06348e-06','-3.03847e-06','8.26128e-07','-9.01275e-07','0','0','0','0','0.00228483','0.0341126','-0.0272653','4.93816e-05','-1.1476e-05','-1.33828e-06','1.023e-05','-1.15764e-05','0','0','0','0','-0.0018755','-0.0272653','0.0223449','-3.62194e-05','8.79503e-06','1.42869e-06','-8.70187e-06','1.04794e-05','0','0','0','0','3.12679e-06','4.93816e-05','-3.62194e-05','2.69989e-07','-1.75205e-09','1.28939e-08','3.0533e-09','1.08382e-08','0','0','0','0','-2.06348e-06','-1.1476e-05','8.79503e-06','-1.75205e-09','3.2781e-07','1.15048e-07','2.85725e-08','-2.95111e-08','0','0','0','0','-3.03847e-06','-1.33828e-06','1.42869e-06','1.28939e-08','1.15048e-07','1.38322e-07','7.51157e-09','-2.66003e-09','0','0','0','0','8.26128e-07','1.023e-05','-8.70187e-06','3.0533e-09','2.85725e-08','7.51157e-09','0.000156809','-9.28501e-09','0','0','0','0','-9.01275e-07','-1.15764e-05','1.04794e-05','1.08382e-08','-2.95111e-08','-2.66003e-09','-9.28501e-09','0.000355461','0','0','0','0','0','0','0','0','0','0','0','0','0','0','0','0','0','0','0','0','0','0','0','0','0','0','0','0','0','0','0','0','0','0','0','0','0','0','0','0','0','0','0','0','0','0','0','0','0','0','0','0']

reports.append(Report(575438848, ("DT", -2, 1, 3), "MBwhAst1sec03"))
reports[-1].posNum = 1609
reports[-1].negNum = 0
reports[-1].fittype = "6DOF"
reports[-1].add_parameters(ValErr(-0.0460436, 0.0223009, 0), \
                           ValErr(0.0079335, 0.169737, 0), \
                           ValErr(-0.119653, 0.137685, 0), \
                           ValErr(-0.000881316, 0.000489919, 0), \
                           ValErr(0.000463842, 0.000518276, 0), \
                           ValErr(-0.000174121, 0.000345276, 0), \
                           -3919.18, 1609, 1609, -nan)
reports[-1].sigmax = ValErr(0.658836, 0.0116149, 0)
reports[-1].sigmay = ValErr(1.01534, 0.0179001, 0)
reports[-1].sigmadxdz = ValErr(0, 0, 0)
reports[-1].sigmadydz = ValErr(0, 0, 0)
reports[-1].add_stats(-0.065619, -0.117408, 0.000215677, -0.00233685, -0.0621336, -0.116296, 0.000251451, -0.00236923, -0.0621336, -0.116296, 0.000251451, -0.00236923, -0.0680862, -0.13165, 0.000282675, -0.0021745, -0.0680862, -0.13165, 0.000282675, -0.0021745, 0.659042, 1.01782, 0.00342632, 0.031881, 0.659042, 1.01782, 0.00342632, 0.031881)
reports[-1].CovMatrix = ['0.000497332','0.0022704','-0.00186064','3.1324e-06','-1.29453e-06','-2.11706e-06','5.04345e-07','4.00328e-07','0','0','0','0','0.0022704','0.0288108','-0.0230717','4.15508e-05','-6.89371e-06','5.33021e-07','1.09078e-06','-1.90251e-06','0','0','0','0','-0.00186064','-0.0230717','0.018957','-3.07625e-05','6.29994e-06','-1.57325e-07','-1.62681e-07','2.23016e-06','0','0','0','0','3.1324e-06','4.15508e-05','-3.07625e-05','2.4002e-07','1.7744e-10','1.68469e-08','3.51442e-08','4.03199e-08','0','0','0','0','-1.29453e-06','-6.89371e-06','6.29994e-06','1.7744e-10','2.6861e-07','9.63216e-08','4.51149e-08','5.68378e-08','0','0','0','0','-2.11706e-06','5.33021e-07','-1.57325e-07','1.68469e-08','9.63216e-08','1.19215e-07','-5.96023e-10','-9.07134e-09','0','0','0','0','5.04345e-07','1.09078e-06','-1.62681e-07','3.51442e-08','4.51149e-08','-5.96023e-10','0.000134908','2.41612e-08','0','0','0','0','4.00328e-07','-1.90251e-06','2.23016e-06','4.03199e-08','5.68378e-08','-9.07134e-09','2.41612e-08','0.000320416','0','0','0','0','0','0','0','0','0','0','0','0','0','0','0','0','0','0','0','0','0','0','0','0','0','0','0','0','0','0','0','0','0','0','0','0','0','0','0','0','0','0','0','0','0','0','0','0','0','0','0','0']

reports.append(Report(575700992, ("DT", -2, 1, 4), "MBwhAst1sec04"))
reports[-1].posNum = 2197
reports[-1].negNum = 0
reports[-1].fittype = "6DOF"
reports[-1].add_parameters(ValErr(-0.130062, 0.0185778, 0), \
                           ValErr(0.152645, 0.159104, 0), \
                           ValErr(-0.0929478, 0.128745, 0), \
                           ValErr(8.98501e-05, 0.000432773, 0), \
                           ValErr(-0.000473898, 0.000468516, 0), \
                           ValErr(0.000179297, 0.000306111, 0), \
                           -5429.09, 2197, 2197, -nan)
reports[-1].sigmax = ValErr(0.683286, 0.0103082, 0)
reports[-1].sigmay = ValErr(1.0142, 0.0153004, 0)
reports[-1].sigmadxdz = ValErr(0, 0, 0)
reports[-1].sigmadydz = ValErr(0, 0, 0)
reports[-1].add_stats(-0.139182, 0.0634195, 0.000751483, -0.00136356, -0.132712, 0.037256, 0.000687936, -0.000807738, -0.132712, 0.037256, 0.000687936, -0.000807738, -0.129741, 0.0459731, 0.00065477, -0.000808792, -0.129741, 0.0459731, 0.00065477, -0.000808792, 0.683459, 1.01468, 0.00351317, 0.0341561, 0.683459, 1.01468, 0.00351317, 0.0341561)
reports[-1].CovMatrix = ['0.000345135','0.00167009','-0.00136684','2.42922e-06','-5.68567e-07','-1.06874e-06','-3.81146e-07','8.5798e-07','0','0','0','0','0.00167009','0.0253142','-0.0202786','3.72972e-05','-4.33993e-06','2.74264e-06','-6.70536e-06','1.28534e-05','0','0','0','0','-0.00136684','-0.0202786','0.0165753','-2.87373e-05','2.87639e-06','-2.13933e-06','5.72583e-06','-1.06052e-05','0','0','0','0','2.42922e-06','3.72972e-05','-2.87373e-05','1.87293e-07','-1.00699e-08','1.26225e-08','1.18053e-08','-7.85492e-09','0','0','0','0','-5.68567e-07','-4.33993e-06','2.87639e-06','-1.00699e-08','2.19507e-07','7.54176e-08','1.24881e-08','-9.58525e-09','0','0','0','0','-1.06874e-06','2.74264e-06','-2.13933e-06','1.26225e-08','7.54176e-08','9.37041e-08','5.8274e-09','-2.29296e-09','0','0','0','0','-3.81146e-07','-6.70536e-06','5.72583e-06','1.18053e-08','1.24881e-08','5.8274e-09','0.00010626','-8.28768e-09','0','0','0','0','8.5798e-07','1.28534e-05','-1.06052e-05','-7.85492e-09','-9.58525e-09','-2.29296e-09','-8.28768e-09','0.000234105','0','0','0','0','0','0','0','0','0','0','0','0','0','0','0','0','0','0','0','0','0','0','0','0','0','0','0','0','0','0','0','0','0','0','0','0','0','0','0','0','0','0','0','0','0','0','0','0','0','0','0','0']

reports.append(Report(575963136, ("DT", -2, 1, 5), "MBwhAst1sec05"))
reports[-1].posNum = 2022
reports[-1].negNum = 0
reports[-1].fittype = "6DOF"
reports[-1].add_parameters(ValErr(0.00414317, 0.019735, 0), \
                           ValErr(-0.16813, 0.164391, 0), \
                           ValErr(0.0539982, 0.133396, 0), \
                           ValErr(-0.000318299, 0.000437712, 0), \
                           ValErr(0.000564165, 0.000477747, 0), \
                           ValErr(-0.000383933, 0.000308012, 0), \
                           -4912.7, 2022, 2022, -nan)
reports[-1].sigmax = ValErr(0.66929, 0.010525, 0)
reports[-1].sigmay = ValErr(0.993306, 0.0156204, 0)
reports[-1].sigmadxdz = ValErr(0, 0, 0)
reports[-1].sigmadydz = ValErr(0, 0, 0)
reports[-1].add_stats(-0.00988232, -0.100114, -1.75086e-05, 0.000196528, 9.85638e-05, -0.0977342, -7.88203e-05, -0.000703263, 9.85638e-05, -0.0977342, -7.88203e-05, -0.000703263, 0.00604921, -0.0831523, -8.70782e-05, 0.0001545, 0.00604921, -0.0831523, -8.70782e-05, 0.0001545, 0.669646, 0.994326, 0.0034473, 0.0339541, 0.669646, 0.994326, 0.0034473, 0.0339541)
reports[-1].CovMatrix = ['0.000389472','0.00196425','-0.00160927','2.83104e-06','-7.42009e-07','-1.21172e-06','-1.24596e-07','5.14451e-07','0','0','0','0','0.00196425','0.0270244','-0.0217155','3.95308e-05','-5.71518e-06','1.72746e-06','-2.78294e-06','7.26309e-06','0','0','0','0','-0.00160927','-0.0217155','0.0177944','-3.05676e-05','4.55827e-06','-1.28239e-06','2.53766e-06','-6.03893e-06','0','0','0','0','2.83104e-06','3.95308e-05','-3.05676e-05','1.91592e-07','-5.74825e-09','1.29008e-08','1.35591e-08','-9.78058e-09','0','0','0','0','-7.42009e-07','-5.71518e-06','4.55827e-06','-5.74825e-09','2.28242e-07','7.6355e-08','-2.84694e-08','5.17496e-08','0','0','0','0','-1.21172e-06','1.72746e-06','-1.28239e-06','1.29008e-08','7.6355e-08','9.48715e-08','-5.04398e-09','1.38219e-08','0','0','0','0','-1.24596e-07','-2.78294e-06','2.53766e-06','1.35591e-08','-2.84694e-08','-5.04398e-09','0.000110775','-1.05635e-08','0','0','0','0','5.14451e-07','7.26309e-06','-6.03893e-06','-9.78058e-09','5.17496e-08','1.38219e-08','-1.05635e-08','0.000243999','0','0','0','0','0','0','0','0','0','0','0','0','0','0','0','0','0','0','0','0','0','0','0','0','0','0','0','0','0','0','0','0','0','0','0','0','0','0','0','0','0','0','0','0','0','0','0','0','0','0','0','0']

reports.append(Report(576225280, ("DT", -2, 1, 6), "MBwhAst1sec06"))
reports[-1].posNum = 1661
reports[-1].negNum = 0
reports[-1].fittype = "6DOF"
reports[-1].add_parameters(ValErr(0.0070568, 0.022836, 0), \
                           ValErr(-0.165737, 0.172405, 0), \
                           ValErr(0.185211, 0.139778, 0), \
                           ValErr(0.000194724, 0.000467471, 0), \
                           ValErr(-0.000202645, 0.000501175, 0), \
                           ValErr(-0.000363787, 0.000342322, 0), \
                           -3947.94, 1661, 1661, -nan)
reports[-1].sigmax = ValErr(0.66127, 0.0114732, 0)
reports[-1].sigmay = ValErr(0.953671, 0.0165463, 0)
reports[-1].sigmadxdz = ValErr(0, 0, 0)
reports[-1].sigmadydz = ValErr(0, 0, 0)
reports[-1].add_stats(0.0225754, 0.0546015, -0.000108829, -0.00336087, 0.0182187, 0.0490528, -9.06839e-05, -0.00301106, 0.0182187, 0.0490528, -9.06839e-05, -0.00301106, 0.0192967, 0.0591562, -6.27554e-05, -0.0026386, 0.0192967, 0.0591562, -6.27554e-05, -0.0026386, 0.661812, 0.954277, 0.00339581, 0.031917, 0.661812, 0.954277, 0.00339581, 0.031917)
reports[-1].CovMatrix = ['0.000521482','0.0024997','-0.00204301','3.46543e-06','-1.5205e-06','-2.24251e-06','7.96433e-09','3.66083e-07','0','0','0','0','0.0024997','0.0297235','-0.0238407','4.3067e-05','-7.39055e-06','-1.00964e-06','9.51853e-07','2.1943e-06','0','0','0','0','-0.00204301','-0.0238407','0.0195379','-3.23041e-05','7.06148e-06','1.11419e-06','-3.84522e-07','-1.94457e-06','0','0','0','0','3.46543e-06','4.3067e-05','-3.23041e-05','2.18529e-07','5.60245e-09','1.4433e-08','2.41592e-08','-2.19084e-08','0','0','0','0','-1.5205e-06','-7.39055e-06','7.06148e-06','5.60245e-09','2.51177e-07','9.54997e-08','1.26201e-09','1.00655e-08','0','0','0','0','-2.24251e-06','-1.00964e-06','1.11419e-06','1.4433e-08','9.54997e-08','1.17184e-07','1.00653e-08','-7.08597e-09','0','0','0','0','7.96433e-09','9.51853e-07','-3.84522e-07','2.41592e-08','1.26201e-09','1.00653e-08','0.000131635','-4.57355e-09','0','0','0','0','3.66083e-07','2.1943e-06','-1.94457e-06','-2.19084e-08','1.00655e-08','-7.08597e-09','-4.57355e-09','0.000273782','0','0','0','0','0','0','0','0','0','0','0','0','0','0','0','0','0','0','0','0','0','0','0','0','0','0','0','0','0','0','0','0','0','0','0','0','0','0','0','0','0','0','0','0','0','0','0','0','0','0','0','0']

reports.append(Report(576487424, ("DT", -2, 1, 7), "MBwhAst1sec07"))
reports[-1].posNum = 2264
reports[-1].negNum = 0
reports[-1].fittype = "6DOF"
reports[-1].add_parameters(ValErr(-0.0404256, 0.0188129, 0), \
                           ValErr(0.21662, 0.154882, 0), \
                           ValErr(-0.0203877, 0.125632, 0), \
                           ValErr(-0.000685374, 0.000420144, 0), \
                           ValErr(-0.000483038, 0.000455592, 0), \
                           ValErr(-0.000618471, 0.00030311, 0), \
                           -5514.1, 2264, 2264, -nan)
reports[-1].sigmax = ValErr(0.678206, 0.0100789, 0)
reports[-1].sigmay = ValErr(0.986083, 0.0146542, 0)
reports[-1].sigmadxdz = ValErr(0, 0, 0)
reports[-1].sigmadydz = ValErr(0, 0, 0)
reports[-1].add_stats(-0.0641627, 0.216013, 0.000343898, -0.00177433, -0.0498309, 0.203283, 0.000295358, -0.0028951, -0.0498309, 0.203283, 0.000295358, -0.0028951, -0.0429621, 0.182325, 0.000282001, -0.00265105, -0.0429621, 0.182325, 0.000282001, -0.00265105, 0.678792, 0.986854, 0.00348248, 0.0317415, 0.678792, 0.986854, 0.00348248, 0.0317415)
reports[-1].CovMatrix = ['0.000353924','0.00174932','-0.00143246','2.50374e-06','-7.68938e-07','-1.24584e-06','-6.20754e-08','3.71363e-07','0','0','0','0','0.00174932','0.0239883','-0.0192693','3.50063e-05','-5.59516e-06','3.4264e-07','-1.68787e-06','5.10364e-06','0','0','0','0','-0.00143246','-0.0192693','0.0157833','-2.69597e-05','4.58728e-06','-1.44568e-07','1.45535e-06','-4.0197e-06','0','0','0','0','2.50374e-06','3.50063e-05','-2.69597e-05','1.76521e-07','-1.51762e-09','1.06684e-08','3.51372e-09','4.18646e-09','0','0','0','0','-7.68938e-07','-5.59516e-06','4.58728e-06','-1.51762e-09','2.07564e-07','7.50614e-08','1.7176e-08','-1.60333e-08','0','0','0','0','-1.24584e-06','3.4264e-07','-1.44568e-07','1.06684e-08','7.50614e-08','9.18755e-08','7.18187e-09','-4.51587e-09','0','0','0','0','-6.20754e-08','-1.68787e-06','1.45535e-06','3.51372e-09','1.7176e-08','7.18187e-09','0.000101584','-1.66018e-09','0','0','0','0','3.71363e-07','5.10364e-06','-4.0197e-06','4.18646e-09','-1.60333e-08','-4.51587e-09','-1.66018e-09','0.000214747','0','0','0','0','0','0','0','0','0','0','0','0','0','0','0','0','0','0','0','0','0','0','0','0','0','0','0','0','0','0','0','0','0','0','0','0','0','0','0','0','0','0','0','0','0','0','0','0','0','0','0','0']

reports.append(Report(576749568, ("DT", -2, 1, 8), "MBwhAst1sec08"))
reports[-1].posNum = 2142
reports[-1].negNum = 0
reports[-1].fittype = "6DOF"
reports[-1].add_parameters(ValErr(0.0171226, 0.0188251, 0), \
                           ValErr(-0.352435, 0.157625, 0), \
                           ValErr(0.297987, 0.12785, 0), \
                           ValErr(-0.000883116, 0.000425562, 0), \
                           ValErr(0.000579482, 0.000459722, 0), \
                           ValErr(0.000375078, 0.000307036, 0), \
                           -5186.75, 2142, 2142, -nan)
reports[-1].sigmax = ValErr(0.672813, 0.0102797, 0)
reports[-1].sigmay = ValErr(0.980047, 0.0149741, 0)
reports[-1].sigmadxdz = ValErr(0, 0, 0)
reports[-1].sigmadydz = ValErr(0, 0, 0)
reports[-1].add_stats(0.0580711, 0.0329599, 0.000889512, -0.0011409, 0.0477418, 0.0180511, 0.000876536, -0.0016985, 0.0477418, 0.0180511, 0.000876536, -0.0016985, 0.0461711, 0.00958985, 0.000858746, -0.00189945, 0.0461711, 0.00958985, 0.000858746, -0.00189945, 0.673715, 0.980681, 0.00349559, 0.0327699, 0.673715, 0.980681, 0.00349559, 0.0327699)
reports[-1].CovMatrix = ['0.000354384','0.00171358','-0.00140479','2.43569e-06','-8.31799e-07','-1.35697e-06','-5.90749e-07','-1.13327e-06','0','0','0','0','0.00171358','0.0248456','-0.0199544','3.61124e-05','-6.2519e-06','-1.36102e-07','-9.4492e-06','-1.65083e-05','0','0','0','0','-0.00140479','-0.0199544','0.0163457','-2.77819e-05','4.87935e-06','2.60456e-07','7.38826e-06','1.27413e-05','0','0','0','0','2.43569e-06','3.61124e-05','-2.77819e-05','1.81103e-07','-9.56087e-11','1.01086e-08','-3.83358e-08','-6.56583e-08','0','0','0','0','-8.31799e-07','-6.2519e-06','4.87935e-06','-9.56087e-11','2.11345e-07','7.708e-08','7.01816e-09','1.06911e-09','0','0','0','0','-1.35697e-06','-1.36102e-07','2.60456e-07','1.01086e-08','7.708e-08','9.42711e-08','2.92624e-09','-2.03347e-09','0','0','0','0','-5.90749e-07','-9.4492e-06','7.38826e-06','-3.83358e-08','7.01816e-09','2.92624e-09','0.000105672','1.4278e-08','0','0','0','0','-1.13327e-06','-1.65083e-05','1.27413e-05','-6.56583e-08','1.06911e-09','-2.03347e-09','1.4278e-08','0.000224226','0','0','0','0','0','0','0','0','0','0','0','0','0','0','0','0','0','0','0','0','0','0','0','0','0','0','0','0','0','0','0','0','0','0','0','0','0','0','0','0','0','0','0','0','0','0','0','0','0','0','0','0']

reports.append(Report(577011712, ("DT", -2, 1, 9), "MBwhAst1sec09"))
reports[-1].posNum = 1405
reports[-1].negNum = 0
reports[-1].fittype = "6DOF"
reports[-1].add_parameters(ValErr(-0.0352791, 0.018046, 0), \
                           ValErr(0.0137331, 0.0428569, 0), \
                           ValErr(-0.0180019, 0.033474, 0), \
                           ValErr(0.000604862, 0.000459638, 0), \
                           ValErr(0.000156103, 0.000535466, 0), \
                           ValErr(-6.70159e-06, 0.000290335, 0), \
                           -3509.4, 1405, 1405, -nan)
reports[-1].sigmax = ValErr(0.681592, 0.0122884, 0)
reports[-1].sigmay = ValErr(1.04415, 0.0197123, 0)
reports[-1].sigmadxdz = ValErr(0, 0, 0)
reports[-1].sigmadydz = ValErr(0, 0, 0)
reports[-1].add_stats(-0.0509587, -0.0185159, 0.000188293, -0.00201352, -0.0388646, -0.0154802, 8.87916e-05, -0.000927872, -0.0388646, -0.0154802, 8.87916e-05, -0.000927872, -0.0294104, -0.033944, 3.14017e-05, -0.00136291, -0.0294104, -0.033944, 3.14017e-05, -0.00136291, 0.681656, 1.04478, 0.00350806, 0.0335103, 0.681656, 1.04478, 0.00350806, 0.0335103)
reports[-1].CovMatrix = ['0.000325657','-0.00016754','0.00011478','-2.2204e-07','9.04495e-08','-1.33624e-06','-1.66566e-06','8.40195e-07','0','0','0','0','-0.00016754','0.00183671','-0.00110248','2.94488e-06','-1.16594e-07','1.89511e-06','2.41922e-05','-1.10074e-05','0','0','0','0','0.00011478','-0.00110248','0.00112051','-4.17168e-07','-4.83237e-07','-1.24928e-06','-2.36624e-05','7.48441e-06','0','0','0','0','-2.2204e-07','2.94488e-06','-4.17168e-07','2.11267e-07','-2.30726e-08','1.15193e-08','1.68915e-07','3.93094e-09','0','0','0','0','9.04495e-08','-1.16594e-07','-4.83237e-07','-2.30726e-08','2.86724e-07','5.75586e-08','8.40952e-07','-2.17296e-07','0','0','0','0','-1.33624e-06','1.89511e-06','-1.24928e-06','1.15193e-08','5.75586e-08','8.42943e-08','8.67403e-07','-1.6198e-07','0','0','0','0','-1.66566e-06','2.41922e-05','-2.36624e-05','1.68915e-07','8.40952e-07','8.67403e-07','0.000151005','4.23846e-06','0','0','0','0','8.40195e-07','-1.10074e-05','7.48441e-06','3.93094e-09','-2.17296e-07','-1.6198e-07','4.23846e-06','0.000388578','0','0','0','0','0','0','0','0','0','0','0','0','0','0','0','0','0','0','0','0','0','0','0','0','0','0','0','0','0','0','0','0','0','0','0','0','0','0','0','0','0','0','0','0','0','0','0','0','0','0','0','0']

reports.append(Report(577273856, ("DT", -2, 1, 10), "MBwhAst1sec10"))
reports[-1].posNum = 1449
reports[-1].negNum = 0
reports[-1].fittype = "6DOF"
reports[-1].add_parameters(ValErr(0.0259316, 0.0221594, 0), \
                           ValErr(-0.162519, 0.195577, 0), \
                           ValErr(0.203797, 0.158863, 0), \
                           ValErr(-0.000353685, 0.000493752, 0), \
                           ValErr(-0.000272871, 0.000553047, 0), \
                           ValErr(8.33722e-06, 0.000342031, 0), \
                           -3539.26, 1449, 1449, -nan)
reports[-1].sigmax = ValErr(0.675288, 0.0125442, 0)
reports[-1].sigmay = ValErr(0.997297, 0.0185257, 0)
reports[-1].sigmadxdz = ValErr(0, 0, 0)
reports[-1].sigmadydz = ValErr(0, 0, 0)
reports[-1].add_stats(0.0211391, 0.0926469, 0.000126113, -0.00109003, 0.0443662, 0.0843818, 9.50048e-05, 0.00029392, 0.0443662, 0.0843818, 9.50048e-05, 0.00029392, 0.0551463, 0.0661373, 1.60382e-05, 0.000831486, 0.0551463, 0.0661373, 1.60382e-05, 0.000831486, 0.675777, 0.99732, 0.00348485, 0.0321931, 0.675777, 0.99732, 0.00348485, 0.0321931)
reports[-1].CovMatrix = ['0.000491039','0.0025156','-0.00206596','3.72921e-06','3.83873e-07','-6.09648e-08','8.83234e-07','-7.94546e-07','0','0','0','0','0.0025156','0.0382503','-0.0307861','5.55614e-05','-3.39208e-06','7.45522e-06','9.56404e-06','-9.77683e-06','0','0','0','0','-0.00206596','-0.0307861','0.0252375','-4.49249e-05','1.76447e-06','-6.10529e-06','-7.83917e-06','8.30737e-06','0','0','0','0','3.72921e-06','5.55614e-05','-4.49249e-05','2.43791e-07','-1.46251e-08','2.32431e-08','1.986e-08','-1.70124e-08','0','0','0','0','3.83873e-07','-3.39208e-06','1.76447e-06','-1.46251e-08','3.05861e-07','9.35377e-08','-2.54042e-09','1.70687e-08','0','0','0','0','-6.09648e-08','7.45522e-06','-6.10529e-06','2.32431e-08','9.35377e-08','1.16985e-07','-6.7135e-09','1.94832e-08','0','0','0','0','8.83234e-07','9.56404e-06','-7.83917e-06','1.986e-08','-2.54042e-09','-6.7135e-09','0.000157359','-4.41443e-09','0','0','0','0','-7.94546e-07','-9.77683e-06','8.30737e-06','-1.70124e-08','1.70687e-08','1.94832e-08','-4.41443e-09','0.000343207','0','0','0','0','0','0','0','0','0','0','0','0','0','0','0','0','0','0','0','0','0','0','0','0','0','0','0','0','0','0','0','0','0','0','0','0','0','0','0','0','0','0','0','0','0','0','0','0','0','0','0','0']

reports.append(Report(577536000, ("DT", -2, 1, 11), "MBwhAst1sec11"))
reports[-1].posNum = 1527
reports[-1].negNum = 0
reports[-1].fittype = "6DOF"
reports[-1].add_parameters(ValErr(0.0490414, 0.0231637, 0), \
                           ValErr(0.154342, 0.192905, 0), \
                           ValErr(-0.110202, 0.156375, 0), \
                           ValErr(0.000601802, 0.000492448, 0), \
                           ValErr(-0.00052455, 0.000544853, 0), \
                           ValErr(0.000175798, 0.000347753, 0), \
                           -3736.37, 1527, 1527, -nan)
reports[-1].sigmax = ValErr(0.678873, 0.0122641, 0)
reports[-1].sigmay = ValErr(0.996321, 0.0180237, 0)
reports[-1].sigmadxdz = ValErr(0, 0, 0)
reports[-1].sigmadydz = ValErr(0, 0, 0)
reports[-1].add_stats(0.051431, 0.0176783, -0.000488675, -0.00458709, 0.0419458, 0.0198309, -0.000574416, -0.00397009, 0.0419458, 0.0198309, -0.000574416, -0.00397009, 0.0359528, -0.0139681, -0.00054184, -0.00361571, 0.0359528, -0.0139681, -0.00054184, -0.00361571, 0.678891, 0.997403, 0.00348755, 0.0340072, 0.678891, 0.997403, 0.00348755, 0.0340072)
reports[-1].CovMatrix = ['0.000536559','0.00288799','-0.00235899','4.22545e-06','4.72044e-08','-3.62816e-07','-1.10683e-06','-1.83096e-06','0','0','0','0','0.00288799','0.0372122','-0.0298985','5.36076e-05','-6.41684e-06','2.60799e-06','-1.74163e-05','-2.31957e-05','0','0','0','0','-0.00235899','-0.0298985','0.0244533','-4.31973e-05','5.87873e-06','-2.08222e-06','1.43624e-05','1.88082e-05','0','0','0','0','4.22545e-06','5.36076e-05','-4.31973e-05','2.42505e-07','-1.98094e-09','1.96576e-08','2.01522e-09','-5.95048e-08','0','0','0','0','4.72044e-08','-6.41684e-06','5.87873e-06','-1.98094e-09','2.96865e-07','9.62812e-08','1.1815e-08','-2.21845e-08','0','0','0','0','-3.62816e-07','2.60799e-06','-2.08222e-06','1.96576e-08','9.62812e-08','1.20932e-07','1.85112e-08','-2.92134e-08','0','0','0','0','-1.10683e-06','-1.74163e-05','1.43624e-05','2.01522e-09','1.1815e-08','1.85112e-08','0.000150409','-4.74894e-08','0','0','0','0','-1.83096e-06','-2.31957e-05','1.88082e-05','-5.95048e-08','-2.21845e-08','-2.92134e-08','-4.74894e-08','0.000324859','0','0','0','0','0','0','0','0','0','0','0','0','0','0','0','0','0','0','0','0','0','0','0','0','0','0','0','0','0','0','0','0','0','0','0','0','0','0','0','0','0','0','0','0','0','0','0','0','0','0','0','0']

reports.append(Report(577798144, ("DT", -2, 1, 12), "MBwhAst1sec12"))
reports[-1].posNum = 1920
reports[-1].negNum = 0
reports[-1].fittype = "6DOF"
reports[-1].add_parameters(ValErr(-0.00605123, 0.0201914, 0), \
                           ValErr(-0.0241379, 0.171355, 0), \
                           ValErr(0.142335, 0.13902, 0), \
                           ValErr(-0.000150912, 0.000458822, 0), \
                           ValErr(0.000104622, 0.000503003, 0), \
                           ValErr(0.000353735, 0.000317298, 0), \
                           -4726.02, 1920, 1920, -nan)
reports[-1].sigmax = ValErr(0.672529, 0.0108283, 0)
reports[-1].sigmay = ValErr(1.02051, 0.016478, 0)
reports[-1].sigmadxdz = ValErr(0, 0, 0)
reports[-1].sigmadydz = ValErr(0, 0, 0)
reports[-1].add_stats(0.0165529, 0.137023, 0.00056284, -0.00391916, 0.0121774, 0.14806, 0.000637762, -0.00195251, 0.0121774, 0.14806, 0.000637762, -0.00195251, 0.0236734, 0.145707, 0.000593159, -0.00243733, 0.0236734, 0.145707, 0.000593159, -0.00243733, 0.67297, 1.02055, 0.00340457, 0.0315066, 0.67297, 1.02055, 0.00340457, 0.0315066)
reports[-1].CovMatrix = ['0.000407691','0.00209148','-0.00171293','3.0053e-06','-6.22466e-07','-1.14194e-06','1.6248e-06','-5.75071e-07','0','0','0','0','0.00209148','0.0293627','-0.0235897','4.27178e-05','-5.83818e-06','2.10508e-06','1.73868e-05','-8.36274e-06','0','0','0','0','-0.00171293','-0.0235897','0.0193265','-3.31972e-05','4.62968e-06','-1.57795e-06','-1.529e-05','5.68115e-06','0','0','0','0','3.0053e-06','4.27178e-05','-3.31972e-05','2.10518e-07','-4.92214e-09','1.49434e-08','5.08255e-08','-4.74316e-08','0','0','0','0','-6.22466e-07','-5.83818e-06','4.62968e-06','-4.92214e-09','2.53012e-07','8.15751e-08','-4.99328e-08','3.69833e-08','0','0','0','0','-1.14194e-06','2.10508e-06','-1.57795e-06','1.49434e-08','8.15751e-08','1.00678e-07','-3.51229e-09','1.20028e-08','0','0','0','0','1.6248e-06','1.73868e-05','-1.529e-05','5.08255e-08','-4.99328e-08','-3.51229e-09','0.000117252','-3.42204e-07','0','0','0','0','-5.75071e-07','-8.36274e-06','5.68115e-06','-4.74316e-08','3.69833e-08','1.20028e-08','-3.42204e-07','0.000271528','0','0','0','0','0','0','0','0','0','0','0','0','0','0','0','0','0','0','0','0','0','0','0','0','0','0','0','0','0','0','0','0','0','0','0','0','0','0','0','0','0','0','0','0','0','0','0','0','0','0','0','0']

reports.append(Report(579108864, ("DT", -2, 2, 1), "MBwhAst2sec01"))
reports[-1].posNum = 2659
reports[-1].negNum = 0
reports[-1].fittype = "6DOF"
reports[-1].add_parameters(ValErr(-0.119864, 0.018248, 0), \
                           ValErr(0.0917676, 0.143368, 0), \
                           ValErr(-0.0218433, 0.137472, 0), \
                           ValErr(-5.68222e-05, 0.000529486, 0), \
                           ValErr(0.000394311, 0.000503083, 0), \
                           ValErr(1.77499e-05, 0.000353367, 0), \
                           -7687.56, 2659, 2659, -nan)
reports[-1].sigmax = ValErr(0.873456, 0.0119779, 0)
reports[-1].sigmay = ValErr(1.20752, 0.0165589, 0)
reports[-1].sigmadxdz = ValErr(0, 0, 0)
reports[-1].sigmadydz = ValErr(0, 0, 0)
reports[-1].add_stats(-0.114989, 0.083289, 0.000279416, -0.000100926, -0.121597, 0.0703942, 0.00026833, -0.00100101, -0.121597, 0.0703942, 0.00026833, -0.00100101, -0.117828, 0.0768386, 0.000304032, -0.00114037, -0.117828, 0.0768386, 0.000304032, -0.00114037, 0.873438, 1.20779, 0.00366477, 0.0259428, 0.873438, 1.20779, 0.00366477, 0.0259428)
reports[-1].CovMatrix = ['0.000332989','-0.00086416','0.000838325','-1.49562e-06','4.17926e-07','-4.89798e-07','2.63706e-08','1.82341e-07','0','0','0','0','-0.00086416','0.0205544','-0.0194401','3.4545e-05','3.95594e-06','1.29303e-06','2.5249e-06','-2.74057e-06','0','0','0','0','0.000838325','-0.0194401','0.0188986','-3.2219e-05','-4.09273e-06','-1.31622e-06','-2.69681e-06','3.34277e-06','0','0','0','0','-1.49562e-06','3.4545e-05','-3.2219e-05','2.80355e-07','-4.33439e-09','-8.57824e-09','-3.53233e-08','5.58656e-08','0','0','0','0','4.17926e-07','3.95594e-06','-4.09273e-06','-4.33439e-09','2.53093e-07','1.19142e-07','1.47624e-08','-4.60108e-09','0','0','0','0','-4.89798e-07','1.29303e-06','-1.31622e-06','-8.57824e-09','1.19142e-07','1.24868e-07','1.38487e-08','-8.74865e-09','0','0','0','0','2.63706e-08','2.5249e-06','-2.69681e-06','-3.53233e-08','1.47624e-08','1.38487e-08','0.00014347','-1.18729e-08','0','0','0','0','1.82341e-07','-2.74057e-06','3.34277e-06','5.58656e-08','-4.60108e-09','-8.74865e-09','-1.18729e-08','0.000274199','0','0','0','0','0','0','0','0','0','0','0','0','0','0','0','0','0','0','0','0','0','0','0','0','0','0','0','0','0','0','0','0','0','0','0','0','0','0','0','0','0','0','0','0','0','0','0','0','0','0','0','0']

reports.append(Report(579371008, ("DT", -2, 2, 2), "MBwhAst2sec02"))
reports[-1].posNum = 2453
reports[-1].negNum = 0
reports[-1].fittype = "6DOF"
reports[-1].add_parameters(ValErr(0.0847823, 0.0191493, 0), \
                           ValErr(0.0982076, 0.149225, 0), \
                           ValErr(-0.139352, 0.142983, 0), \
                           ValErr(-0.000351722, 0.000556785, 0), \
                           ValErr(0.000332184, 0.000523577, 0), \
                           ValErr(7.76916e-05, 0.00037026, 0), \
                           -7070.47, 2453, 2453, -nan)
reports[-1].sigmax = ValErr(0.8711, 0.0124367, 0)
reports[-1].sigmay = ValErr(1.20021, 0.0171354, 0)
reports[-1].sigmadxdz = ValErr(0, 0, 0)
reports[-1].sigmadydz = ValErr(0, 0, 0)
reports[-1].add_stats(0.0740171, -0.0191222, -4.02797e-05, -0.00150693, 0.0896794, -0.0395855, -5.04635e-05, -0.00209362, 0.0896794, -0.0395855, -5.04635e-05, -0.00209362, 0.0827061, -0.0414721, -4.35218e-05, -0.00197806, 0.0827061, -0.0414721, -4.35218e-05, -0.00197806, 0.871229, 1.20069, 0.00361027, 0.0255895, 0.871229, 1.20069, 0.00361027, 0.0255895)
reports[-1].CovMatrix = ['0.000366694','-0.000987596','0.00095634','-1.71695e-06','6.64222e-08','-9.23282e-07','2.36975e-07','-1.25566e-07','0','0','0','0','-0.000987596','0.0222682','-0.0210438','3.79742e-05','5.43873e-06','2.74175e-06','-1.38697e-06','2.85225e-06','0','0','0','0','0.00095634','-0.0210438','0.0204441','-3.47649e-05','-5.79354e-06','-2.77825e-06','1.27591e-06','-2.29357e-06','0','0','0','0','-1.71695e-06','3.79742e-05','-3.47649e-05','3.1001e-07','-9.20653e-09','-7.00377e-09','-1.07637e-08','2.28909e-08','0','0','0','0','6.64222e-08','5.43873e-06','-5.79354e-06','-9.20653e-09','2.74133e-07','1.30603e-07','8.55358e-11','1.64671e-08','0','0','0','0','-9.23282e-07','2.74175e-06','-2.77825e-06','-7.00377e-09','1.30603e-07','1.37092e-07','6.59997e-10','1.01781e-08','0','0','0','0','2.36975e-07','-1.38697e-06','1.27591e-06','-1.07637e-08','8.55358e-11','6.59997e-10','0.000154671','-7.88743e-10','0','0','0','0','-1.25566e-07','2.85225e-06','-2.29357e-06','2.28909e-08','1.64671e-08','1.01781e-08','-7.88743e-10','0.000293625','0','0','0','0','0','0','0','0','0','0','0','0','0','0','0','0','0','0','0','0','0','0','0','0','0','0','0','0','0','0','0','0','0','0','0','0','0','0','0','0','0','0','0','0','0','0','0','0','0','0','0','0']

reports.append(Report(579633152, ("DT", -2, 2, 3), "MBwhAst2sec03"))
reports[-1].posNum = 2242
reports[-1].negNum = 0
reports[-1].fittype = "6DOF"
reports[-1].add_parameters(ValErr(-0.0680071, 0.0206928, 0), \
                           ValErr(0.022892, 0.160908, 0), \
                           ValErr(-0.136209, 0.1545, 0), \
                           ValErr(-0.000315966, 0.000586385, 0), \
                           ValErr(0.000951767, 0.000571274, 0), \
                           ValErr(0.000516543, 0.000409724, 0), \
                           -6454.79, 2242, 2242, -nan)
reports[-1].sigmax = ValErr(0.895005, 0.013366, 0)
reports[-1].sigmay = ValErr(1.16426, 0.0173873, 0)
reports[-1].sigmadxdz = ValErr(0, 0, 0)
reports[-1].sigmadydz = ValErr(0, 0, 0)
reports[-1].add_stats(-0.0633614, -0.0958535, 0.000254919, -1.88154e-05, -0.0598868, -0.109853, 0.000280874, -0.000458439, -0.0598868, -0.109853, 0.000280874, -0.000458439, -0.0713815, -0.119673, 0.000368424, -0.000660366, -0.0713815, -0.119673, 0.000368424, -0.000660366, 0.895608, 1.16465, 0.00386404, 0.0256005, 0.895608, 1.16465, 0.00386404, 0.0256005)
reports[-1].CovMatrix = ['0.000428192','-0.00101786','0.000989435','-1.77188e-06','-9.19902e-07','-1.96197e-06','6.50653e-07','-7.07274e-07','0','0','0','0','-0.00101786','0.0258914','-0.0245415','4.53105e-05','4.79429e-06','9.37297e-07','-6.0546e-06','9.11506e-06','0','0','0','0','0.000989435','-0.0245415','0.0238702','-4.02861e-05','-4.48687e-06','-9.85056e-07','6.40336e-06','-9.05059e-06','0','0','0','0','-1.77188e-06','4.53105e-05','-4.02861e-05','3.43847e-07','9.64444e-09','-4.47155e-09','2.70363e-08','-2.40511e-08','0','0','0','0','-9.19902e-07','4.79429e-06','-4.48687e-06','9.64444e-09','3.26354e-07','1.63406e-07','-2.39253e-08','5.08549e-08','0','0','0','0','-1.96197e-06','9.37297e-07','-9.85056e-07','-4.47155e-09','1.63406e-07','1.67874e-07','-2.02182e-08','3.90283e-08','0','0','0','0','6.50653e-07','-6.0546e-06','6.40336e-06','2.70363e-08','-2.39253e-08','-2.02182e-08','0.000178651','-1.24631e-08','0','0','0','0','-7.07274e-07','9.11506e-06','-9.05059e-06','-2.40511e-08','5.08549e-08','3.90283e-08','-1.24631e-08','0.00030232','0','0','0','0','0','0','0','0','0','0','0','0','0','0','0','0','0','0','0','0','0','0','0','0','0','0','0','0','0','0','0','0','0','0','0','0','0','0','0','0','0','0','0','0','0','0','0','0','0','0','0','0']

reports.append(Report(579895296, ("DT", -2, 2, 4), "MBwhAst2sec04"))
reports[-1].posNum = 2577
reports[-1].negNum = 0
reports[-1].fittype = "6DOF"
reports[-1].add_parameters(ValErr(-0.0183922, 0.018594, 0), \
                           ValErr(-0.264832, 0.152913, 0), \
                           ValErr(0.257428, 0.146629, 0), \
                           ValErr(-0.000204245, 0.000547903, 0), \
                           ValErr(0.000912889, 0.000515194, 0), \
                           ValErr(0.000497465, 0.000371595, 0), \
                           -7464.44, 2577, 2577, -nan)
reports[-1].sigmax = ValErr(0.895051, 0.0124674, 0)
reports[-1].sigmay = ValErr(1.18478, 0.0165031, 0)
reports[-1].sigmadxdz = ValErr(0, 0, 0)
reports[-1].sigmadydz = ValErr(0, 0, 0)
reports[-1].add_stats(-0.0326317, 0.00736262, 0.00014573, 0.000338179, -0.0282017, -0.00304938, 0.000122779, -0.000625855, -0.0282017, -0.00304938, 0.000122779, -0.000625855, -0.0322723, -0.00325587, 0.000153248, -0.000438867, -0.0322723, -0.00325587, 0.000153248, -0.000438867, 0.895887, 1.18524, 0.00371676, 0.0253273, 0.895887, 1.18524, 0.00371676, 0.0253273)
