nan = None;  NAN = None
nan = 0
reports = []
class ValErr:
    def __init__(self, value, error, antisym):
        self.value, self.error, self.antisym = value, error, antisym

    def __repr__(self):
        if self.antisym == 0.:
            return "%g +- %g" % (self.value, self.error)
        else:
            return "%g +- %g ~ %g" % (self.value, self.error, self.antisym)

class Report:
    def __init__(self, chamberId, postal_address, name):
        self.chamberId, self.postal_address, self.name = chamberId, postal_address, name
        self.status = "NOFIT"
        self.fittype = None
        self.CovMatrix = None

    def add_parameters(self, deltax, deltay, deltaz, deltaphix, deltaphiy, deltaphiz, loglikelihood, numsegments, sumofweights, redchi2):
        self.status = "PASS"
        self.deltax, self.deltay, self.deltaz, self.deltaphix, self.deltaphiy, self.deltaphiz = deltax, deltay, deltaz, deltaphix, deltaphiy, deltaphiz
        self.loglikelihood, self.numsegments, self.sumofweights, self.redchi2 = loglikelihood, numsegments, sumofweights, redchi2

    def add_stats(self, median_x, median_y, median_dxdz, median_dydz, mean30_x, mean30_y, mean20_dxdz, mean50_dydz, mean15_x, mean15_y, mean10_dxdz, mean25_dydz, wmean30_x, wmean30_y, wmean20_dxdz, wmean50_dydz, wmean15_x, wmean15_y, wmean10_dxdz, wmean25_dydz, stdev30_x, stdev30_y, stdev20_dxdz, stdev50_dydz, stdev15_x, stdev15_y, stdev10_dxdz, stdev25_dydz):
        self.median_x, self.median_y, self.median_dxdz, self.median_dydz, self.mean30_x, self.mean30_y, self.mean20_dxdz, self.mean50_dydz, self.mean15_x, self.mean15_y, self.mean10_dxdz, self.mean25_dydz, self.wmean30_x, self.wmean30_y, self.wmean20_dxdz, self.wmean50_dydz, self.wmean15_x, self.wmean15_y, self.wmean10_dxdz, self.wmean25_dydz, self.stdev30_x, self.stdev30_y, self.stdev20_dxdz, self.stdev50_dydz, self.stdev15_x, self.stdev15_y, self.stdev10_dxdz, self.stdev25_dydz = median_x, median_y, median_dxdz, median_dydz, mean30_x, mean30_y, mean20_dxdz, mean50_dydz, mean15_x, mean15_y, mean10_dxdz, mean25_dydz, wmean30_x, wmean30_y, wmean20_dxdz, wmean50_dydz, wmean15_x, wmean15_y, wmean10_dxdz, wmean25_dydz, stdev30_x, stdev30_y, stdev20_dxdz, stdev50_dydz, stdev15_x, stdev15_y, stdev10_dxdz, stdev25_dydz

    def __repr__(self):
        return "<Report %s %s %s>" % (self.postal_address[0], " ".join(map(str, self.postal_address[1:])), self.status)

reports.append(Report(574914560, ("DT", -2, 1, 1), "MBwhAst1sec01"))
reports[-1].posNum = 13522
reports[-1].negNum = 0
reports[-1].fittype = "6DOF"
reports[-1].add_parameters(ValErr(0.000678632, 0.00749552, 0), \
                           ValErr(0.0146184, 0.0645547, 0), \
                           ValErr(-0.0206026, 0.0520123, 0), \
                           ValErr(0.000424455, 0.000172331, 0), \
                           ValErr(-0.000415406, 0.000185637, 0), \
                           ValErr(-0.000145578, 0.000119614, 0), \
                           -34122.5, 13522, 13522, -nan)
reports[-1].sigmax = ValErr(0.693748, 0.00421861, 0)
reports[-1].sigmay = ValErr(1.05258, 0.00640062, 0)
reports[-1].sigmadxdz = ValErr(0, 0, 0)
reports[-1].sigmadydz = ValErr(0, 0, 0)
reports[-1].add_stats(-0.00452307, -0.0189837, 4.39269e-05, -0.00794115, -0.00183193, -0.017095, 9.99786e-05, -0.00423305, -0.00183193, -0.017095, 9.99786e-05, -0.00423305, 0.00487401, -0.0208027, 4.97994e-05, -0.00447671, 0.00487401, -0.0208027, 4.97994e-05, -0.00447671, 0.693793, 1.053, 0.00354285, 0.0444979, 0.693793, 1.053, 0.00354285, 0.0444979)
reports[-1].CovMatrix = ['5.61829e-05','0.000271429','-0.000221401','3.89586e-07','-7.27578e-08','-1.60165e-07','6.9004e-09','3.90848e-08','0','0','0','0','0.000271429','0.00416731','-0.00332275','6.01333e-06','-9.82893e-07','8.73078e-08','-1.29586e-07','6.50796e-07','0','0','0','0','-0.000221401','-0.00332275','0.00270528','-4.6688e-06','7.08196e-07','-5.34229e-08','1.23597e-07','-5.13403e-07','0','0','0','0','3.89586e-07','6.01333e-06','-4.6688e-06','2.96978e-08','-4.13168e-10','1.64334e-09','1.85836e-09','-1.24586e-09','0','0','0','0','-7.27578e-08','-9.82893e-07','7.08196e-07','-4.13168e-10','3.4461e-08','1.14304e-08','1.54235e-09','-8.10668e-10','0','0','0','0','-1.60165e-07','8.73078e-08','-5.34229e-08','1.64334e-09','1.14304e-08','1.43075e-08','7.90053e-10','-1.81226e-10','0','0','0','0','6.9004e-09','-1.29586e-07','1.23597e-07','1.85836e-09','1.54235e-09','7.90053e-10','1.77967e-05','-2.49915e-10','0','0','0','0','3.90848e-08','6.50796e-07','-5.13403e-07','-1.24586e-09','-8.10668e-10','-1.81226e-10','-2.49915e-10','4.09681e-05','0','0','0','0','0','0','0','0','0','0','0','0','0','0','0','0','0','0','0','0','0','0','0','0','0','0','0','0','0','0','0','0','0','0','0','0','0','0','0','0','0','0','0','0','0','0','0','0','0','0','0','0']

reports.append(Report(575176704, ("DT", -2, 1, 2), "MBwhAst1sec02"))
reports[-1].posNum = 8482
reports[-1].negNum = 0
reports[-1].fittype = "6DOF"
reports[-1].add_parameters(ValErr(0.0240355, 0.0103069, 0), \
                           ValErr(-0.0573315, 0.0808994, 0), \
                           ValErr(0.0498625, 0.06536, 0), \
                           ValErr(0.00058994, 0.000217337, 0), \
                           ValErr(-0.000497448, 0.000247115, 0), \
                           ValErr(-0.000251198, 0.000155637, 0), \
                           -21213.4, 8482, 8482, -nan)
reports[-1].sigmax = ValErr(0.694908, 0.00533539, 0)
reports[-1].sigmay = ValErr(1.02746, 0.00788863, 0)
reports[-1].sigmadxdz = ValErr(0, 0, 0)
reports[-1].sigmadydz = ValErr(0, 0, 0)
reports[-1].add_stats(0.0278149, -0.0220017, -0.00106841, -0.00382156, 0.0226635, -0.0138487, -0.00104682, -0.000157643, 0.0226635, -0.0138487, -0.00104682, -0.000157643, 0.0227424, -0.0169962, -0.00106267, -0.000609049, 0.0227424, -0.0169962, -0.00106267, -0.000609049, 0.695033, 1.02841, 0.00350986, 0.0431604, 0.695033, 1.02841, 0.00350986, 0.0431604)
reports[-1].CovMatrix = ['0.000106232','0.00047873','-0.000390802','6.70738e-07','-3.8015e-07','-5.40717e-07','1.00921e-08','6.04463e-08','0','0','0','0','0.00047873','0.00654472','-0.00522727','9.66061e-06','-1.73659e-06','1.64505e-07','2.17468e-07','5.03626e-07','0','0','0','0','-0.000390802','-0.00522727','0.00427192','-7.14296e-06','1.4279e-06','-8.00629e-08','-1.26503e-07','-3.90964e-07','0','0','0','0','6.70738e-07','9.66061e-06','-7.14296e-06','4.72353e-08','-2.23373e-09','2.75631e-09','2.63704e-09','-1.02154e-09','0','0','0','0','-3.8015e-07','-1.73659e-06','1.4279e-06','-2.23373e-09','6.10657e-08','1.99808e-08','-1.96873e-09','5.32128e-09','0','0','0','0','-5.40717e-07','1.64505e-07','-8.00629e-08','2.75631e-09','1.99808e-08','2.4223e-08','1.09926e-09','-1.06494e-10','0','0','0','0','1.00921e-08','2.17468e-07','-1.26503e-07','2.63704e-09','-1.96873e-09','1.09926e-09','2.84664e-05','-4.38022e-10','0','0','0','0','6.04463e-08','5.03626e-07','-3.90964e-07','-1.02154e-09','5.32128e-09','-1.06494e-10','-4.38022e-10','6.22306e-05','0','0','0','0','0','0','0','0','0','0','0','0','0','0','0','0','0','0','0','0','0','0','0','0','0','0','0','0','0','0','0','0','0','0','0','0','0','0','0','0','0','0','0','0','0','0','0','0','0','0','0','0']

reports.append(Report(575438848, ("DT", -2, 1, 3), "MBwhAst1sec03"))
reports[-1].posNum = 6714
reports[-1].negNum = 0
reports[-1].fittype = "6DOF"
reports[-1].add_parameters(ValErr(-0.00195286, 0.0129017, 0), \
                           ValErr(-0.121078, 0.0910015, 0), \
                           ValErr(0.0966129, 0.0738822, 0), \
                           ValErr(0.000159196, 0.000233197, 0), \
                           ValErr(-0.00018296, 0.000261109, 0), \
                           ValErr(-0.00014625, 0.00016359, 0), \
                           -16442.8, 6714, 6714, -nan)
reports[-1].sigmax = ValErr(0.675204, 0.00582681, 0)
reports[-1].sigmay = ValErr(1.0039, 0.00866335, 0)
reports[-1].sigmadxdz = ValErr(0, 0, 0)
reports[-1].sigmadydz = ValErr(0, 0, 0)
reports[-1].add_stats(0.00901995, 0.00251997, 0.000958252, -0.00112238, 0.00690818, -0.0094394, 0.000961155, 0.00159342, 0.00690818, -0.0094394, 0.000961155, 0.00159342, 0.01101, -0.00518966, 0.000914255, 0.00130182, 0.01101, -0.00518966, 0.000914255, 0.00130182, 0.675354, 1.00412, 0.00350988, 0.0425267, 0.675354, 1.00412, 0.00350988, 0.0425267)
reports[-1].CovMatrix = ['0.000166455','0.000839534','-0.000683938','1.17037e-06','-3.76123e-07','-5.18263e-07','1.64938e-07','-1.03099e-07','0','0','0','0','0.000839534','0.00828126','-0.00664615','1.20659e-05','-1.74047e-06','1.80426e-07','1.04371e-06','-3.71779e-07','0','0','0','0','-0.000683938','-0.00664615','0.00545858','-9.1224e-06','2.23688e-06','-6.64555e-08','-8.23962e-07','4.02563e-07','0','0','0','0','1.17037e-06','1.20659e-05','-9.1224e-06','5.4381e-08','1.05615e-09','5.02268e-09','1.33316e-09','1.76206e-09','0','0','0','0','-3.76123e-07','-1.74047e-06','2.23688e-06','1.05615e-09','6.81781e-08','2.143e-08','1.60049e-09','1.14615e-09','0','0','0','0','-5.18263e-07','1.80426e-07','-6.64555e-08','5.02268e-09','2.143e-08','2.67617e-08','-4.86389e-10','2.61189e-09','0','0','0','0','1.64938e-07','1.04371e-06','-8.23962e-07','1.33316e-09','1.60049e-09','-4.86389e-10','3.39517e-05','-1.61086e-10','0','0','0','0','-1.03099e-07','-3.71779e-07','4.02563e-07','1.76206e-09','1.14615e-09','2.61189e-09','-1.61086e-10','7.50538e-05','0','0','0','0','0','0','0','0','0','0','0','0','0','0','0','0','0','0','0','0','0','0','0','0','0','0','0','0','0','0','0','0','0','0','0','0','0','0','0','0','0','0','0','0','0','0','0','0','0','0','0','0']

reports.append(Report(575700992, ("DT", -2, 1, 4), "MBwhAst1sec04"))
reports[-1].posNum = 13363
reports[-1].negNum = 0
reports[-1].fittype = "6DOF"
reports[-1].add_parameters(ValErr(0.0272348, 0.00763187, 0), \
                           ValErr(-0.0317184, 0.0659557, 0), \
                           ValErr(0.0419355, 0.0529965, 0), \
                           ValErr(0.00060472, 0.000169031, 0), \
                           ValErr(7.21079e-05, 0.000187615, 0), \
                           ValErr(-0.000272815, 0.00011765, 0), \
                           -33401.7, 13363, 13363, -nan)
reports[-1].sigmax = ValErr(0.689689, 0.00421877, 0)
reports[-1].sigmay = ValErr(1.03377, 0.00632354, 0)
reports[-1].sigmadxdz = ValErr(0, 0, 0)
reports[-1].sigmadydz = ValErr(0, 0, 0)
reports[-1].add_stats(0.0277305, 0.0159789, -0.000552361, -0.00634932, 0.0255497, 0.012893, -0.000550914, -0.00222022, 0.0255497, 0.012893, -0.000550914, -0.00222022, 0.023561, 0.00978809, -0.00055488, -0.00255324, 0.023561, 0.00978809, -0.00055488, -0.00255324, 0.689832, 1.03489, 0.00351908, 0.0455037, 0.689832, 1.03489, 0.00351908, 0.0455037)
reports[-1].CovMatrix = ['5.82454e-05','0.000294267','-0.000239072','4.20599e-07','-6.8145e-08','-1.43217e-07','2.5505e-08','1.50711e-08','0','0','0','0','0.000294267','0.00435016','-0.00346173','6.24813e-06','-9.33299e-07','2.00655e-07','1.34795e-07','2.82543e-07','0','0','0','0','-0.000239072','-0.00346173','0.00280863','-4.86861e-06','6.76541e-07','-1.4737e-07','-8.96638e-08','-2.1699e-07','0','0','0','0','4.20599e-07','6.24813e-06','-4.86861e-06','2.85714e-08','-6.21502e-10','1.80868e-09','2.29373e-09','-1.88386e-09','0','0','0','0','-6.8145e-08','-9.33299e-07','6.76541e-07','-6.21502e-10','3.51992e-08','1.11308e-08','8.57771e-10','2.26091e-10','0','0','0','0','-1.43217e-07','2.00655e-07','-1.4737e-07','1.80868e-09','1.11308e-08','1.38415e-08','5.79968e-10','1.18367e-10','0','0','0','0','2.5505e-08','1.34795e-07','-8.96638e-08','2.29373e-09','8.57771e-10','5.79968e-10','1.7798e-05','-2.22598e-10','0','0','0','0','1.50711e-08','2.82543e-07','-2.1699e-07','-1.88386e-09','2.26091e-10','1.18367e-10','-2.22598e-10','3.99872e-05','0','0','0','0','0','0','0','0','0','0','0','0','0','0','0','0','0','0','0','0','0','0','0','0','0','0','0','0','0','0','0','0','0','0','0','0','0','0','0','0','0','0','0','0','0','0','0','0','0','0','0','0']

reports.append(Report(575963136, ("DT", -2, 1, 5), "MBwhAst1sec05"))
reports[-1].posNum = 11592
reports[-1].negNum = 0
reports[-1].fittype = "6DOF"
reports[-1].add_parameters(ValErr(-0.0169947, 0.00876118, 0), \
                           ValErr(-0.16051, 0.0699405, 0), \
                           ValErr(0.164603, 0.0563807, 0), \
                           ValErr(0.000362902, 0.000181396, 0), \
                           ValErr(0.000514886, 0.000206549, 0), \
                           ValErr(0.000233344, 0.000126009, 0), \
                           -28524, 11592, 11592, -nan)
reports[-1].sigmax = ValErr(0.672845, 0.00441898, 0)
reports[-1].sigmay = ValErr(1.01921, 0.00669374, 0)
reports[-1].sigmadxdz = ValErr(0, 0, 0)
reports[-1].sigmadydz = ValErr(0, 0, 0)
reports[-1].add_stats(-0.00190862, 0.0305333, 0.000745568, -0.0062429, 0.000792389, 0.0301048, 0.00074613, -0.00104256, 0.000792389, 0.0301048, 0.00074613, -0.00104256, -0.00157239, 0.0246725, 0.000730613, -0.0012412, -0.00157239, 0.0246725, 0.000730613, -0.0012412, 0.673023, 1.02015, 0.00343374, 0.0466816, 0.673023, 1.02015, 0.00343374, 0.0466816)
reports[-1].CovMatrix = ['7.67584e-05','0.000401684','-0.000326581','5.51404e-07','-2.08968e-07','-2.94465e-07','3.83246e-08','3.74446e-09','0','0','0','0','0.000401684','0.00489168','-0.00390397','6.86981e-06','-1.93264e-06','-7.28656e-07','1.88102e-07','2.43305e-07','0','0','0','0','-0.000326581','-0.00390397','0.00317878','-5.25526e-06','1.72924e-06','6.30829e-07','-1.31442e-07','-1.69709e-07','0','0','0','0','5.51404e-07','6.86981e-06','-5.25526e-06','3.29046e-08','2.1922e-09','1.32938e-09','1.51363e-09','-3.44282e-10','0','0','0','0','-2.08968e-07','-1.93264e-06','1.72924e-06','2.1922e-09','4.26623e-08','1.3109e-08','1.72324e-09','-6.99127e-10','0','0','0','0','-2.94465e-07','-7.28656e-07','6.30829e-07','1.32938e-09','1.3109e-08','1.58783e-08','3.30186e-10','5.00045e-10','0','0','0','0','3.83246e-08','1.88102e-07','-1.31442e-07','1.51363e-09','1.72324e-09','3.30186e-10','1.95274e-05','-5.87174e-11','0','0','0','0','3.74446e-09','2.43305e-07','-1.69709e-07','-3.44282e-10','-6.99127e-10','5.00045e-10','-5.87174e-11','4.48062e-05','0','0','0','0','0','0','0','0','0','0','0','0','0','0','0','0','0','0','0','0','0','0','0','0','0','0','0','0','0','0','0','0','0','0','0','0','0','0','0','0','0','0','0','0','0','0','0','0','0','0','0','0']

reports.append(Report(576225280, ("DT", -2, 1, 6), "MBwhAst1sec06"))
reports[-1].posNum = 9688
reports[-1].negNum = 0
reports[-1].fittype = "6DOF"
reports[-1].add_parameters(ValErr(0.040556, 0.0105663, 0), \
                           ValErr(0.196905, 0.0766641, 0), \
                           ValErr(-0.164931, 0.0621548, 0), \
                           ValErr(0.000299899, 0.000209537, 0), \
                           ValErr(-0.000262305, 0.000225283, 0), \
                           ValErr(2.55225e-06, 0.000153667, 0), \
                           -24216.8, 9688, 9688, -nan)
reports[-1].sigmax = ValErr(0.704394, 0.0050604, 0)
reports[-1].sigmay = ValErr(1.01228, 0.00727233, 0)
reports[-1].sigmadxdz = ValErr(0, 0, 0)
reports[-1].sigmadydz = ValErr(0, 0, 0)
reports[-1].add_stats(0.0158692, -0.0149845, 0.000132579, -0.00583712, 0.0240764, -0.00400184, 0.000111355, -0.00128342, 0.0240764, -0.00400184, 0.000111355, -0.00128342, 0.0198177, -0.0053248, 0.000115113, -0.00217939, 0.0198177, -0.0053248, 0.000115113, -0.00217939, 0.704662, 1.01234, 0.00354507, 0.0433008, 0.704662, 1.01234, 0.00354507, 0.0433008)
reports[-1].CovMatrix = ['0.000111646','0.00052001','-0.00042508','7.16239e-07','-4.51608e-07','-6.05195e-07','3.01335e-08','3.02339e-08','0','0','0','0','0.00052001','0.00587738','-0.00471091','8.60203e-06','-1.96894e-06','-6.35672e-07','-2.74054e-07','1.12704e-06','0','0','0','0','-0.00042508','-0.00471091','0.00386321','-6.28622e-06','1.85874e-06','5.91461e-07','2.11868e-07','-8.08214e-07','0','0','0','0','7.16239e-07','8.60203e-06','-6.28622e-06','4.3906e-08','1.16747e-09','2.12204e-09','-1.48136e-09','4.91651e-09','0','0','0','0','-4.51608e-07','-1.96894e-06','1.85874e-06','1.16747e-09','5.07524e-08','1.92738e-08','2.62191e-09','-1.4328e-09','0','0','0','0','-6.05195e-07','-6.35672e-07','5.91461e-07','2.12204e-09','1.92738e-08','2.36136e-08','-5.22562e-10','2.13795e-09','0','0','0','0','3.01335e-08','-2.74054e-07','2.11868e-07','-1.48136e-09','2.62191e-09','-5.22562e-10','2.56077e-05','-4.70017e-10','0','0','0','0','3.02339e-08','1.12704e-06','-8.08214e-07','4.91651e-09','-1.4328e-09','2.13795e-09','-4.70017e-10','5.28869e-05','0','0','0','0','0','0','0','0','0','0','0','0','0','0','0','0','0','0','0','0','0','0','0','0','0','0','0','0','0','0','0','0','0','0','0','0','0','0','0','0','0','0','0','0','0','0','0','0','0','0','0','0']

reports.append(Report(576487424, ("DT", -2, 1, 7), "MBwhAst1sec07"))
reports[-1].posNum = 15679
reports[-1].negNum = 0
reports[-1].fittype = "6DOF"
reports[-1].add_parameters(ValErr(0.000102567, 0.00720077, 0), \
                           ValErr(0.0987711, 0.061653, 0), \
                           ValErr(-0.0684119, 0.0497627, 0), \
                           ValErr(0.000233681, 0.000164679, 0), \
                           ValErr(-0.00119657, 0.000180821, 0), \
                           ValErr(-0.000538293, 0.000113608, 0), \
                           -39436.4, 15679, 15679, -nan)
reports[-1].sigmax = ValErr(0.690201, 0.00389764, 0)
reports[-1].sigmay = ValErr(1.04931, 0.00592559, 0)
reports[-1].sigmadxdz = ValErr(0, 0, 0)
reports[-1].sigmadydz = ValErr(0, 0, 0)
reports[-1].add_stats(-0.00973856, 0.0140563, -0.00315273, -0.00273892, -0.00984752, 0.0105094, -0.00318647, 0.00107494, -0.00984752, 0.0105094, -0.00318647, 0.00107494, -0.00714672, 0.00664543, -0.00321405, 0.000822648, -0.00714672, 0.00664543, -0.00321405, 0.000822648, 0.690753, 1.0501, 0.00350934, 0.044672, 0.690753, 1.0501, 0.00350934, 0.044672)
reports[-1].CovMatrix = ['5.18512e-05','0.000265201','-0.000216411','3.8153e-07','-8.19017e-08','-1.48383e-07','7.85674e-09','3.42418e-08','0','0','0','0','0.000265201','0.00380109','-0.00303778','5.5396e-06','-8.1845e-07','2.33536e-07','5.43682e-08','3.55099e-07','0','0','0','0','-0.000216411','-0.00303778','0.00247633','-4.28641e-06','6.00857e-07','-1.72393e-07','-5.20929e-08','-2.38174e-07','0','0','0','0','3.8153e-07','5.5396e-06','-4.28641e-06','2.71191e-08','-5.48934e-10','1.86565e-09','-8.6901e-10','2.78717e-09','0','0','0','0','-8.19017e-08','-8.1845e-07','6.00857e-07','-5.48934e-10','3.26961e-08','1.03791e-08','-6.72132e-10','2.3713e-09','0','0','0','0','-1.48383e-07','2.33536e-07','-1.72393e-07','1.86565e-09','1.03791e-08','1.29068e-08','5.51489e-10','5.94744e-11','0','0','0','0','7.85674e-09','5.43682e-08','-5.20929e-08','-8.6901e-10','-6.72132e-10','5.51489e-10','1.51916e-05','-2.35796e-10','0','0','0','0','3.42418e-08','3.55099e-07','-2.38174e-07','2.78717e-09','2.3713e-09','5.94744e-11','-2.35796e-10','3.51127e-05','0','0','0','0','0','0','0','0','0','0','0','0','0','0','0','0','0','0','0','0','0','0','0','0','0','0','0','0','0','0','0','0','0','0','0','0','0','0','0','0','0','0','0','0','0','0','0','0','0','0','0','0']

reports.append(Report(576749568, ("DT", -2, 1, 8), "MBwhAst1sec08"))
reports[-1].posNum = 13039
reports[-1].negNum = 0
reports[-1].fittype = "6DOF"
reports[-1].add_parameters(ValErr(0.0060245, 0.00782698, 0), \
                           ValErr(0.0849062, 0.0657762, 0), \
                           ValErr(-0.0833733, 0.0531117, 0), \
                           ValErr(5.14101e-05, 0.000174911, 0), \
                           ValErr(0.000325254, 0.00019219, 0), \
                           ValErr(1.10438e-08, 0.000122431, 0), \
                           -32291.3, 13039, 13039, -nan)
reports[-1].sigmax = ValErr(0.680038, 0.0042134, 0)
reports[-1].sigmay = ValErr(1.02454, 0.00634146, 0)
reports[-1].sigmadxdz = ValErr(0, 0, 0)
reports[-1].sigmadydz = ValErr(0, 0, 0)
reports[-1].add_stats(-0.00804402, -0.016713, 0.0011288, 0.00133929, -0.0027908, -0.0154334, 0.00112234, 0.00755046, -0.0027908, -0.0154334, 0.00112234, 0.00755046, -0.00338603, -0.0265367, 0.0010839, 0.00737772, -0.00338603, -0.0265367, 0.0010839, 0.00737772, 0.680095, 1.02476, 0.00365671, 0.0418888, 0.680095, 1.02476, 0.00365671, 0.0418888)
reports[-1].CovMatrix = ['6.12617e-05','0.000307926','-0.00025127','4.30256e-07','-1.432e-07','-2.32934e-07','-9.13731e-08','-9.22176e-08','0','0','0','0','0.000307926','0.0043265','-0.00345853','6.18239e-06','-1.38124e-06','-3.46457e-07','-1.04436e-06','-1.27861e-06','0','0','0','0','-0.00025127','-0.00345853','0.00282086','-4.75375e-06','1.13541e-06','3.12558e-07','8.42513e-07','1.03566e-06','0','0','0','0','4.30256e-07','6.18239e-06','-4.75375e-06','3.05937e-08','1.01031e-09','1.43535e-09','-2.19976e-09','3.77854e-11','0','0','0','0','-1.432e-07','-1.38124e-06','1.13541e-06','1.01031e-09','3.69368e-08','1.23364e-08','1.32734e-09','-7.44984e-10','0','0','0','0','-2.32934e-07','-3.46457e-07','3.12558e-07','1.43535e-09','1.23364e-08','1.49893e-08','1.28247e-09','-5.69092e-10','0','0','0','0','-9.13731e-08','-1.04436e-06','8.42513e-07','-2.19976e-09','1.32734e-09','1.28247e-09','1.77528e-05','-1.23052e-08','0','0','0','0','-9.22176e-08','-1.27861e-06','1.03566e-06','3.77854e-11','-7.44984e-10','-5.69092e-10','-1.23052e-08','4.02142e-05','0','0','0','0','0','0','0','0','0','0','0','0','0','0','0','0','0','0','0','0','0','0','0','0','0','0','0','0','0','0','0','0','0','0','0','0','0','0','0','0','0','0','0','0','0','0','0','0','0','0','0','0']

reports.append(Report(577011712, ("DT", -2, 1, 9), "MBwhAst1sec09"))
reports[-1].posNum = 6649
reports[-1].negNum = 0
reports[-1].fittype = "6DOF"
reports[-1].add_parameters(ValErr(-0.00578636, 0.0100406, 0), \
                           ValErr(-0.0586868, 0.0907473, 0), \
                           ValErr(0.016655, 0.073157, 0), \
                           ValErr(0.000277437, 0.000228608, 0), \
                           ValErr(0.000145166, 0.000246393, 0), \
                           ValErr(1.32465e-05, 0.000156378, 0), \
                           -16507.5, 6649, 6649, -nan)
reports[-1].sigmax = ValErr(0.685852, 0.00594757, 0)
reports[-1].sigmay = ValErr(1.02216, 0.00886398, 0)
reports[-1].sigmadxdz = ValErr(0, 0, 0)
reports[-1].sigmadydz = ValErr(0, 0, 0)
reports[-1].add_stats(0.00839137, -0.034307, 5.63994e-05, -0.00327053, -0.00548974, -0.0382368, 7.66918e-05, 0.000722424, -0.00548974, -0.0382368, 7.66918e-05, 0.000722424, -0.00621814, -0.0360583, 7.87508e-05, 0.000687177, -0.00621814, -0.0360583, 7.87508e-05, 0.000687177, 0.685887, 1.02237, 0.00348826, 0.0447501, 0.685887, 1.02237, 0.00348826, 0.0447501)
reports[-1].CovMatrix = ['0.000100813','0.000477177','-0.000390071','7.13903e-07','9.70962e-08','-2.44258e-08','1.03521e-07','-4.92626e-08','0','0','0','0','0.000477177','0.00823508','-0.00657308','1.20204e-05','-6.48934e-07','1.68885e-06','1.08155e-06','-6.73887e-07','0','0','0','0','-0.000390071','-0.00657308','0.00535195','-9.63437e-06','1.60524e-07','-1.3714e-06','-8.86748e-07','6.21618e-07','0','0','0','0','7.13903e-07','1.20204e-05','-9.63437e-06','5.22616e-08','-3.17589e-09','4.82825e-09','-1.35548e-09','4.70538e-09','0','0','0','0','9.70962e-08','-6.48934e-07','1.60524e-07','-3.17589e-09','6.07096e-08','1.89453e-08','-1.54725e-09','4.9981e-09','0','0','0','0','-2.44258e-08','1.68885e-06','-1.3714e-06','4.82825e-09','1.89453e-08','2.44542e-08','-1.13227e-09','3.73292e-09','0','0','0','0','1.03521e-07','1.08155e-06','-8.86748e-07','-1.35548e-09','-1.54725e-09','-1.13227e-09','3.53737e-05','-8.14046e-10','0','0','0','0','-4.92626e-08','-6.73887e-07','6.21618e-07','4.70538e-09','4.9981e-09','3.73292e-09','-8.14046e-10','7.85704e-05','0','0','0','0','0','0','0','0','0','0','0','0','0','0','0','0','0','0','0','0','0','0','0','0','0','0','0','0','0','0','0','0','0','0','0','0','0','0','0','0','0','0','0','0','0','0','0','0','0','0','0','0']

reports.append(Report(577273856, ("DT", -2, 1, 10), "MBwhAst1sec10"))
reports[-1].posNum = 6636
reports[-1].negNum = 0
reports[-1].fittype = "6DOF"
reports[-1].add_parameters(ValErr(0.00900019, 0.0109597, 0), \
                           ValErr(0.236208, 0.0981429, 0), \
                           ValErr(-0.176451, 0.0793036, 0), \
                           ValErr(0.000289281, 0.000236827, 0), \
                           ValErr(0.000402069, 0.000265924, 0), \
                           ValErr(-9.67126e-05, 0.000156159, 0), \
                           -16665.3, 6636, 6636, -nan)
reports[-1].sigmax = ValErr(0.689982, 0.0059892, 0)
reports[-1].sigmay = ValErr(1.04556, 0.0090757, 0)
reports[-1].sigmadxdz = ValErr(0, 0, 0)
reports[-1].sigmadydz = ValErr(0, 0, 0)
reports[-1].add_stats(-0.0112406, 0.0252207, 0.000426806, 0.000879021, -0.00753553, 0.0212735, 0.000393525, 0.00404949, -0.00753553, 0.0212735, 0.000393525, 0.00404949, -0.000285708, 0.0239541, 0.000362885, 0.00408151, -0.000285708, 0.0239541, 0.000362885, 0.00408151, 0.690353, 1.04585, 0.00361117, 0.0427515, 0.690353, 1.04585, 0.00361117, 0.0427515)
reports[-1].CovMatrix = ['0.000120116','0.00065994','-0.000538828','9.92499e-07','2.68508e-07','2.46501e-07','1.0623e-07','-1.3816e-08','0','0','0','0','0.00065994','0.00963202','-0.0077141','1.36668e-05','-1.67111e-06','1.02145e-06','1.06383e-06','-6.32169e-07','0','0','0','0','-0.000538828','-0.0077141','0.00628907','-1.14688e-05','1.1974e-06','-8.66281e-07','-8.60932e-07','5.61319e-07','0','0','0','0','9.92499e-07','1.36668e-05','-1.14688e-05','5.60873e-08','-1.92393e-09','4.6698e-09','2.08773e-09','-5.05903e-10','0','0','0','0','2.68508e-07','-1.67111e-06','1.1974e-06','-1.92393e-09','7.07157e-08','1.93713e-08','-3.15467e-09','7.98184e-09','0','0','0','0','2.46501e-07','1.02145e-06','-8.66281e-07','4.6698e-09','1.93713e-08','2.43857e-08','1.31399e-09','1.7102e-10','0','0','0','0','1.0623e-07','1.06383e-06','-8.60932e-07','2.08773e-09','-3.15467e-09','1.31399e-09','3.58706e-05','-6.13939e-10','0','0','0','0','-1.3816e-08','-6.32169e-07','5.61319e-07','-5.05903e-10','7.98184e-09','1.7102e-10','-6.13939e-10','8.23686e-05','0','0','0','0','0','0','0','0','0','0','0','0','0','0','0','0','0','0','0','0','0','0','0','0','0','0','0','0','0','0','0','0','0','0','0','0','0','0','0','0','0','0','0','0','0','0','0','0','0','0','0','0']

reports.append(Report(577536000, ("DT", -2, 1, 11), "MBwhAst1sec11"))
reports[-1].posNum = 7494
reports[-1].negNum = 0
reports[-1].fittype = "6DOF"
reports[-1].add_parameters(ValErr(0.0118868, 0.0107195, 0), \
                           ValErr(0.0689059, 0.0911156, 0), \
                           ValErr(-0.0828982, 0.0736776, 0), \
                           ValErr(-9.0168e-05, 0.00022197, 0), \
                           ValErr(-0.00021717, 0.000256737, 0), \
                           ValErr(-4.84515e-05, 0.000149027, 0), \
                           -18716.8, 7494, 7494, -nan)
reports[-1].sigmax = ValErr(0.68865, 0.00562507, 0)
reports[-1].sigmay = ValErr(1.03325, 0.00843984, 0)
reports[-1].sigmadxdz = ValErr(0, 0, 0)
reports[-1].sigmadydz = ValErr(0, 0, 0)
reports[-1].add_stats(0.0103146, -0.0440551, 0.000211967, -0.00409875, 0.00460163, -0.0323559, 0.00020923, 0.00197678, 0.00460163, -0.0323559, 0.00020923, 0.00197678, -0.00181596, -0.0341582, 0.000195717, 0.0013361, -0.00181596, -0.0341582, 0.000195717, 0.0013361, 0.688685, 1.03345, 0.00365364, 0.0447302, 0.688685, 1.03345, 0.00365364, 0.0447302)
reports[-1].CovMatrix = ['0.000114909','0.000642014','-0.000523404','9.47787e-07','6.97718e-08','2.19316e-08','8.90596e-08','-8.30193e-09','0','0','0','0','0.000642014','0.00830204','-0.00665528','1.19479e-05','-1.3842e-06','9.71469e-07','7.97153e-07','-2.32555e-07','0','0','0','0','-0.000523404','-0.00665528','0.00542838','-9.72724e-06','1.18103e-06','-7.93868e-07','-6.5187e-07','2.57736e-07','0','0','0','0','9.47787e-07','1.19479e-05','-9.72724e-06','4.92708e-08','-1.31494e-09','4.64851e-09','1.71073e-10','2.41315e-09','0','0','0','0','6.97718e-08','-1.3842e-06','1.18103e-06','-1.31494e-09','6.59139e-08','1.75021e-08','4.62978e-10','2.14571e-09','0','0','0','0','2.19316e-08','9.71469e-07','-7.93868e-07','4.64851e-09','1.75021e-08','2.2209e-08','1.75447e-09','-8.3623e-10','0','0','0','0','8.90596e-08','7.97153e-07','-6.5187e-07','1.71073e-10','4.62978e-10','1.75447e-09','3.16415e-05','-2.53836e-10','0','0','0','0','-8.30193e-09','-2.32555e-07','2.57736e-07','2.41315e-09','2.14571e-09','-8.3623e-10','-2.53836e-10','7.12311e-05','0','0','0','0','0','0','0','0','0','0','0','0','0','0','0','0','0','0','0','0','0','0','0','0','0','0','0','0','0','0','0','0','0','0','0','0','0','0','0','0','0','0','0','0','0','0','0','0','0','0','0','0']

reports.append(Report(577798144, ("DT", -2, 1, 12), "MBwhAst1sec12"))
reports[-1].posNum = 12356
reports[-1].negNum = 0
reports[-1].fittype = "6DOF"
reports[-1].add_parameters(ValErr(-0.00326291, 0.00781623, 0), \
                           ValErr(0.0595001, 0.0714602, 0), \
                           ValErr(-0.0603753, 0.057616, 0), \
                           ValErr(0.000155075, 0.000183246, 0), \
                           ValErr(-0.000495882, 0.000206243, 0), \
                           ValErr(-0.000197777, 0.000128773, 0), \
                           -31016.3, 12356, 12356, -nan)
reports[-1].sigmax = ValErr(0.699643, 0.00444985, 0)
reports[-1].sigmay = ValErr(1.02997, 0.00655247, 0)
reports[-1].sigmadxdz = ValErr(0, 0, 0)
reports[-1].sigmadydz = ValErr(0, 0, 0)
reports[-1].add_stats(-0.0137334, -0.0149523, -0.000843664, -0.00400923, -0.00968344, -0.0195681, -0.000836173, -0.000327113, -0.00968344, -0.0195681, -0.000836173, -0.000327113, -0.0084637, -0.0253264, -0.000847967, -0.000275365, -0.0084637, -0.0253264, -0.000847967, -0.000275365, 0.699752, 1.0301, 0.00354226, 0.0442987, 0.699752, 1.0301, 0.00354226, 0.0442987)
reports[-1].CovMatrix = ['6.10935e-05','0.000289321','-0.000236657','4.10899e-07','-1.50106e-07','-2.57394e-07','-6.32141e-08','-9.42564e-09','0','0','0','0','0.000289321','0.00510655','-0.00407748','7.39951e-06','-1.21691e-06','1.37804e-07','-1.20051e-06','-2.25817e-08','0','0','0','0','-0.000236657','-0.00407748','0.00331961','-5.68481e-06','6.78352e-07','-8.69884e-08','1.02181e-06','1.61658e-08','0','0','0','0','4.10899e-07','7.39951e-06','-5.68481e-06','3.35789e-08','-4.48676e-10','1.67554e-09','3.59703e-10','-2.15214e-09','0','0','0','0','-1.50106e-07','-1.21691e-06','6.78352e-07','-4.48676e-10','4.2536e-08','1.34521e-08','8.57741e-10','-1.95434e-09','0','0','0','0','-2.57394e-07','1.37804e-07','-8.69884e-08','1.67554e-09','1.34521e-08','1.65825e-08','-1.95531e-10','2.19861e-10','0','0','0','0','-6.32141e-08','-1.20051e-06','1.02181e-06','3.59703e-10','8.57741e-10','-1.95531e-10','1.98012e-05','-3.56204e-09','0','0','0','0','-9.42564e-09','-2.25817e-08','1.61658e-08','-2.15214e-09','-1.95434e-09','2.19861e-10','-3.56204e-09','4.29349e-05','0','0','0','0','0','0','0','0','0','0','0','0','0','0','0','0','0','0','0','0','0','0','0','0','0','0','0','0','0','0','0','0','0','0','0','0','0','0','0','0','0','0','0','0','0','0','0','0','0','0','0','0']

reports.append(Report(579108864, ("DT", -2, 2, 1), "MBwhAst2sec01"))
reports[-1].posNum = 18999
reports[-1].negNum = 0
reports[-1].fittype = "6DOF"
reports[-1].add_parameters(ValErr(-0.00775398, 0.0069472, 0), \
                           ValErr(-0.0930841, 0.0563408, 0), \
                           ValErr(0.0799316, 0.0538383, 0), \
                           ValErr(9.77306e-05, 0.000207231, 0), \
                           ValErr(-0.000423466, 0.00019778, 0), \
                           ValErr(-0.000210903, 0.000139127, 0), \
                           -55658.3, 18999, 18999, -nan)
reports[-1].sigmax = ValErr(0.894147, 0.00458702, 0)
reports[-1].sigmay = ValErr(1.22574, 0.00628815, 0)
reports[-1].sigmadxdz = ValErr(0, 0, 0)
reports[-1].sigmadydz = ValErr(0, 0, 0)
reports[-1].add_stats(-0.0107841, -0.00992369, -0.0013083, -0.00109363, -0.0108492, -0.0124704, -0.00131901, -0.000905373, -0.0108492, -0.0124704, -0.00131901, -0.000905373, -0.00869015, -0.0204675, -0.00133686, -0.000941871, -0.00869015, -0.0204675, -0.00133686, -0.000941871, 0.894227, 1.22589, 0.00377479, 0.0245877, 0.894227, 1.22589, 0.00377479, 0.0245877)
reports[-1].CovMatrix = ['4.82635e-05','-0.000109744','0.000106574','-1.86909e-07','-2.90197e-08','-1.64552e-07','7.02047e-09','1.45331e-08','0','0','0','0','-0.000109744','0.00317429','-0.00299326','5.40937e-06','6.26074e-07','1.64365e-07','-3.88771e-08','2.04787e-07','0','0','0','0','0.000106574','-0.00299326','0.00289857','-4.87722e-06','-5.57857e-07','-1.70572e-07','1.83272e-08','-1.12697e-07','0','0','0','0','-1.86909e-07','5.40937e-06','-4.87722e-06','4.29448e-08','3.83992e-10','-7.0661e-10','-1.28931e-09','3.05538e-09','0','0','0','0','-2.90197e-08','6.26074e-07','-5.57857e-07','3.83992e-10','3.91171e-08','1.85431e-08','-2.05653e-09','5.23003e-09','0','0','0','0','-1.64552e-07','1.64365e-07','-1.70572e-07','-7.0661e-10','1.85431e-08','1.93562e-08','3.76295e-10','1.01819e-09','0','0','0','0','7.02047e-09','-3.88771e-08','1.83272e-08','-1.28931e-09','-2.05653e-09','3.76295e-10','2.10408e-05','-5.59374e-10','0','0','0','0','1.45331e-08','2.04787e-07','-1.12697e-07','3.05538e-09','5.23003e-09','1.01819e-09','-5.59374e-10','3.95409e-05','0','0','0','0','0','0','0','0','0','0','0','0','0','0','0','0','0','0','0','0','0','0','0','0','0','0','0','0','0','0','0','0','0','0','0','0','0','0','0','0','0','0','0','0','0','0','0','0','0','0','0','0']

reports.append(Report(579371008, ("DT", -2, 2, 2), "MBwhAst2sec02"))
reports[-1].posNum = 16561
reports[-1].negNum = 0
reports[-1].fittype = "6DOF"
reports[-1].add_parameters(ValErr(0.0426564, 0.00782921, 0), \
                           ValErr(-0.0793752, 0.0600096, 0), \
                           ValErr(0.103287, 0.057354, 0), \
                           ValErr(3.07959e-05, 0.00022792, 0), \
                           ValErr(-0.000375299, 0.000211063, 0), \
                           ValErr(-0.000237746, 0.000152495, 0), \
                           -48454, 16561, 16561, -nan)
reports[-1].sigmax = ValErr(0.894506, 0.00491386, 0)
reports[-1].sigmay = ValErr(1.22066, 0.00669827, 0)
reports[-1].sigmadxdz = ValErr(0, 0, 0)
reports[-1].sigmadydz = ValErr(0, 0, 0)
reports[-1].add_stats(0.033428, 0.0383438, -0.0012976, 0.0117081, 0.0358364, 0.0237401, -0.00128711, 0.0128494, 0.0358364, 0.0237401, -0.00128711, 0.0128494, 0.0347311, 0.0312633, -0.00126033, 0.0127104, 0.0347311, 0.0312633, -0.00126033, 0.0127104, 0.894624, 1.22075, 0.0037793, 0.0276867, 0.894624, 1.22075, 0.0037793, 0.0276867)
reports[-1].CovMatrix = ['6.12965e-05','-0.000171211','0.000165581','-2.83564e-07','-1.61924e-07','-3.21379e-07','-7.76248e-08','9.34708e-08','0','0','0','0','-0.000171211','0.00360115','-0.00339347','6.22108e-06','1.1175e-06','6.77213e-07','9.60333e-07','1.90386e-07','0','0','0','0','0.000165581','-0.00339347','0.00328948','-5.38087e-06','-1.19871e-06','-6.94718e-07','-9.68574e-07','-1.54718e-07','0','0','0','0','-2.83564e-07','6.22108e-06','-5.38087e-06','5.19477e-08','-2.33034e-09','-1.03146e-09','6.88958e-10','-7.73031e-11','0','0','0','0','-1.61924e-07','1.1175e-06','-1.19871e-06','-2.33034e-09','4.45475e-08','2.21439e-08','-3.17847e-09','4.95931e-10','0','0','0','0','-3.21379e-07','6.77213e-07','-6.94718e-07','-1.03146e-09','2.21439e-08','2.32548e-08','1.57554e-09','6.73622e-11','0','0','0','0','-7.76248e-08','9.60333e-07','-9.68574e-07','6.88958e-10','-3.17847e-09','1.57554e-09','2.41461e-05','-4.59219e-08','0','0','0','0','9.34708e-08','1.90386e-07','-1.54718e-07','-7.73031e-11','4.95931e-10','6.73622e-11','-4.59219e-08','4.48669e-05','0','0','0','0','0','0','0','0','0','0','0','0','0','0','0','0','0','0','0','0','0','0','0','0','0','0','0','0','0','0','0','0','0','0','0','0','0','0','0','0','0','0','0','0','0','0','0','0','0','0','0','0']

reports.append(Report(579633152, ("DT", -2, 2, 3), "MBwhAst2sec03"))
reports[-1].posNum = 16011
reports[-1].negNum = 0
reports[-1].fittype = "6DOF"
reports[-1].add_parameters(ValErr(0.0199963, 0.00774581, 0), \
                           ValErr(-0.134058, 0.0601123, 0), \
                           ValErr(0.118696, 0.0571917, 0), \
                           ValErr(-0.000112715, 0.000234219, 0), \
                           ValErr(-0.000137879, 0.000220238, 0), \
                           ValErr(-0.00014922, 0.000158646, 0), \
                           -46465.8, 16011, 16011, -nan)
reports[-1].sigmax = ValErr(0.878661, 0.0049114, 0)
reports[-1].sigmay = ValErr(1.2136, 0.00678187, 0)
reports[-1].sigmadxdz = ValErr(0, 0, 0)
reports[-1].sigmadydz = ValErr(0, 0, 0)
reports[-1].add_stats(0.0210029, -0.024949, -0.000329608, -9.19953e-05, 0.0129725, -0.0125268, -0.000304683, 3.16485e-05, 0.0129725, -0.0125268, -0.000304683, 3.16485e-05, 0.017592, -0.0118413, -0.000317068, -0.000126349, 0.017592, -0.0118413, -0.000317068, -0.000126349, 0.878804, 1.2136, 0.0036768, 0.0226739, 0.878804, 1.2136, 0.0036768, 0.0226739)
reports[-1].CovMatrix = ['5.99976e-05','-0.000146043','0.000140968','-2.40618e-07','-1.92213e-07','-3.54342e-07','-1.56538e-07','9.71347e-09','0','0','0','0','-0.000146043','0.00361349','-0.00338789','6.31166e-06','9.14973e-07','3.76642e-07','9.44195e-07','-1.87714e-07','0','0','0','0','0.000140968','-0.00338789','0.00327089','-5.36605e-06','-8.89534e-07','-3.93769e-07','-1.01367e-06','3.90225e-07','0','0','0','0','-2.40618e-07','6.31166e-06','-5.36605e-06','5.48586e-08','-4.49268e-10','-1.10249e-09','-2.97876e-09','3.26168e-09','0','0','0','0','-1.92213e-07','9.14973e-07','-8.89534e-07','-4.49268e-10','4.85048e-08','2.42162e-08','2.51472e-09','6.50994e-10','0','0','0','0','-3.54342e-07','3.76642e-07','-3.93769e-07','-1.10249e-09','2.42162e-08','2.51686e-08','3.36277e-09','-9.59315e-10','0','0','0','0','-1.56538e-07','9.44195e-07','-1.01367e-06','-2.97876e-09','2.51472e-09','3.36277e-09','2.41219e-05','1.28259e-08','0','0','0','0','9.71347e-09','-1.87714e-07','3.90225e-07','3.26168e-09','6.50994e-10','-9.59315e-10','1.28259e-08','4.59939e-05','0','0','0','0','0','0','0','0','0','0','0','0','0','0','0','0','0','0','0','0','0','0','0','0','0','0','0','0','0','0','0','0','0','0','0','0','0','0','0','0','0','0','0','0','0','0','0','0','0','0','0','0']

reports.append(Report(579895296, ("DT", -2, 2, 4), "MBwhAst2sec04"))
reports[-1].posNum = 18950
reports[-1].negNum = 0
reports[-1].fittype = "6DOF"
reports[-1].add_parameters(ValErr(0.0498784, 0.00710749, 0), \
                           ValErr(-0.168684, 0.0575542, 0), \
                           ValErr(0.192209, 0.0548232, 0), \
                           ValErr(-0.000358418, 0.000209325, 0), \
                           ValErr(-0.000297791, 0.000197105, 0), \
                           ValErr(0.000167295, 0.00014016, 0), \
                           -55568, 18950, 18950, -nan)
reports[-1].sigmax = ValErr(0.899063, 0.00457621, 0)
reports[-1].sigmay = ValErr(1.22247, 0.00629188, 0)
reports[-1].sigmadxdz = ValErr(0, 0, 0)
reports[-1].sigmadydz = ValErr(0, 0, 0)
reports[-1].add_stats(0.0500935, 0.0377822, 0.000643369, 0.00227252, 0.0460847, 0.0307747, 0.000671443, 0.00234744, 0.0460847, 0.0307747, 0.000671443, 0.00234744, 0.0494902, 0.0298735, 0.000661067, 0.0023657, 0.0494902, 0.0298735, 0.000661067, 0.0023657, 0.899345, 1.22282, 0.00376062, 0.0244325, 0.899345, 1.22282, 0.00376062, 0.0244325)
